1 114 1665 1668
2 156 1309 1293
3 236 811 814
4 240 781 788
5 230 1078 1096
6 76 1932 1934
7 64 2010 2008
8 61 2020 2019
9 12 2373 2375
10 25 2276 2271
11 147 1417 1415
12 158 1242 1255
13 139 1472 1470
14 150 1414 1409
15 147 1421 1417
16 138 1498 1507
17 110 1693 1696
18 160 1227 1205
19 160 1212 1243
20 163 1086 1103
21 157 1197 1165
22 172 1037 1023
23 166 1131 1155
24 177 841 834
25 186 973 933
26 229 1020 1004
27 242 765 772
28 240 790 781
29 182 959 913
30 10 2387 2389
31 192 1016 991
32 212 1368 1393
33 190 1001 967
34 129 1539 1534
35 95 1781 1782
36 124 1598 1596
37 128 1568 1572
38 142 1471 1474
39 99 1751 1746
40 84 1876 1878
41 83 1865 1863
42 90 1830 1835
43 79 1898 1896
44 66 1995 1999
45 35 2208 2206
46 67 1984 1980
47 72 1957 1960
48 61 2026 2024
49 13 2356 2355
50 7 2402 2398
51 9 2390 2388
52 12 2375 2379
53 225 1141 1121
54 5 2412 2411
55 226 1191 1189
56 151 1360 1318
57 153 1314 1299
58 151 1351 1371
59 147 1415 1410
60 148 1429 1431
61 145 1435 1434
62 146 1443 1445
63 143 1449 1448
64 141 1462 1458
65 130 1554 1558
66 125 1571 1567
67 132 1544 1549
68 123 1581 1576
69 130 1558 1563
70 121 1597 1599
71 135 1499 1501
72 131 1529 1525
73 139 1473 1478
74 133 1513 1515
75 136 1516 1521
76 137 1486 1490
77 139 1478 1477
78 161 1136 1127
79 159 1166 1135
80 154 1366 1354
81 153 1282 1256
82 171 975 965
83 167 1021 1040
84 170 1059 1067
85 165 1071 1065
86 165 1052 1071
87 189 888 857
88 175 830 854
89 170 1067 1091
90 180 953 908
91 183 849 850
92 183 850 822
93 169 1006 963
94 179 837 838
95 179 838 817
96 175 854 823
97 173 898 889
98 171 945 900
99 177 834 815
100 184 919 918
101 186 933 928
102 188 947 944
103 188 990 947
104 192 991 983
105 194 1043 1017
106 196 1053 1046
107 198 1082 1097
108 234 879 899
109 210 1356 1372
110 199 1077 1064
111 194 1017 1010
112 230 1062 1078
113 200 1116 1110
114 234 899 939
115 236 814 832
116 243 737 745
117 244 769 783
118 245 750 751
119 245 740 750
120 238 799 797
121 235 798 792
122 235 802 798
123 231 926 929
124 222 1335 1323
125 219 1281 1249
126 220 1344 1348
127 223 1202 1183
128 221 1247 1229
129 224 1251 1250
130 220 1365 1340
131 218 1382 1361
132 215 1317 1285
133 212 1396 1377
134 212 1377 1374
135 213 1336 1332
136 207 1248 1237
137 209 1298 1267
138 216 1376 1378
139 216 1394 1376
140 200 1110 1133
141 200 1146 1129
142 203 1153 1164
143 203 1134 1153
144 204 1214 1204
145 206 1289 1261
146 205 1196 1206
147 205 1206 1200
148 97 1765 1760
149 97 1767 1768
150 99 1754 1751
151 97 1768 1765
152 92 1819 1827
153 98 1780 1785
154 108 1710 1715
155 101 1740 1737
156 107 1697 1698
157 103 1726 1723
158 103 1725 1726
159 111 1669 1670
160 107 1698 1695
161 105 1711 1712
162 117 1623 1618
163 115 1639 1644
164 115 1641 1632
165 119 1613 1609
166 121 1595 1590
167 121 1599 1595
168 120 1628 1633
169 118 1638 1647
170 116 1652 1660
171 114 1668 1673
172 112 1682 1687
173 94 1805 1808
174 86 1862 1864
175 89 1823 1816
176 96 1794 1799
177 94 1808 1813
178 90 1835 1837
179 88 1845 1848
180 86 1857 1859
181 83 1870 1868
182 81 1884 1882
183 79 1896 1893
184 75 1926 1924
185 73 1940 1938
186 69 1966 1963
187 74 1946 1948
188 77 1910 1907
189 75 1921 1919
190 75 1924 1921
191 67 1980 1975
192 70 1971 1976
193 63 2009 2004
194 61 2024 2020
195 57 2048 2047
196 48 2123 2127
197 37 2192 2188
198 37 2194 2192
199 38 2197 2198
200 36 2211 2212
201 34 2225 2226
202 43 2152 2150
203 41 2166 2164
204 39 2178 2174
205 45 2138 2136
206 46 2141 2142
207 44 2155 2156
208 55 2068 2066
209 52 2093 2095
210 54 2079 2081
211 51 2090 2089
212 59 2038 2034
213 57 2052 2048
214 55 2066 2062
215 55 2062 2061
216 49 2108 2103
217 51 2097 2094
218 47 2118 2117
219 45 2136 2132
220 50 2113 2114
221 24 2289 2291
222 19 2314 2313
223 26 2277 2281
224 37 2188 2187
225 33 2222 2220
226 27 2262 2258
227 27 2265 2262
228 31 2236 2234
229 29 2248 2244
230 27 2258 2257
231 23 2292 2290
232 21 2304 2300
233 17 2332 2328
234 15 2342 2341
235 14 2361 2365
236 14 2359 2361
237 19 2318 2314
238 19 2320 2318
239 18 2337 2338
240 5 2416 2412
241 5 2418 2416
242 3 2430 2426
243 2 2442 2445
244 2 2443 2442
245 113 1654 1655
246 158 1255 1280
247 235 801 802
248 239 752 755
249 227 1092 1075
250 73 1938 1935
251 66 1999 2003
252 64 2011 2015
253 14 2365 2366
254 26 2274 2277
255 148 1425 1424
256 157 1187 1197
257 142 1467 1471
258 152 1398 1408
259 145 1430 1428
260 137 1490 1487
261 109 1683 1684
262 162 1182 1213
263 159 1175 1166
264 161 1127 1102
265 158 1233 1242
266 174 994 1018
267 163 1103 1098
268 176 961 921
269 188 944 980
270 230 1063 1062
271 241 739 742
272 242 772 786
273 184 918 960
274 12 2379 2380
275 194 1010 1031
276 209 1294 1298
277 192 977 1011
278 132 1540 1544
279 93 1793 1788
280 126 1586 1591
281 127 1555 1557
282 139 1477 1472
283 102 1749 1752
284 81 1882 1879
285 86 1859 1862
286 89 1826 1823
287 77 1907 1905
288 67 1982 1984
289 33 2216 2215
290 66 1997 1995
291 71 1954 1952
292 59 2034 2033
293 16 2347 2351
294 8 2401 2403
295 7 2398 2397
296 11 2376 2374
297 228 1126 1143
298 8 2403 2407
299 228 1143 1161
300 152 1391 1398
301 152 1403 1391
302 149 1402 1379
303 150 1413 1416
304 145 1434 1430
305 143 1444 1442
306 143 1448 1444
307 141 1458 1456
308 142 1466 1467
309 129 1541 1543
310 126 1584 1582
311 129 1543 1539
312 126 1582 1586
313 127 1557 1553
314 119 1609 1604
315 133 1511 1506
316 132 1542 1540
317 137 1487 1480
318 131 1525 1520
319 133 1515 1511
320 135 1501 1492
321 138 1500 1495
322 162 1201 1182
323 160 1205 1212
324 156 1310 1339
325 156 1293 1310
326 170 1074 1049
327 165 1065 1038
328 169 986 1006
329 166 1139 1122
330 163 1098 1070
331 192 983 977
332 173 889 859
333 167 1040 1032
334 182 913 956
335 184 964 919
336 186 928 927
337 170 1049 1059
338 178 948 903
339 180 908 907
340 176 921 925
341 174 999 981
342 174 981 994
343 178 903 902
344 183 821 849
345 187 829 864
346 189 845 881
347 190 967 996
348 193 890 934
349 196 1046 1061
350 197 1003 1029
351 197 1029 1036
352 233 826 827
353 209 1278 1294
354 200 1129 1116
355 195 946 987
356 229 1019 1020
357 199 1044 1077
358 231 929 895
359 233 827 813
360 241 742 736
361 243 745 746
362 244 784 770
363 243 746 738
364 240 788 794
365 238 797 800
366 236 812 811
367 229 1004 978
368 224 1263 1292
369 220 1340 1344
370 219 1258 1281
371 226 1189 1203
372 224 1250 1263
373 226 1203 1223
374 222 1323 1357
375 220 1348 1375
376 218 1361 1364
377 214 1388 1399
378 213 1297 1330
379 214 1400 1388
380 208 1316 1305
381 212 1374 1368
382 215 1295 1322
383 218 1364 1389
384 197 1036 1047
385 202 1162 1170
386 202 1193 1172
387 201 1117 1111
388 205 1178 1196
389 208 1305 1321
390 204 1234 1214
391 206 1261 1246
392 100 1763 1766
393 95 1779 1774
394 100 1764 1763
395 98 1778 1777
396 91 1814 1810
397 95 1782 1779
398 105 1712 1709
399 102 1750 1749
400 105 1709 1704
401 104 1736 1735
402 101 1737 1732
403 109 1681 1676
404 108 1708 1707
405 103 1723 1718
406 120 1624 1628
407 113 1655 1646
408 116 1649 1652
409 120 1626 1624
410 124 1596 1600
411 122 1612 1610
412 117 1627 1623
413 117 1630 1627
414 115 1644 1641
415 111 1670 1667
416 109 1684 1681
417 93 1795 1796
418 83 1868 1865
419 90 1828 1830
420 93 1796 1793
421 91 1810 1807
422 87 1840 1836
423 87 1841 1840
424 88 1848 1850
425 81 1879 1877
426 79 1893 1891
427 80 1899 1901
428 73 1935 1933
429 71 1949 1947
430 70 1969 1971
431 71 1952 1949
432 78 1913 1915
433 78 1915 1918
434 76 1927 1929
435 68 1981 1985
436 69 1970 1966
437 64 2008 2011
438 62 2023 2025
439 60 2039 2043
440 47 2124 2122
441 38 2191 2193
442 35 2202 2201
443 35 2206 2202
444 33 2220 2216
445 31 2234 2230
446 41 2160 2159
447 39 2174 2173
448 40 2177 2179
449 43 2146 2145
450 43 2150 2146
451 41 2164 2160
452 53 2076 2075
453 54 2085 2086
454 56 2071 2072
455 54 2081 2085
456 60 2037 2039
457 58 2051 2053
458 56 2065 2067
459 58 2053 2057
460 50 2106 2109
461 50 2107 2106
462 50 2109 2113
463 46 2135 2137
464 47 2122 2118
465 26 2281 2282
466 22 2305 2309
467 25 2278 2276
468 40 2179 2183
469 31 2230 2229
470 28 2261 2263
471 26 2275 2274
472 29 2244 2243
473 30 2247 2249
474 30 2249 2253
475 21 2300 2299
476 22 2303 2305
477 18 2331 2333
478 18 2333 2337
479 13 2362 2360
480 16 2351 2352
481 20 2317 2319
482 17 2328 2327
483 15 2346 2342
484 6 2415 2417
485 3 2426 2425
486 4 2429 2431
487 3 2432 2433
488 4 2431 2436
489 511 1659 1664
490 405 1265 1277
491 267 806 810
492 257 761 775
493 344 1094 1095
494 589 1937 1936
495 610 2001 2005
496 613 2014 2017
497 714 2368 2372
498 687 2273 2272
499 442 1422 1418
500 384 1207 1230
501 457 1468 1469
502 440 1404 1406
503 444 1427 1423
504 463 1496 1502
505 519 1688 1692
506 386 1192 1199
507 376 1198 1222
508 348 1119 1113
509 384 1210 1190
510 329 1002 1013
511 355 1120 1138
512 288 915 876
513 316 943 938
514 334 1045 1026
515 251 748 759
516 261 776 778
517 310 916 914
518 718 2382 2386
519 328 1000 998
520 418 1334 1363
521 325 974 970
522 477 1538 1536
523 546 1789 1786
524 492 1589 1593
525 483 1560 1566
526 457 1476 1475
527 537 1748 1747
528 573 1881 1880
529 569 1860 1861
530 558 1829 1832
531 580 1903 1900
532 605 1987 1993
533 668 2213 2209
534 605 1992 1986
535 595 1956 1958
536 616 2031 2027
537 709 2350 2353
538 723 2400 2399
539 720 2395 2391
540 715 2377 2378
541 363 1125 1124
542 725 2406 2409
543 373 1159 1174
544 431 1370 1346
545 425 1380 1343
546 429 1395 1386
547 441 1412 1411
548 445 1433 1432
549 448 1441 1437
550 449 1447 1446
551 452 1455 1451
552 455 1464 1461
553 479 1546 1552
554 487 1579 1573
555 477 1545 1547
556 489 1580 1578
557 481 1559 1561
558 494 1606 1602
559 466 1508 1504
560 475 1537 1531
561 458 1485 1481
562 470 1522 1518
563 469 1517 1519
564 462 1497 1494
565 461 1491 1482
566 367 1177 1151
567 376 1181 1160
568 422 1326 1342
569 406 1279 1268
570 326 1042 1007
571 330 1055 1048
572 331 1014 1041
573 350 1115 1089
574 340 1088 1080
575 302 940 892
576 277 873 863
577 337 1056 1073
578 308 911 910
579 289 922 883
580 291 887 852
581 331 1024 995
582 283 905 871
583 284 875 839
584 292 884 851
585 303 969 930
586 315 958 935
587 282 870 835
588 289 847 880
589 295 861 891
590 299 872 901
591 320 962 955
592 312 923 949
593 338 1035 1028
594 335 1015 1034
595 339 1050 1076
596 279 853 874
597 415 1313 1345
598 349 1108 1083
599 323 972 993
600 334 1039 1060
601 349 1068 1085
602 296 932 936
603 269 828 831
604 247 743 744
605 253 757 768
606 254 771 760
607 248 747 749
608 264 791 793
609 265 796 795
610 267 807 803
611 306 982 954
612 413 1283 1304
613 412 1307 1276
614 412 1287 1319
615 380 1188 1185
616 397 1244 1238
617 389 1220 1235
618 427 1329 1337
619 430 1352 1355
620 419 1338 1311
621 435 1384 1381
622 423 1324 1350
623 428 1385 1359
624 401 1286 1260
625 418 1341 1303
626 421 1325 1353
627 433 1369 1373
628 345 1069 1101
629 366 1147 1140
630 369 1180 1173
631 357 1132 1142
632 382 1186 1195
633 410 1290 1273
634 382 1224 1216
635 387 1239 1218
636 541 1762 1761
637 542 1775 1772
638 539 1759 1755
639 543 1773 1769
640 555 1818 1822
641 545 1783 1784
642 525 1713 1714
643 535 1745 1741
644 522 1705 1702
645 531 1731 1727
646 530 1733 1730
647 514 1677 1674
648 523 1703 1699
649 526 1719 1716
650 501 1622 1620
651 506 1651 1648
652 507 1643 1637
653 499 1621 1615
654 493 1594 1592
655 495 1607 1601
656 501 1629 1631
657 503 1636 1642
658 507 1650 1656
659 513 1671 1672
660 517 1685 1686
661 551 1800 1804
662 569 1867 1866
663 558 1824 1821
664 549 1797 1798
665 553 1811 1812
666 561 1839 1838
667 563 1843 1846
668 566 1852 1855
669 572 1875 1872
670 576 1889 1886
671 579 1897 1895
672 588 1931 1928
673 592 1945 1942
674 599 1967 1965
675 593 1951 1950
676 583 1911 1909
677 585 1916 1917
678 587 1925 1923
679 603 1979 1977
680 599 1972 1974
681 611 2007 2006
682 615 2022 2021
683 621 2042 2045
684 643 2125 2126
685 663 2190 2189
686 664 2199 2195
687 665 2203 2200
688 669 2217 2214
689 673 2231 2228
690 652 2157 2153
691 656 2171 2167
692 659 2176 2175
693 648 2143 2139
694 649 2147 2144
695 653 2161 2158
696 628 2073 2069
697 634 2088 2092
698 630 2074 2078
699 633 2084 2087
700 619 2036 2035
701 623 2050 2049
702 627 2064 2063
703 625 2056 2059
704 639 2105 2104
705 637 2102 2098
706 641 2112 2115
707 647 2134 2133
708 641 2119 2116
709 690 2284 2288
710 697 2308 2311
711 687 2279 2280
712 661 2182 2185
713 672 2227 2223
714 683 2260 2259
715 685 2270 2266
716 676 2241 2237
717 679 2246 2245
718 681 2252 2255
719 692 2297 2293
720 695 2302 2301
721 703 2330 2329
722 705 2336 2339
723 711 2363 2364
724 710 2354 2358
725 699 2316 2315
726 700 2325 2321
727 705 2343 2340
728 727 2414 2413
729 728 2423 2419
730 731 2428 2427
731 733 2437 2441
732 734 2435 2438
733 510 1662 1663
734 390 1231 1252
735 266 808 809
736 250 762 764
737 353 1126 1112
738 591 1943 1939
739 607 1994 2000
740 611 2009 2013
741 713 2370 2371
742 685 2265 2269
743 443 1420 1419
744 378 1208 1221
745 455 1462 1465
746 431 1360 1392
747 445 1429 1426
748 465 1509 1505
749 518 1690 1691
750 367 1136 1167
751 381 1233 1226
752 364 1163 1137
753 381 1175 1179
754 315 945 984
755 360 1152 1145
756 309 952 909
757 297 865 896
758 336 1030 1027
759 249 741 753
760 256 754 763
761 287 844 878
762 717 2384 2385
763 317 942 971
764 415 1356 1362
765 302 888 931
766 475 1529 1532
767 549 1794 1790
768 489 1581 1587
769 482 1562 1564
770 460 1484 1479
771 535 1740 1744
772 575 1887 1883
773 567 1854 1858
774 560 1834 1833
775 581 1904 1902
776 604 1989 1991
777 669 2211 2210
778 606 1990 1988
779 596 1961 1959
780 617 2029 2028
781 707 2346 2349
782 722 2394 2396
783 721 2393 2392
784 716 2383 2381
785 353 1092 1107
786 723 2402 2405
787 363 1141 1158
788 425 1314 1331
789 434 1390 1367
790 439 1413 1405
791 439 1402 1407
792 447 1439 1436
793 449 1443 1440
794 451 1453 1450
795 453 1457 1454
796 454 1459 1460
797 478 1548 1550
798 488 1577 1575
799 479 1554 1551
800 487 1571 1574
801 483 1568 1565
802 497 1614 1608
803 469 1516 1510
804 476 1535 1533
805 463 1498 1489
806 473 1530 1524
807 471 1526 1523
808 467 1512 1503
809 464 1493 1488
810 377 1184 1168
811 374 1144 1150
812 406 1282 1312
813 399 1241 1254
814 342 1058 1033
815 346 1100 1072
816 321 1005 1022
817 361 1123 1105
818 355 1131 1104
819 304 897 893
820 298 941 894
821 341 1090 1081
822 286 843 877
823 313 968 924
824 293 856 855
825 326 975 988
826 307 950 906
827 285 842 840
828 288 841 848
829 318 976 951
830 303 898 917
831 283 837 836
832 272 820 846
833 275 825 860
834 276 833 867
835 300 886 920
836 290 869 904
837 327 997 1012
838 319 979 1008
839 335 1053 1066
840 278 866 868
841 408 1316 1333
842 356 1109 1099
843 301 912 957
844 333 1051 1057
845 332 1025 1054
846 311 989 966
847 279 879 858
848 251 765 756
849 252 766 767
850 260 785 773
851 253 769 758
852 258 777 787
853 263 780 789
854 268 805 804
855 324 1009 985
856 397 1247 1272
857 411 1270 1271
858 398 1266 1291
859 372 1156 1171
860 388 1215 1225
861 380 1202 1217
862 404 1264 1300
863 414 1296 1328
864 417 1302 1306
865 428 1336 1358
866 403 1288 1320
867 437 1397 1383
868 408 1278 1269
869 420 1315 1308
870 407 1301 1327
871 419 1317 1347
872 339 1082 1093
873 362 1117 1130
874 379 1211 1194
875 362 1162 1148
876 370 1157 1176
877 401 1248 1262
878 393 1257 1236
879 395 1240 1228
880 539 1754 1758
881 545 1780 1776
882 540 1757 1756
883 544 1771 1770
884 557 1828 1825
885 547 1791 1787
886 527 1721 1717
887 536 1743 1742
888 525 1710 1706
889 532 1729 1728
890 533 1738 1734
891 517 1682 1678
892 524 1701 1700
893 529 1724 1720
894 499 1613 1616
895 511 1665 1657
896 505 1630 1634
897 500 1619 1617
898 491 1585 1588
899 496 1605 1603
900 503 1638 1635
901 505 1649 1645
902 509 1661 1658
903 515 1679 1675
904 519 1693 1689
905 550 1802 1803
906 571 1873 1869
907 557 1814 1817
908 551 1805 1801
909 555 1819 1815
910 563 1845 1842
911 564 1849 1847
912 565 1851 1853
913 573 1876 1874
914 577 1890 1888
915 578 1892 1894
916 589 1932 1930
917 593 1946 1944
918 598 1962 1964
919 595 1957 1953
920 582 1906 1908
921 583 1910 1914
922 586 1920 1922
923 601 1970 1973
924 601 1981 1978
925 609 1998 2002
926 614 2016 2018
927 619 2038 2041
928 644 2131 2129
929 662 2184 2186
930 665 2197 2196
931 667 2207 2204
932 671 2221 2218
933 675 2235 2232
934 653 2155 2154
935 657 2169 2168
936 658 2170 2172
937 649 2141 2140
938 651 2151 2148
939 655 2165 2162
940 629 2071 2070
941 633 2090 2091
942 629 2076 2077
943 631 2080 2083
944 618 2030 2032
945 622 2044 2046
946 626 2058 2060
947 623 2052 2055
948 637 2097 2101
949 638 2100 2099
950 639 2108 2111
951 646 2128 2130
952 643 2123 2120
953 689 2286 2287
954 695 2304 2307
955 688 2285 2283
956 659 2178 2181
957 673 2225 2224
958 682 2254 2256
959 686 2268 2267
960 677 2239 2238
961 678 2240 2242
962 679 2248 2251
963 693 2295 2294
964 694 2296 2298
965 702 2324 2326
966 703 2332 2335
967 712 2369 2367
968 709 2356 2357
969 698 2310 2312
970 701 2323 2322
971 707 2347 2344
972 726 2408 2410
973 729 2421 2420
974 730 2422 2424
975 732 2439 2440
976 731 2430 2434
977 511 1664 1665
978 405 1277 1309
979 267 810 811
980 257 775 781
981 344 1095 1078
982 589 1936 1932
983 610 2005 2010
984 613 2017 2020
985 714 2372 2373
986 687 2272 2276
987 442 1418 1417
988 384 1230 1242
989 457 1469 1472
990 440 1406 1414
991 444 1423 1421
992 463 1502 1498
993 519 1692 1693
994 386 1199 1227
995 376 1222 1212
996 348 1113 1086
997 384 1190 1197
998 329 1013 1037
999 355 1138 1131
1000 288 876 841
1001 316 938 973
1002 334 1026 1020
1003 251 759 765
1004 261 778 790
1005 310 914 959
1006 718 2386 2387
1007 328 998 1016
1008 418 1363 1368
1009 325 970 1001
1010 477 1536 1539
1011 546 1786 1781
1012 492 1593 1598
1013 483 1566 1568
1014 457 1475 1471
1015 537 1747 1751
1016 573 1880 1876
1017 569 1861 1865
1018 558 1832 1830
1019 580 1900 1898
1020 605 1993 1995
1021 668 2209 2208
1022 605 1986 1984
1023 595 1958 1957
1024 616 2027 2026
1025 709 2353 2356
1026 723 2399 2402
1027 720 2391 2390
1028 715 2378 2375
1029 363 1124 1141
1030 725 2409 2412
1031 373 1174 1191
1032 431 1346 1360
1033 425 1343 1314
1034 429 1386 1351
1035 441 1411 1415
1036 445 1432 1429
1037 448 1437 1435
1038 449 1446 1443
1039 452 1451 1449
1040 455 1461 1462
1041 479 1552 1554
1042 487 1573 1571
1043 477 1547 1544
1044 489 1578 1581
1045 481 1561 1558
1046 494 1602 1597
1047 466 1504 1499
1048 475 1531 1529
1049 458 1481 1473
1050 470 1518 1513
1051 469 1519 1516
1052 462 1494 1486
1053 461 1482 1478
1054 367 1151 1136
1055 376 1160 1166
1056 422 1342 1366
1057 406 1268 1282
1058 326 1007 975
1059 330 1048 1021
1060 331 1041 1059
1061 350 1089 1071
1062 340 1080 1052
1063 302 892 888
1064 277 863 830
1065 337 1073 1067
1066 308 910 953
1067 289 883 849
1068 291 852 850
1069 331 995 1006
1070 283 871 837
1071 284 839 838
1072 292 851 854
1073 303 930 898
1074 315 935 945
1075 282 835 834
1076 289 880 919
1077 295 891 933
1078 299 901 947
1079 320 955 990
1080 312 949 991
1081 338 1028 1043
1082 335 1034 1053
1083 339 1076 1082
1084 279 874 879
1085 415 1345 1356
1086 349 1083 1077
1087 323 993 1017
1088 334 1060 1062
1089 349 1085 1116
1090 296 936 899
1091 269 831 814
1092 247 744 737
1093 253 768 769
1094 254 760 750
1095 248 749 740
1096 264 793 799
1097 265 795 798
1098 267 803 802
1099 306 954 926
1100 413 1304 1335
1101 412 1276 1281
1102 412 1319 1344
1103 380 1185 1202
1104 397 1238 1247
1105 389 1235 1251
1106 427 1337 1365
1107 430 1355 1382
1108 419 1311 1317
1109 435 1381 1396
1110 423 1350 1377
1111 428 1359 1336
1112 401 1260 1248
1113 418 1303 1298
1114 421 1353 1376
1115 433 1373 1394
1116 345 1101 1110
1117 366 1140 1146
1118 369 1173 1153
1119 357 1142 1134
1120 382 1195 1214
1121 410 1273 1289
1122 382 1216 1196
1123 387 1218 1206
1124 541 1761 1765
1125 542 1772 1767
1126 539 1755 1754
1127 543 1769 1768
1128 555 1822 1819
1129 545 1784 1780
1130 525 1714 1710
1131 535 1741 1740
1132 522 1702 1697
1133 531 1727 1726
1134 530 1730 1725
1135 514 1674 1669
1136 523 1699 1698
1137 526 1716 1711
1138 501 1620 1623
1139 506 1648 1639
1140 507 1637 1641
1141 499 1615 1613
1142 493 1592 1595
1143 495 1601 1599
1144 501 1631 1628
1145 503 1642 1638
1146 507 1656 1652
1147 513 1672 1668
1148 517 1686 1682
1149 551 1804 1805
1150 569 1866 1862
1151 558 1821 1823
1152 549 1798 1794
1153 553 1812 1808
1154 561 1838 1835
1155 563 1846 1845
1156 566 1855 1857
1157 572 1872 1870
1158 576 1886 1884
1159 579 1895 1896
1160 588 1928 1926
1161 592 1942 1940
1162 599 1965 1966
1163 593 1950 1946
1164 583 1909 1910
1165 585 1917 1921
1166 587 1923 1924
1167 603 1977 1980
1168 599 1974 1971
1169 611 2006 2009
1170 615 2021 2024
1171 621 2045 2048
1172 643 2126 2123
1173 663 2189 2192
1174 664 2195 2194
1175 665 2200 2197
1176 669 2214 2211
1177 673 2228 2225
1178 652 2153 2152
1179 656 2167 2166
1180 659 2175 2178
1181 648 2139 2138
1182 649 2144 2141
1183 653 2158 2155
1184 628 2069 2068
1185 634 2092 2093
1186 630 2078 2079
1187 633 2087 2090
1188 619 2035 2038
1189 623 2049 2052
1190 627 2063 2066
1191 625 2059 2062
1192 639 2104 2108
1193 637 2098 2097
1194 641 2115 2118
1195 647 2133 2136
1196 641 2116 2113
1197 690 2288 2289
1198 697 2311 2314
1199 687 2280 2277
1200 661 2185 2188
1201 672 2223 2222
1202 683 2259 2262
1203 685 2266 2265
1204 676 2237 2236
1205 679 2245 2248
1206 681 2255 2258
1207 692 2293 2292
1208 695 2301 2304
1209 703 2329 2332
1210 705 2339 2342
1211 711 2364 2361
1212 710 2358 2359
1213 699 2315 2318
1214 700 2321 2320
1215 705 2340 2337
1216 727 2413 2416
1217 728 2419 2418
1218 731 2427 2430
1219 733 2441 2442
1220 734 2438 2443
1221 510 1659 1654
1222 390 1265 1255
1223 266 806 801
1224 250 761 752
1225 353 1094 1092
1226 591 1937 1938
1227 607 2001 1999
1228 611 2014 2011
1229 713 2368 2365
1230 685 2273 2274
1231 443 1422 1425
1232 378 1207 1187
1233 455 1468 1467
1234 431 1404 1398
1235 445 1427 1430
1236 465 1496 1490
1237 518 1688 1683
1238 367 1192 1182
1239 381 1198 1175
1240 364 1119 1127
1241 381 1210 1233
1242 315 1002 994
1243 360 1120 1103
1244 309 915 961
1245 297 943 944
1246 336 1045 1063
1247 249 748 739
1248 256 776 772
1249 287 916 918
1250 717 2382 2379
1251 317 1000 1010
1252 415 1334 1294
1253 302 974 977
1254 475 1538 1540
1255 549 1789 1793
1256 489 1589 1586
1257 482 1560 1555
1258 460 1476 1477
1259 535 1748 1749
1260 575 1881 1882
1261 567 1860 1859
1262 560 1829 1826
1263 581 1903 1907
1264 604 1987 1982
1265 669 2213 2216
1266 606 1992 1997
1267 596 1956 1954
1268 617 2031 2034
1269 707 2350 2347
1270 722 2400 2401
1271 721 2395 2398
1272 716 2377 2376
1273 353 1125 1126
1274 723 2406 2403
1275 363 1159 1143
1276 425 1370 1391
1277 434 1380 1403
1278 439 1395 1402
1279 439 1412 1413
1280 447 1433 1434
1281 449 1441 1444
1282 451 1447 1448
1283 453 1455 1458
1284 454 1464 1466
1285 478 1546 1541
1286 488 1579 1584
1287 479 1545 1543
1288 487 1580 1582
1289 483 1559 1557
1290 497 1606 1609
1291 469 1508 1511
1292 476 1537 1542
1293 463 1485 1487
1294 473 1522 1525
1295 471 1517 1515
1296 467 1497 1501
1297 464 1491 1500
1298 377 1177 1201
1299 374 1181 1205
1300 406 1326 1310
1301 399 1279 1293
1302 342 1042 1074
1303 346 1055 1065
1304 321 1014 986
1305 361 1115 1139
1306 355 1088 1098
1307 304 940 983
1308 298 873 889
1309 341 1056 1040
1310 286 911 913
1311 313 922 964
1312 293 887 928
1313 326 1024 1049
1314 307 905 948
1315 285 875 908
1316 288 884 921
1317 318 969 999
1318 303 958 981
1319 283 870 903
1320 272 847 821
1321 275 861 829
1322 276 872 845
1323 300 962 967
1324 290 923 890
1325 327 1035 1046
1326 319 1015 1003
1327 335 1050 1029
1328 278 853 826
1329 408 1313 1278
1330 356 1108 1129
1331 301 972 946
1332 333 1039 1019
1333 332 1068 1044
1334 311 932 929
1335 279 828 827
1336 251 743 742
1337 252 757 745
1338 260 771 784
1339 253 747 746
1340 258 791 788
1341 263 796 797
1342 268 807 812
1343 324 982 1004
1344 397 1283 1263
1345 411 1307 1340
1346 398 1287 1258
1347 372 1188 1189
1348 388 1244 1250
1349 380 1220 1203
1350 404 1329 1323
1351 414 1352 1348
1352 417 1338 1361
1353 428 1384 1388
1354 403 1324 1297
1355 437 1385 1400
1356 408 1286 1316
1357 420 1341 1374
1358 407 1325 1295
1359 419 1369 1364
1360 339 1069 1036
1361 362 1147 1162
1362 379 1180 1193
1363 362 1132 1117
1364 370 1186 1178
1365 401 1290 1305
1366 393 1224 1234
1367 395 1239 1261
1368 539 1762 1763
1369 545 1775 1779
1370 540 1759 1764
1371 544 1773 1778
1372 557 1818 1814
1373 547 1783 1782
1374 527 1713 1712
1375 536 1745 1750
1376 525 1705 1709
1377 532 1731 1736
1378 533 1733 1737
1379 517 1677 1681
1380 524 1703 1708
1381 529 1719 1723
1382 499 1622 1624
1383 511 1651 1655
1384 505 1643 1649
1385 500 1621 1626
1386 491 1594 1596
1387 496 1607 1612
1388 503 1629 1627
1389 505 1636 1630
1390 509 1650 1644
1391 515 1671 1670
1392 519 1685 1684
1393 550 1800 1795
1394 571 1867 1868
1395 557 1824 1828
1396 551 1797 1796
1397 555 1811 1810
1398 563 1839 1840
1399 564 1843 1841
1400 565 1852 1848
1401 573 1875 1879
1402 577 1889 1893
1403 578 1897 1899
1404 589 1931 1935
1405 593 1945 1949
1406 598 1967 1969
1407 595 1951 1952
1408 582 1911 1913
1409 583 1916 1915
1410 586 1925 1927
1411 601 1979 1981
1412 601 1972 1970
1413 609 2007 2008
1414 614 2022 2023
1415 619 2042 2039
1416 644 2125 2124
1417 662 2190 2191
1418 665 2199 2202
1419 667 2203 2206
1420 671 2217 2220
1421 675 2231 2234
1422 653 2157 2160
1423 657 2171 2174
1424 658 2176 2177
1425 649 2143 2146
1426 651 2147 2150
1427 655 2161 2164
1428 629 2073 2076
1429 633 2088 2085
1430 629 2074 2071
1431 631 2084 2081
1432 618 2036 2037
1433 622 2050 2051
1434 626 2064 2065
1435 623 2056 2053
1436 637 2105 2106
1437 638 2102 2107
1438 639 2112 2109
1439 646 2134 2135
1440 643 2119 2122
1441 689 2284 2281
1442 695 2308 2305
1443 688 2279 2278
1444 659 2182 2179
1445 673 2227 2230
1446 682 2260 2261
1447 686 2270 2275
1448 677 2241 2244
1449 678 2246 2247
1450 679 2252 2249
1451 693 2297 2300
1452 694 2302 2303
1453 702 2330 2331
1454 703 2336 2333
1455 712 2363 2362
1456 709 2354 2351
1457 698 2316 2317
1458 701 2325 2328
1459 707 2343 2346
1460 726 2414 2415
1461 729 2423 2426
1462 730 2428 2429
1463 732 2437 2432
1464 731 2435 2431
1465 510 1663 1659
1466 390 1252 1265
1467 266 809 806
1468 250 764 761
1469 353 1112 1094
1470 591 1939 1937
1471 607 2000 2001
1472 611 2013 2014
1473 713 2371 2368
1474 685 2269 2273
1475 443 1419 1422
1476 378 1221 1207
1477 455 1465 1468
1478 431 1392 1404
1479 445 1426 1427
1480 465 1505 1496
1481 518 1691 1688
1482 367 1167 1192
1483 381 1226 1198
1484 364 1137 1119
1485 381 1179 1210
1486 315 984 1002
1487 360 1145 1120
1488 309 909 915
1489 297 896 943
1490 336 1027 1045
1491 249 753 748
1492 256 763 776
1493 287 878 916
1494 717 2385 2382
1495 317 971 1000
1496 415 1362 1334
1497 302 931 974
1498 475 1532 1538
1499 549 1790 1789
1500 489 1587 1589
1501 482 1564 1560
1502 460 1479 1476
1503 535 1744 1748
1504 575 1883 1881
1505 567 1858 1860
1506 560 1833 1829
1507 581 1902 1903
1508 604 1991 1987
1509 669 2210 2213
1510 606 1988 1992
1511 596 1959 1956
1512 617 2028 2031
1513 707 2349 2350
1514 722 2396 2400
1515 721 2392 2395
1516 716 2381 2377
1517 353 1107 1125
1518 723 2405 2406
1519 363 1158 1159
1520 425 1331 1370
1521 434 1367 1380
1522 439 1405 1395
1523 439 1407 1412
1524 447 1436 1433
1525 449 1440 1441
1526 451 1450 1447
1527 453 1454 1455
1528 454 1460 1464
1529 478 1550 1546
1530 488 1575 1579
1531 479 1551 1545
1532 487 1574 1580
1533 483 1565 1559
1534 497 1608 1606
1535 469 1510 1508
1536 476 1533 1537
1537 463 1489 1485
1538 473 1524 1522
1539 471 1523 1517
1540 467 1503 1497
1541 464 1488 1491
1542 377 1168 1177
1543 374 1150 1181
1544 406 1312 1326
1545 399 1254 1279
1546 342 1033 1042
1547 346 1072 1055
1548 321 1022 1014
1549 361 1105 1115
1550 355 1104 1088
1551 304 893 940
1552 298 894 873
1553 341 1081 1056
1554 286 877 911
1555 313 924 922
1556 293 855 887
1557 326 988 1024
1558 307 906 905
1559 285 840 875
1560 288 848 884
1561 318 951 969
1562 303 917 958
1563 283 836 870
1564 272 846 847
1565 275 860 861
1566 276 867 872
1567 300 920 962
1568 290 904 923
1569 327 1012 1035
1570 319 1008 1015
1571 335 1066 1050
1572 278 868 853
1573 408 1333 1313
1574 356 1099 1108
1575 301 957 972
1576 333 1057 1039
1577 332 1054 1068
1578 311 966 932
1579 279 858 828
1580 251 756 743
1581 252 767 757
1582 260 773 771
1583 253 758 747
1584 258 787 791
1585 263 789 796
1586 268 804 807
1587 324 985 982
1588 397 1272 1283
1589 411 1271 1307
1590 398 1291 1287
1591 372 1171 1188
1592 388 1225 1244
1593 380 1217 1220
1594 404 1300 1329
1595 414 1328 1352
1596 417 1306 1338
1597 428 1358 1384
1598 403 1320 1324
1599 437 1383 1385
1600 408 1269 1286
1601 420 1308 1341
1602 407 1327 1325
1603 419 1347 1369
1604 339 1093 1069
1605 362 1130 1147
1606 379 1194 1180
1607 362 1148 1132
1608 370 1176 1186
1609 401 1262 1290
1610 393 1236 1224
1611 395 1228 1239
1612 539 1758 1762
1613 545 1776 1775
1614 540 1756 1759
1615 544 1770 1773
1616 557 1825 1818
1617 547 1787 1783
1618 527 1717 1713
1619 536 1742 1745
1620 525 1706 1705
1621 532 1728 1731
1622 533 1734 1733
1623 517 1678 1677
1624 524 1700 1703
1625 529 1720 1719
1626 499 1616 1622
1627 511 1657 1651
1628 505 1634 1643
1629 500 1617 1621
1630 491 1588 1594
1631 496 1603 1607
1632 503 1635 1629
1633 505 1645 1636
1634 509 1658 1650
1635 515 1675 1671
1636 519 1689 1685
1637 550 1803 1800
1638 571 1869 1867
1639 557 1817 1824
1640 551 1801 1797
1641 555 1815 1811
1642 563 1842 1839
1643 564 1847 1843
1644 565 1853 1852
1645 573 1874 1875
1646 577 1888 1889
1647 578 1894 1897
1648 589 1930 1931
1649 593 1944 1945
1650 598 1964 1967
1651 595 1953 1951
1652 582 1908 1911
1653 583 1914 1916
1654 586 1922 1925
1655 601 1973 1979
1656 601 1978 1972
1657 609 2002 2007
1658 614 2018 2022
1659 619 2041 2042
1660 644 2129 2125
1661 662 2186 2190
1662 665 2196 2199
1663 667 2204 2203
1664 671 2218 2217
1665 675 2232 2231
1666 653 2154 2157
1667 657 2168 2171
1668 658 2172 2176
1669 649 2140 2143
1670 651 2148 2147
1671 655 2162 2161
1672 629 2070 2073
1673 633 2091 2088
1674 629 2077 2074
1675 631 2083 2084
1676 618 2032 2036
1677 622 2046 2050
1678 626 2060 2064
1679 623 2055 2056
1680 637 2101 2105
1681 638 2099 2102
1682 639 2111 2112
1683 646 2130 2134
1684 643 2120 2119
1685 689 2287 2284
1686 695 2307 2308
1687 688 2283 2279
1688 659 2181 2182
1689 673 2224 2227
1690 682 2256 2260
1691 686 2267 2270
1692 677 2238 2241
1693 678 2242 2246
1694 679 2251 2252
1695 693 2294 2297
1696 694 2298 2302
1697 702 2326 2330
1698 703 2335 2336
1699 712 2367 2363
1700 709 2357 2354
1701 698 2312 2316
1702 701 2322 2325
1703 707 2344 2343
1704 726 2410 2414
1705 729 2420 2423
1706 730 2424 2428
1707 732 2440 2437
1708 731 2434 2435
1709 111 1667 1662
1710 155 1241 1231
1711 233 813 808
1712 237 777 762
1713 228 1128 1126
1714 74 1941 1943
1715 65 1998 1994
1716 63 2012 2009
1717 11 2374 2370
1718 27 2264 2265
1719 150 1416 1420
1720 155 1231 1208
1721 141 1463 1462
1722 151 1371 1360
1723 148 1424 1429
1724 136 1514 1509
1725 107 1695 1690
1726 161 1144 1136
1727 158 1259 1233
1728 164 1152 1163
1729 159 1149 1175
1730 171 965 945
1731 164 1169 1152
1732 178 902 952
1733 187 864 865
1734 232 1009 1030
1735 239 754 741
1736 239 755 754
1737 181 843 844
1738 9 2388 2384
1739 193 934 942
1740 210 1387 1356
1741 189 886 888
1742 131 1527 1529
1743 96 1791 1794
1744 123 1585 1581
1745 125 1567 1562
1746 140 1483 1484
1747 101 1739 1740
1748 82 1885 1887
1749 85 1856 1854
1750 87 1836 1834
1751 80 1901 1904
1752 65 1994 1989
1753 36 2207 2211
1754 68 1985 1990
1755 69 1963 1961
1756 62 2025 2029
1757 15 2348 2346
1758 10 2393 2394
1759 10 2389 2393
1760 9 2384 2383
1761 227 1087 1092
1762 7 2404 2402
1763 225 1156 1141
1764 153 1284 1314
1765 154 1354 1390
1766 150 1409 1413
1767 149 1401 1402
1768 146 1438 1439
1769 146 1439 1443
1770 144 1452 1453
1771 144 1453 1457
1772 144 1457 1459
1773 127 1553 1548
1774 128 1572 1577
1775 130 1556 1554
1776 125 1569 1571
1777 128 1570 1568
1778 122 1610 1614
1779 136 1512 1516
1780 134 1530 1535
1781 138 1495 1498
1782 134 1526 1530
1783 134 1528 1526
1784 136 1509 1512
1785 140 1484 1493
1786 164 1163 1184
1787 161 1118 1144
1788 153 1299 1282
1789 155 1232 1241
1790 172 1023 1058
1791 168 1090 1100
1792 167 1032 1005
1793 168 1100 1123
1794 166 1122 1131
1795 191 862 897
1796 176 925 941
1797 168 1106 1090
1798 181 842 843
1799 186 927 968
1800 185 824 856
1801 171 937 975
1802 180 907 950
1803 181 819 842
1804 177 818 841
1805 176 941 976
1806 173 882 898
1807 179 816 837
1808 181 844 820
1809 185 856 825
1810 187 865 833
1811 189 881 886
1812 191 897 869
1813 195 987 997
1814 195 997 979
1815 196 1079 1053
1816 231 895 866
1817 208 1349 1316
1818 201 1084 1109
1819 193 942 912
1820 227 1075 1051
1821 197 1047 1025
1822 232 992 989
1823 234 885 879
1824 242 766 765
1825 242 782 766
1826 246 774 785
1827 244 770 769
1828 237 780 777
1829 237 779 780
1830 238 800 805
1831 232 989 1009
1832 221 1264 1247
1833 221 1245 1270
1834 217 1296 1266
1835 225 1154 1156
1836 223 1209 1215
1837 223 1215 1202
1838 221 1270 1264
1839 217 1302 1296
1840 217 1274 1302
1841 213 1330 1336
1842 211 1315 1288
1843 216 1378 1397
1844 209 1253 1278
1845 211 1275 1315
1846 213 1332 1301
1847 215 1322 1317
1848 198 1114 1082
1849 201 1109 1117
1850 204 1204 1211
1851 202 1172 1162
1852 203 1164 1157
1853 207 1240 1248
1854 206 1246 1257
1855 207 1219 1240
1856 99 1753 1754
1857 98 1777 1780
1858 102 1752 1757
1859 100 1766 1771
1860 90 1831 1828
1861 96 1792 1791
1862 106 1722 1721
1863 104 1738 1743
1864 108 1707 1710
1865 106 1724 1729
1866 104 1735 1738
1867 112 1679 1682
1868 110 1696 1701
1869 106 1721 1724
1870 119 1611 1613
1871 114 1661 1665
1872 117 1625 1630
1873 122 1614 1619
1874 123 1583 1585
1875 124 1600 1605
1876 118 1640 1638
1877 116 1653 1649
1878 114 1666 1661
1879 112 1680 1679
1880 110 1694 1693
1881 91 1807 1802
1882 84 1871 1873
1883 91 1809 1814
1884 94 1806 1805
1885 92 1820 1819
1886 88 1844 1845
1887 85 1851 1849
1888 85 1854 1851
1889 84 1873 1876
1890 82 1887 1890
1891 82 1890 1892
1892 76 1929 1932
1893 74 1943 1946
1894 72 1960 1962
1895 72 1955 1957
1896 80 1904 1906
1897 77 1912 1910
1898 78 1918 1920
1899 69 1968 1970
1900 68 1983 1981
1901 65 1996 1998
1902 64 2015 2016
1903 59 2040 2038
1904 45 2132 2131
1905 40 2183 2184
1906 38 2193 2197
1907 36 2205 2207
1908 34 2219 2221
1909 32 2233 2235
1910 44 2151 2155
1911 42 2165 2169
1912 42 2169 2170
1913 46 2137 2141
1914 44 2149 2151
1915 42 2163 2165
1916 56 2067 2071
1917 51 2094 2090
1918 53 2080 2076
1919 53 2082 2080
1920 62 2029 2030
1921 60 2043 2044
1922 58 2057 2058
1923 57 2054 2052
1924 51 2096 2097
1925 52 2095 2100
1926 49 2110 2108
1927 48 2127 2128
1928 48 2121 2123
1929 23 2290 2286
1930 21 2306 2304
1931 23 2286 2285
1932 39 2180 2178
1933 34 2221 2225
1934 30 2253 2254
1935 28 2263 2268
1936 32 2235 2239
1937 32 2239 2240
1938 29 2250 2248
1939 24 2291 2295
1940 24 2295 2296
1941 20 2323 2324
1942 17 2334 2332
1943 11 2370 2369
1944 13 2360 2356
1945 22 2309 2310
1946 20 2319 2323
1947 16 2345 2347
1948 8 2407 2408
1949 6 2417 2421
1950 6 2421 2422
1951 1 2444 2439
1952 3 2433 2430
1953 1665 1664 1668
1954 1309 1277 1293
1955 811 810 814
1956 781 775 788
1957 1078 1095 1096
1958 1932 1936 1934
1959 2010 2005 2008
1960 2020 2017 2019
1961 2373 2372 2375
1962 2276 2272 2271
1963 1417 1418 1415
1964 1242 1230 1255
1965 1472 1469 1470
1966 1414 1406 1409
1967 1421 1423 1417
1968 1498 1502 1507
1969 1693 1692 1696
1970 1227 1199 1205
1971 1212 1222 1243
1972 1086 1113 1103
1973 1197 1190 1165
1974 1037 1013 1023
1975 1131 1138 1155
1976 841 876 834
1977 973 938 933
1978 1020 1026 1004
1979 765 759 772
1980 790 778 781
1981 959 914 913
1982 2387 2386 2389
1983 1016 998 991
1984 1368 1363 1393
1985 1001 970 967
1986 1539 1536 1534
1987 1781 1786 1782
1988 1598 1593 1596
1989 1568 1566 1572
1990 1471 1475 1474
1991 1751 1747 1746
1992 1876 1880 1878
1993 1865 1861 1863
1994 1830 1832 1835
1995 1898 1900 1896
1996 1995 1993 1999
1997 2208 2209 2206
1998 1984 1986 1980
1999 1957 1958 1960
2000 2026 2027 2024
2001 2356 2353 2355
2002 2402 2399 2398
2003 2390 2391 2388
2004 2375 2378 2379
2005 1141 1124 1121
2006 2412 2409 2411
2007 1191 1174 1189
2008 1360 1346 1318
2009 1314 1343 1299
2010 1351 1386 1371
2011 1415 1411 1410
2012 1429 1432 1431
2013 1435 1437 1434
2014 1443 1446 1445
2015 1449 1451 1448
2016 1462 1461 1458
2017 1554 1552 1558
2018 1571 1573 1567
2019 1544 1547 1549
2020 1581 1578 1576
2021 1558 1561 1563
2022 1597 1602 1599
2023 1499 1504 1501
2024 1529 1531 1525
2025 1473 1481 1478
2026 1513 1518 1515
2027 1516 1519 1521
2028 1486 1494 1490
2029 1478 1482 1477
2030 1136 1151 1127
2031 1166 1160 1135
2032 1366 1342 1354
2033 1282 1268 1256
2034 975 1007 965
2035 1021 1048 1040
2036 1059 1041 1067
2037 1071 1089 1065
2038 1052 1080 1071
2039 888 892 857
2040 830 863 854
2041 1067 1073 1091
2042 953 910 908
2043 849 883 850
2044 850 852 822
2045 1006 995 963
2046 837 871 838
2047 838 839 817
2048 854 851 823
2049 898 930 889
2050 945 935 900
2051 834 835 815
2052 919 880 918
2053 933 891 928
2054 947 901 944
2055 990 955 947
2056 991 949 983
2057 1043 1028 1017
2058 1053 1034 1046
2059 1082 1076 1097
2060 879 874 899
2061 1356 1345 1372
2062 1077 1083 1064
2063 1017 993 1010
2064 1062 1060 1078
2065 1116 1085 1110
2066 899 936 939
2067 814 831 832
2068 737 744 745
2069 769 768 783
2070 750 760 751
2071 740 749 750
2072 799 793 797
2073 798 795 792
2074 802 803 798
2075 926 954 929
2076 1335 1304 1323
2077 1281 1276 1249
2078 1344 1319 1348
2079 1202 1185 1183
2080 1247 1238 1229
2081 1251 1235 1250
2082 1365 1337 1340
2083 1382 1355 1361
2084 1317 1311 1285
2085 1396 1381 1377
2086 1377 1350 1374
2087 1336 1359 1332
2088 1248 1260 1237
2089 1298 1303 1267
2090 1376 1353 1378
2091 1394 1373 1376
2092 1110 1101 1133
2093 1146 1140 1129
2094 1153 1173 1164
2095 1134 1142 1153
2096 1214 1195 1204
2097 1289 1273 1261
2098 1196 1216 1206
2099 1206 1218 1200
2100 1765 1761 1760
2101 1767 1772 1768
2102 1754 1755 1751
2103 1768 1769 1765
2104 1819 1822 1827
2105 1780 1784 1785
2106 1710 1714 1715
2107 1740 1741 1737
2108 1697 1702 1698
2109 1726 1727 1723
2110 1725 1730 1726
2111 1669 1674 1670
2112 1698 1699 1695
2113 1711 1716 1712
2114 1623 1620 1618
2115 1639 1648 1644
2116 1641 1637 1632
2117 1613 1615 1609
2118 1595 1592 1590
2119 1599 1601 1595
2120 1628 1631 1633
2121 1638 1642 1647
2122 1652 1656 1660
2123 1668 1672 1673
2124 1682 1686 1687
2125 1805 1804 1808
2126 1862 1866 1864
2127 1823 1821 1816
2128 1794 1798 1799
2129 1808 1812 1813
2130 1835 1838 1837
2131 1845 1846 1848
2132 1857 1855 1859
2133 1870 1872 1868
2134 1884 1886 1882
2135 1896 1895 1893
2136 1926 1928 1924
2137 1940 1942 1938
2138 1966 1965 1963
2139 1946 1950 1948
2140 1910 1909 1907
2141 1921 1917 1919
2142 1924 1923 1921
2143 1980 1977 1975
2144 1971 1974 1976
2145 2009 2006 2004
2146 2024 2021 2020
2147 2048 2045 2047
2148 2123 2126 2127
2149 2192 2189 2188
2150 2194 2195 2192
2151 2197 2200 2198
2152 2211 2214 2212
2153 2225 2228 2226
2154 2152 2153 2150
2155 2166 2167 2164
2156 2178 2175 2174
2157 2138 2139 2136
2158 2141 2144 2142
2159 2155 2158 2156
2160 2068 2069 2066
2161 2093 2092 2095
2162 2079 2078 2081
2163 2090 2087 2089
2164 2038 2035 2034
2165 2052 2049 2048
2166 2066 2063 2062
2167 2062 2059 2061
2168 2108 2104 2103
2169 2097 2098 2094
2170 2118 2115 2117
2171 2136 2133 2132
2172 2113 2116 2114
2173 2289 2288 2291
2174 2314 2311 2313
2175 2277 2280 2281
2176 2188 2185 2187
2177 2222 2223 2220
2178 2262 2259 2258
2179 2265 2266 2262
2180 2236 2237 2234
2181 2248 2245 2244
2182 2258 2255 2257
2183 2292 2293 2290
2184 2304 2301 2300
2185 2332 2329 2328
2186 2342 2339 2341
2187 2361 2364 2365
2188 2359 2358 2361
2189 2318 2315 2314
2190 2320 2321 2318
2191 2337 2340 2338
2192 2416 2413 2412
2193 2418 2419 2416
2194 2430 2427 2426
2195 2442 2441 2445
2196 2443 2438 2442
2197 1654 1659 1655
2198 1255 1265 1280
2199 801 806 802
2200 752 761 755
2201 1092 1094 1075
2202 1938 1937 1935
2203 1999 2001 2003
2204 2011 2014 2015
2205 2365 2368 2366
2206 2274 2273 2277
2207 1425 1422 1424
2208 1187 1207 1197
2209 1467 1468 1471
2210 1398 1404 1408
2211 1430 1427 1428
2212 1490 1496 1487
2213 1683 1688 1684
2214 1182 1192 1213
2215 1175 1198 1166
2216 1127 1119 1102
2217 1233 1210 1242
2218 994 1002 1018
2219 1103 1120 1098
2220 961 915 921
2221 944 943 980
2222 1063 1045 1062
2223 739 748 742
2224 772 776 786
2225 918 916 960
2226 2379 2382 2380
2227 1010 1000 1031
2228 1294 1334 1298
2229 977 974 1011
2230 1540 1538 1544
2231 1793 1789 1788
2232 1586 1589 1591
2233 1555 1560 1557
2234 1477 1476 1472
2235 1749 1748 1752
2236 1882 1881 1879
2237 1859 1860 1862
2238 1826 1829 1823
2239 1907 1903 1905
2240 1982 1987 1984
2241 2216 2213 2215
2242 1997 1992 1995
2243 1954 1956 1952
2244 2034 2031 2033
2245 2347 2350 2351
2246 2401 2400 2403
2247 2398 2395 2397
2248 2376 2377 2374
2249 1126 1125 1143
2250 2403 2406 2407
2251 1143 1159 1161
2252 1391 1370 1398
2253 1403 1380 1391
2254 1402 1395 1379
2255 1413 1412 1416
2256 1434 1433 1430
2257 1444 1441 1442
2258 1448 1447 1444
2259 1458 1455 1456
2260 1466 1464 1467
2261 1541 1546 1543
2262 1584 1579 1582
2263 1543 1545 1539
2264 1582 1580 1586
2265 1557 1559 1553
2266 1609 1606 1604
2267 1511 1508 1506
2268 1542 1537 1540
2269 1487 1485 1480
2270 1525 1522 1520
2271 1515 1517 1511
2272 1501 1497 1492
2273 1500 1491 1495
2274 1201 1177 1182
2275 1205 1181 1212
2276 1310 1326 1339
2277 1293 1279 1310
2278 1074 1042 1049
2279 1065 1055 1038
2280 986 1014 1006
2281 1139 1115 1122
2282 1098 1088 1070
2283 983 940 977
2284 889 873 859
2285 1040 1056 1032
2286 913 911 956
2287 964 922 919
2288 928 887 927
2289 1049 1024 1059
2290 948 905 903
2291 908 875 907
2292 921 884 925
2293 999 969 981
2294 981 958 994
2295 903 870 902
2296 821 847 849
2297 829 861 864
2298 845 872 881
2299 967 962 996
2300 890 923 934
2301 1046 1035 1061
2302 1003 1015 1029
2303 1029 1050 1036
2304 826 853 827
2305 1278 1313 1294
2306 1129 1108 1116
2307 946 972 987
2308 1019 1039 1020
2309 1044 1068 1077
2310 929 932 895
2311 827 828 813
2312 742 743 736
2313 745 757 746
2314 784 771 770
2315 746 747 738
2316 788 791 794
2317 797 796 800
2318 812 807 811
2319 1004 982 978
2320 1263 1283 1292
2321 1340 1307 1344
2322 1258 1287 1281
2323 1189 1188 1203
2324 1250 1244 1263
2325 1203 1220 1223
2326 1323 1329 1357
2327 1348 1352 1375
2328 1361 1338 1364
2329 1388 1384 1399
2330 1297 1324 1330
2331 1400 1385 1388
2332 1316 1286 1305
2333 1374 1341 1368
2334 1295 1325 1322
2335 1364 1369 1389
2336 1036 1069 1047
2337 1162 1147 1170
2338 1193 1180 1172
2339 1117 1132 1111
2340 1178 1186 1196
2341 1305 1290 1321
2342 1234 1224 1214
2343 1261 1239 1246
2344 1763 1762 1766
2345 1779 1775 1774
2346 1764 1759 1763
2347 1778 1773 1777
2348 1814 1818 1810
2349 1782 1783 1779
2350 1712 1713 1709
2351 1750 1745 1749
2352 1709 1705 1704
2353 1736 1731 1735
2354 1737 1733 1732
2355 1681 1677 1676
2356 1708 1703 1707
2357 1723 1719 1718
2358 1624 1622 1628
2359 1655 1651 1646
2360 1649 1643 1652
2361 1626 1621 1624
2362 1596 1594 1600
2363 1612 1607 1610
2364 1627 1629 1623
2365 1630 1636 1627
2366 1644 1650 1641
2367 1670 1671 1667
2368 1684 1685 1681
2369 1795 1800 1796
2370 1868 1867 1865
2371 1828 1824 1830
2372 1796 1797 1793
2373 1810 1811 1807
2374 1840 1839 1836
2375 1841 1843 1840
2376 1848 1852 1850
2377 1879 1875 1877
2378 1893 1889 1891
2379 1899 1897 1901
2380 1935 1931 1933
2381 1949 1945 1947
2382 1969 1967 1971
2383 1952 1951 1949
2384 1913 1911 1915
2385 1915 1916 1918
2386 1927 1925 1929
2387 1981 1979 1985
2388 1970 1972 1966
2389 2008 2007 2011
2390 2023 2022 2025
2391 2039 2042 2043
2392 2124 2125 2122
2393 2191 2190 2193
2394 2202 2199 2201
2395 2206 2203 2202
2396 2220 2217 2216
2397 2234 2231 2230
2398 2160 2157 2159
2399 2174 2171 2173
2400 2177 2176 2179
2401 2146 2143 2145
2402 2150 2147 2146
2403 2164 2161 2160
2404 2076 2073 2075
2405 2085 2088 2086
2406 2071 2074 2072
2407 2081 2084 2085
2408 2037 2036 2039
2409 2051 2050 2053
2410 2065 2064 2067
2411 2053 2056 2057
2412 2106 2105 2109
2413 2107 2102 2106
2414 2109 2112 2113
2415 2135 2134 2137
2416 2122 2119 2118
2417 2281 2284 2282
2418 2305 2308 2309
2419 2278 2279 2276
2420 2179 2182 2183
2421 2230 2227 2229
2422 2261 2260 2263
2423 2275 2270 2274
2424 2244 2241 2243
2425 2247 2246 2249
2426 2249 2252 2253
2427 2300 2297 2299
2428 2303 2302 2305
2429 2331 2330 2333
2430 2333 2336 2337
2431 2362 2363 2360
2432 2351 2354 2352
2433 2317 2316 2319
2434 2328 2325 2327
2435 2346 2343 2342
2436 2415 2414 2417
2437 2426 2423 2425
2438 2429 2428 2431
2439 2432 2437 2433
2440 2431 2435 2436
2441 1659 1663 1664
2442 1265 1252 1277
2443 806 809 810
2444 761 764 775
2445 1094 1112 1095
2446 1937 1939 1936
2447 2001 2000 2005
2448 2014 2013 2017
2449 2368 2371 2372
2450 2273 2269 2272
2451 1422 1419 1418
2452 1207 1221 1230
2453 1468 1465 1469
2454 1404 1392 1406
2455 1427 1426 1423
2456 1496 1505 1502
2457 1688 1691 1692
2458 1192 1167 1199
2459 1198 1226 1222
2460 1119 1137 1113
2461 1210 1179 1190
2462 1002 984 1013
2463 1120 1145 1138
2464 915 909 876
2465 943 896 938
2466 1045 1027 1026
2467 748 753 759
2468 776 763 778
2469 916 878 914
2470 2382 2385 2386
2471 1000 971 998
2472 1334 1362 1363
2473 974 931 970
2474 1538 1532 1536
2475 1789 1790 1786
2476 1589 1587 1593
2477 1560 1564 1566
2478 1476 1479 1475
2479 1748 1744 1747
2480 1881 1883 1880
2481 1860 1858 1861
2482 1829 1833 1832
2483 1903 1902 1900
2484 1987 1991 1993
2485 2213 2210 2209
2486 1992 1988 1986
2487 1956 1959 1958
2488 2031 2028 2027
2489 2350 2349 2353
2490 2400 2396 2399
2491 2395 2392 2391
2492 2377 2381 2378
2493 1125 1107 1124
2494 2406 2405 2409
2495 1159 1158 1174
2496 1370 1331 1346
2497 1380 1367 1343
2498 1395 1405 1386
2499 1412 1407 1411
2500 1433 1436 1432
2501 1441 1440 1437
2502 1447 1450 1446
2503 1455 1454 1451
2504 1464 1460 1461
2505 1546 1550 1552
2506 1579 1575 1573
2507 1545 1551 1547
2508 1580 1574 1578
2509 1559 1565 1561
2510 1606 1608 1602
2511 1508 1510 1504
2512 1537 1533 1531
2513 1485 1489 1481
2514 1522 1524 1518
2515 1517 1523 1519
2516 1497 1503 1494
2517 1491 1488 1482
2518 1177 1168 1151
2519 1181 1150 1160
2520 1326 1312 1342
2521 1279 1254 1268
2522 1042 1033 1007
2523 1055 1072 1048
2524 1014 1022 1041
2525 1115 1105 1089
2526 1088 1104 1080
2527 940 893 892
2528 873 894 863
2529 1056 1081 1073
2530 911 877 910
2531 922 924 883
2532 887 855 852
2533 1024 988 995
2534 905 906 871
2535 875 840 839
2536 884 848 851
2537 969 951 930
2538 958 917 935
2539 870 836 835
2540 847 846 880
2541 861 860 891
2542 872 867 901
2543 962 920 955
2544 923 904 949
2545 1035 1012 1028
2546 1015 1008 1034
2547 1050 1066 1076
2548 853 868 874
2549 1313 1333 1345
2550 1108 1099 1083
2551 972 957 993
2552 1039 1057 1060
2553 1068 1054 1085
2554 932 966 936
2555 828 858 831
2556 743 756 744
2557 757 767 768
2558 771 773 760
2559 747 758 749
2560 791 787 793
2561 796 789 795
2562 807 804 803
2563 982 985 954
2564 1283 1272 1304
2565 1307 1271 1276
2566 1287 1291 1319
2567 1188 1171 1185
2568 1244 1225 1238
2569 1220 1217 1235
2570 1329 1300 1337
2571 1352 1328 1355
2572 1338 1306 1311
2573 1384 1358 1381
2574 1324 1320 1350
2575 1385 1383 1359
2576 1286 1269 1260
2577 1341 1308 1303
2578 1325 1327 1353
2579 1369 1347 1373
2580 1069 1093 1101
2581 1147 1130 1140
2582 1180 1194 1173
2583 1132 1148 1142
2584 1186 1176 1195
2585 1290 1262 1273
2586 1224 1236 1216
2587 1239 1228 1218
2588 1762 1758 1761
2589 1775 1776 1772
2590 1759 1756 1755
2591 1773 1770 1769
2592 1818 1825 1822
2593 1783 1787 1784
2594 1713 1717 1714
2595 1745 1742 1741
2596 1705 1706 1702
2597 1731 1728 1727
2598 1733 1734 1730
2599 1677 1678 1674
2600 1703 1700 1699
2601 1719 1720 1716
2602 1622 1616 1620
2603 1651 1657 1648
2604 1643 1634 1637
2605 1621 1617 1615
2606 1594 1588 1592
2607 1607 1603 1601
2608 1629 1635 1631
2609 1636 1645 1642
2610 1650 1658 1656
2611 1671 1675 1672
2612 1685 1689 1686
2613 1800 1803 1804
2614 1867 1869 1866
2615 1824 1817 1821
2616 1797 1801 1798
2617 1811 1815 1812
2618 1839 1842 1838
2619 1843 1847 1846
2620 1852 1853 1855
2621 1875 1874 1872
2622 1889 1888 1886
2623 1897 1894 1895
2624 1931 1930 1928
2625 1945 1944 1942
2626 1967 1964 1965
2627 1951 1953 1950
2628 1911 1908 1909
2629 1916 1914 1917
2630 1925 1922 1923
2631 1979 1973 1977
2632 1972 1978 1974
2633 2007 2002 2006
2634 2022 2018 2021
2635 2042 2041 2045
2636 2125 2129 2126
2637 2190 2186 2189
2638 2199 2196 2195
2639 2203 2204 2200
2640 2217 2218 2214
2641 2231 2232 2228
2642 2157 2154 2153
2643 2171 2168 2167
2644 2176 2172 2175
2645 2143 2140 2139
2646 2147 2148 2144
2647 2161 2162 2158
2648 2073 2070 2069
2649 2088 2091 2092
2650 2074 2077 2078
2651 2084 2083 2087
2652 2036 2032 2035
2653 2050 2046 2049
2654 2064 2060 2063
2655 2056 2055 2059
2656 2105 2101 2104
2657 2102 2099 2098
2658 2112 2111 2115
2659 2134 2130 2133
2660 2119 2120 2116
2661 2284 2287 2288
2662 2308 2307 2311
2663 2279 2283 2280
2664 2182 2181 2185
2665 2227 2224 2223
2666 2260 2256 2259
2667 2270 2267 2266
2668 2241 2238 2237
2669 2246 2242 2245
2670 2252 2251 2255
2671 2297 2294 2293
2672 2302 2298 2301
2673 2330 2326 2329
2674 2336 2335 2339
2675 2363 2367 2364
2676 2354 2357 2358
2677 2316 2312 2315
2678 2325 2322 2321
2679 2343 2344 2340
2680 2414 2410 2413
2681 2423 2420 2419
2682 2428 2424 2427
2683 2437 2440 2441
2684 2435 2434 2438
2685 1662 1667 1663
2686 1231 1241 1252
2687 808 813 809
2688 762 777 764
2689 1126 1128 1112
2690 1943 1941 1939
2691 1994 1998 2000
2692 2009 2012 2013
2693 2370 2374 2371
2694 2265 2264 2269
2695 1420 1416 1419
2696 1208 1231 1221
2697 1462 1463 1465
2698 1360 1371 1392
2699 1429 1424 1426
2700 1509 1514 1505
2701 1690 1695 1691
2702 1136 1144 1167
2703 1233 1259 1226
2704 1163 1152 1137
2705 1175 1149 1179
2706 945 965 984
2707 1152 1169 1145
2708 952 902 909
2709 865 864 896
2710 1030 1009 1027
2711 741 754 753
2712 754 755 763
2713 844 843 878
2714 2384 2388 2385
2715 942 934 971
2716 1356 1387 1362
2717 888 886 931
2718 1529 1527 1532
2719 1794 1791 1790
2720 1581 1585 1587
2721 1562 1567 1564
2722 1484 1483 1479
2723 1740 1739 1744
2724 1887 1885 1883
2725 1854 1856 1858
2726 1834 1836 1833
2727 1904 1901 1902
2728 1989 1994 1991
2729 2211 2207 2210
2730 1990 1985 1988
2731 1961 1963 1959
2732 2029 2025 2028
2733 2346 2348 2349
2734 2394 2393 2396
2735 2393 2389 2392
2736 2383 2384 2381
2737 1092 1087 1107
2738 2402 2404 2405
2739 1141 1156 1158
2740 1314 1284 1331
2741 1390 1354 1367
2742 1413 1409 1405
2743 1402 1401 1407
2744 1439 1438 1436
2745 1443 1439 1440
2746 1453 1452 1450
2747 1457 1453 1454
2748 1459 1457 1460
2749 1548 1553 1550
2750 1577 1572 1575
2751 1554 1556 1551
2752 1571 1569 1574
2753 1568 1570 1565
2754 1614 1610 1608
2755 1516 1512 1510
2756 1535 1530 1533
2757 1498 1495 1489
2758 1530 1526 1524
2759 1526 1528 1523
2760 1512 1509 1503
2761 1493 1484 1488
2762 1184 1163 1168
2763 1144 1118 1150
2764 1282 1299 1312
2765 1241 1232 1254
2766 1058 1023 1033
2767 1100 1090 1072
2768 1005 1032 1022
2769 1123 1100 1105
2770 1131 1122 1104
2771 897 862 893
2772 941 925 894
2773 1090 1106 1081
2774 843 842 877
2775 968 927 924
2776 856 824 855
2777 975 937 988
2778 950 907 906
2779 842 819 840
2780 841 818 848
2781 976 941 951
2782 898 882 917
2783 837 816 836
2784 820 844 846
2785 825 856 860
2786 833 865 867
2787 886 881 920
2788 869 897 904
2789 997 987 1012
2790 979 997 1008
2791 1053 1079 1066
2792 866 895 868
2793 1316 1349 1333
2794 1109 1084 1099
2795 912 942 957
2796 1051 1075 1057
2797 1025 1047 1054
2798 989 992 966
2799 879 885 858
2800 765 766 756
2801 766 782 767
2802 785 774 773
2803 769 770 758
2804 777 780 787
2805 780 779 789
2806 805 800 804
2807 1009 989 985
2808 1247 1264 1272
2809 1270 1245 1271
2810 1266 1296 1291
2811 1156 1154 1171
2812 1215 1209 1225
2813 1202 1215 1217
2814 1264 1270 1300
2815 1296 1302 1328
2816 1302 1274 1306
2817 1336 1330 1358
2818 1288 1315 1320
2819 1397 1378 1383
2820 1278 1253 1269
2821 1315 1275 1308
2822 1301 1332 1327
2823 1317 1322 1347
2824 1082 1114 1093
2825 1117 1109 1130
2826 1211 1204 1194
2827 1162 1172 1148
2828 1157 1164 1176
2829 1248 1240 1262
2830 1257 1246 1236
2831 1240 1219 1228
2832 1754 1753 1758
2833 1780 1777 1776
2834 1757 1752 1756
2835 1771 1766 1770
2836 1828 1831 1825
2837 1791 1792 1787
2838 1721 1722 1717
2839 1743 1738 1742
2840 1710 1707 1706
2841 1729 1724 1728
2842 1738 1735 1734
2843 1682 1679 1678
2844 1701 1696 1700
2845 1724 1721 1720
2846 1613 1611 1616
2847 1665 1661 1657
2848 1630 1625 1634
2849 1619 1614 1617
2850 1585 1583 1588
2851 1605 1600 1603
2852 1638 1640 1635
2853 1649 1653 1645
2854 1661 1666 1658
2855 1679 1680 1675
2856 1693 1694 1689
2857 1802 1807 1803
2858 1873 1871 1869
2859 1814 1809 1817
2860 1805 1806 1801
2861 1819 1820 1815
2862 1845 1844 1842
2863 1849 1851 1847
2864 1851 1854 1853
2865 1876 1873 1874
2866 1890 1887 1888
2867 1892 1890 1894
2868 1932 1929 1930
2869 1946 1943 1944
2870 1962 1960 1964
2871 1957 1955 1953
2872 1906 1904 1908
2873 1910 1912 1914
2874 1920 1918 1922
2875 1970 1968 1973
2876 1981 1983 1978
2877 1998 1996 2002
2878 2016 2015 2018
2879 2038 2040 2041
2880 2131 2132 2129
2881 2184 2183 2186
2882 2197 2193 2196
2883 2207 2205 2204
2884 2221 2219 2218
2885 2235 2233 2232
2886 2155 2151 2154
2887 2169 2165 2168
2888 2170 2169 2172
2889 2141 2137 2140
2890 2151 2149 2148
2891 2165 2163 2162
2892 2071 2067 2070
2893 2090 2094 2091
2894 2076 2080 2077
2895 2080 2082 2083
2896 2030 2029 2032
2897 2044 2043 2046
2898 2058 2057 2060
2899 2052 2054 2055
2900 2097 2096 2101
2901 2100 2095 2099
2902 2108 2110 2111
2903 2128 2127 2130
2904 2123 2121 2120
2905 2286 2290 2287
2906 2304 2306 2307
2907 2285 2286 2283
2908 2178 2180 2181
2909 2225 2221 2224
2910 2254 2253 2256
2911 2268 2263 2267
2912 2239 2235 2238
2913 2240 2239 2242
2914 2248 2250 2251
2915 2295 2291 2294
2916 2296 2295 2298
2917 2324 2323 2326
2918 2332 2334 2335
2919 2369 2370 2367
2920 2356 2360 2357
2921 2310 2309 2312
2922 2323 2319 2322
2923 2347 2345 2344
2924 2408 2407 2410
2925 2421 2417 2420
2926 2422 2421 2424
2927 2439 2444 2440
2928 2430 2433 2434
2929 1664 513 1668
2930 1277 399 1293
2931 810 269 814
2932 775 258 788
2933 1095 354 1096
2934 1936 590 1934
2935 2005 609 2008
2936 2017 612 2019
2937 2372 715 2375
2938 2272 684 2271
2939 1418 441 1415
2940 1230 390 1255
2941 1469 456 1470
2942 1406 436 1409
2943 1423 442 1417
2944 1502 468 1507
2945 1692 521 1696
2946 1199 374 1205
2947 1222 396 1243
2948 1113 360 1103
2949 1190 365 1165
2950 1013 322 1023
2951 1138 368 1155
2952 876 282 834
2953 938 295 933
2954 1026 324 1004
2955 759 256 772
2956 778 257 781
2957 914 286 913
2958 2386 719 2389
2959 998 312 991
2960 1363 432 1393
2961 970 300 967
2962 1536 474 1534
2963 1786 547 1782
2964 1593 491 1596
2965 1566 485 1572
2966 1475 459 1474
2967 1747 534 1746
2968 1880 574 1878
2969 1861 568 1863
2970 1832 561 1835
2971 1900 579 1896
2972 1993 607 1999
2973 2209 667 2206
2974 1986 603 1980
2975 1958 597 1960
2976 2027 615 2024
2977 2353 708 2355
2978 2399 721 2398
2979 2391 719 2388
2980 2378 717 2379
2981 1124 352 1121
2982 2409 724 2411
2983 1174 372 1189
2984 1346 409 1318
2985 1343 416 1299
2986 1386 436 1371
2987 1411 438 1410
2988 1432 446 1431
2989 1437 447 1434
2990 1446 450 1445
2991 1451 451 1448
2992 1461 453 1458
2993 1552 481 1558
2994 1573 485 1567
2995 1547 480 1549
2996 1578 486 1576
2997 1561 484 1563
2998 1602 495 1599
2999 1504 467 1501
3000 1531 473 1525
3001 1481 461 1478
3002 1518 471 1515
3003 1519 472 1521
3004 1494 465 1490
3005 1482 460 1477
3006 1151 364 1127
3007 1160 359 1135
3008 1342 416 1354
3009 1268 391 1256
3010 1007 322 965
3011 1048 341 1040
3012 1041 337 1067
3013 1089 346 1065
3014 1080 350 1071
3015 892 280 857
3016 863 292 854
3017 1073 351 1091
3018 910 285 908
3019 883 291 850
3020 852 274 822
3021 995 305 963
3022 871 284 838
3023 839 271 817
3024 851 273 823
3025 930 298 889
3026 935 294 900
3027 835 270 815
3028 880 287 918
3029 891 293 928
3030 901 297 944
3031 955 299 947
3032 949 304 983
3033 1028 323 1017
3034 1034 327 1046
3035 1076 347 1097
3036 874 296 899
3037 1345 426 1372
3038 1083 343 1064
3039 993 317 1010
3040 1060 344 1078
3041 1085 345 1110
3042 936 314 939
3043 831 281 832
3044 744 252 745
3045 768 259 783
3046 760 255 751
3047 749 254 750
3048 793 263 797
3049 795 262 792
3050 803 265 798
3051 954 311 929
3052 1304 404 1323
3053 1276 394 1249
3054 1319 414 1348
3055 1185 371 1183
3056 1238 385 1229
3057 1235 388 1250
3058 1337 411 1340
3059 1355 417 1361
3060 1311 402 1285
3061 1381 423 1377
3062 1350 420 1374
3063 1359 424 1332
3064 1260 392 1237
3065 1303 400 1267
3066 1353 424 1378
3067 1373 421 1376
3068 1101 358 1133
3069 1140 356 1129
3070 1173 375 1164
3071 1142 369 1153
3072 1195 375 1204
3073 1273 395 1261
3074 1216 387 1206
3075 1218 383 1200
3076 1761 538 1760
3077 1772 543 1768
3078 1755 537 1751
3079 1769 541 1765
3080 1822 559 1827
3081 1784 548 1785
3082 1714 528 1715
3083 1741 533 1737
3084 1702 523 1698
3085 1727 529 1723
3086 1730 531 1726
3087 1674 515 1670
3088 1699 521 1695
3089 1716 527 1712
3090 1620 498 1618
3091 1648 509 1644
3092 1637 502 1632
3093 1615 497 1609
3094 1592 490 1590
3095 1601 493 1595
3096 1631 504 1633
3097 1642 508 1647
3098 1656 512 1660
3099 1672 516 1673
3100 1686 520 1687
3101 1804 553 1808
3102 1866 570 1864
3103 1821 554 1816
3104 1798 552 1799
3105 1812 556 1813
3106 1838 562 1837
3107 1846 565 1848
3108 1855 567 1859
3109 1872 571 1868
3110 1886 575 1882
3111 1895 577 1893
3112 1928 587 1924
3113 1942 591 1938
3114 1965 597 1963
3115 1950 594 1948
3116 1909 581 1907
3117 1917 584 1919
3118 1923 585 1921
3119 1977 600 1975
3120 1974 602 1976
3121 2006 608 2004
3122 2021 613 2020
3123 2045 620 2047
3124 2126 645 2127
3125 2189 661 2188
3126 2195 663 2192
3127 2200 666 2198
3128 2214 670 2212
3129 2228 674 2226
3130 2153 651 2150
3131 2167 655 2164
3132 2175 657 2174
3133 2139 647 2136
3134 2144 650 2142
3135 2158 654 2156
3136 2069 627 2066
3137 2092 635 2095
3138 2078 631 2081
3139 2087 632 2089
3140 2035 617 2034
3141 2049 621 2048
3142 2063 625 2062
3143 2059 624 2061
3144 2104 636 2103
3145 2098 635 2094
3146 2115 640 2117
3147 2133 645 2132
3148 2116 642 2114
3149 2288 691 2291
3150 2311 696 2313
3151 2280 689 2281
3152 2185 660 2187
3153 2223 671 2220
3154 2259 681 2258
3155 2266 683 2262
3156 2237 675 2234
3157 2245 677 2244
3158 2255 680 2257
3159 2293 691 2290
3160 2301 693 2300
3161 2329 701 2328
3162 2339 704 2341
3163 2364 713 2365
3164 2358 711 2361
3165 2315 697 2314
3166 2321 699 2318
3167 2340 706 2338
3168 2413 725 2412
3169 2419 727 2416
3170 2427 729 2426
3171 2441 735 2445
3172 2438 733 2442
3173 1659 511 1655
3174 1265 405 1280
3175 806 267 802
3176 761 257 755
3177 1094 344 1075
3178 1937 589 1935
3179 2001 610 2003
3180 2014 613 2015
3181 2368 714 2366
3182 2273 687 2277
3183 1422 442 1424
3184 1207 384 1197
3185 1468 457 1471
3186 1404 440 1408
3187 1427 444 1428
3188 1496 463 1487
3189 1688 519 1684
3190 1192 386 1213
3191 1198 376 1166
3192 1119 348 1102
3193 1210 384 1242
3194 1002 329 1018
3195 1120 355 1098
3196 915 288 921
3197 943 316 980
3198 1045 334 1062
3199 748 251 742
3200 776 261 786
3201 916 310 960
3202 2382 718 2380
3203 1000 328 1031
3204 1334 418 1298
3205 974 325 1011
3206 1538 477 1544
3207 1789 546 1788
3208 1589 492 1591
3209 1560 483 1557
3210 1476 457 1472
3211 1748 537 1752
3212 1881 573 1879
3213 1860 569 1862
3214 1829 558 1823
3215 1903 580 1905
3216 1987 605 1984
3217 2213 668 2215
3218 1992 605 1995
3219 1956 595 1952
3220 2031 616 2033
3221 2350 709 2351
3222 2400 723 2403
3223 2395 720 2397
3224 2377 715 2374
3225 1125 363 1143
3226 2406 725 2407
3227 1159 373 1161
3228 1370 431 1398
3229 1380 425 1391
3230 1395 429 1379
3231 1412 441 1416
3232 1433 445 1430
3233 1441 448 1442
3234 1447 449 1444
3235 1455 452 1456
3236 1464 455 1467
3237 1546 479 1543
3238 1579 487 1582
3239 1545 477 1539
3240 1580 489 1586
3241 1559 481 1553
3242 1606 494 1604
3243 1508 466 1506
3244 1537 475 1540
3245 1485 458 1480
3246 1522 470 1520
3247 1517 469 1511
3248 1497 462 1492
3249 1491 461 1495
3250 1177 367 1182
3251 1181 376 1212
3252 1326 422 1339
3253 1279 406 1310
3254 1042 326 1049
3255 1055 330 1038
3256 1014 331 1006
3257 1115 350 1122
3258 1088 340 1070
3259 940 302 977
3260 873 277 859
3261 1056 337 1032
3262 911 308 956
3263 922 289 919
3264 887 291 927
3265 1024 331 1059
3266 905 283 903
3267 875 284 907
3268 884 292 925
3269 969 303 981
3270 958 315 994
3271 870 282 902
3272 847 289 849
3273 861 295 864
3274 872 299 881
3275 962 320 996
3276 923 312 934
3277 1035 338 1061
3278 1015 335 1029
3279 1050 339 1036
3280 853 279 827
3281 1313 415 1294
3282 1108 349 1116
3283 972 323 987
3284 1039 334 1020
3285 1068 349 1077
3286 932 296 895
3287 828 269 813
3288 743 247 736
3289 757 253 746
3290 771 254 770
3291 747 248 738
3292 791 264 794
3293 796 265 800
3294 807 267 811
3295 982 306 978
3296 1283 413 1292
3297 1307 412 1344
3298 1287 412 1281
3299 1188 380 1203
3300 1244 397 1263
3301 1220 389 1223
3302 1329 427 1357
3303 1352 430 1375
3304 1338 419 1364
3305 1384 435 1399
3306 1324 423 1330
3307 1385 428 1388
3308 1286 401 1305
3309 1341 418 1368
3310 1325 421 1322
3311 1369 433 1389
3312 1069 345 1047
3313 1147 366 1170
3314 1180 369 1172
3315 1132 357 1111
3316 1186 382 1196
3317 1290 410 1321
3318 1224 382 1214
3319 1239 387 1246
3320 1762 541 1766
3321 1775 542 1774
3322 1759 539 1763
3323 1773 543 1777
3324 1818 555 1810
3325 1783 545 1779
3326 1713 525 1709
3327 1745 535 1749
3328 1705 522 1704
3329 1731 531 1735
3330 1733 530 1732
3331 1677 514 1676
3332 1703 523 1707
3333 1719 526 1718
3334 1622 501 1628
3335 1651 506 1646
3336 1643 507 1652
3337 1621 499 1624
3338 1594 493 1600
3339 1607 495 1610
3340 1629 501 1623
3341 1636 503 1627
3342 1650 507 1641
3343 1671 513 1667
3344 1685 517 1681
3345 1800 551 1796
3346 1867 569 1865
3347 1824 558 1830
3348 1797 549 1793
3349 1811 553 1807
3350 1839 561 1836
3351 1843 563 1840
3352 1852 566 1850
3353 1875 572 1877
3354 1889 576 1891
3355 1897 579 1901
3356 1931 588 1933
3357 1945 592 1947
3358 1967 599 1971
3359 1951 593 1949
3360 1911 583 1915
3361 1916 585 1918
3362 1925 587 1929
3363 1979 603 1985
3364 1972 599 1966
3365 2007 611 2011
3366 2022 615 2025
3367 2042 621 2043
3368 2125 643 2122
3369 2190 663 2193
3370 2199 664 2201
3371 2203 665 2202
3372 2217 669 2216
3373 2231 673 2230
3374 2157 652 2159
3375 2171 656 2173
3376 2176 659 2179
3377 2143 648 2145
3378 2147 649 2146
3379 2161 653 2160
3380 2073 628 2075
3381 2088 634 2086
3382 2074 630 2072
3383 2084 633 2085
3384 2036 619 2039
3385 2050 623 2053
3386 2064 627 2067
3387 2056 625 2057
3388 2105 639 2109
3389 2102 637 2106
3390 2112 641 2113
3391 2134 647 2137
3392 2119 641 2118
3393 2284 690 2282
3394 2308 697 2309
3395 2279 687 2276
3396 2182 661 2183
3397 2227 672 2229
3398 2260 683 2263
3399 2270 685 2274
3400 2241 676 2243
3401 2246 679 2249
3402 2252 681 2253
3403 2297 692 2299
3404 2302 695 2305
3405 2330 703 2333
3406 2336 705 2337
3407 2363 711 2360
3408 2354 710 2352
3409 2316 699 2319
3410 2325 700 2327
3411 2343 705 2342
3412 2414 727 2417
3413 2423 728 2425
3414 2428 731 2431
3415 2437 733 2433
3416 2435 734 2436
3417 1663 513 1664
3418 1252 399 1277
3419 809 269 810
3420 764 258 775
3421 1112 354 1095
3422 1939 590 1936
3423 2000 609 2005
3424 2013 612 2017
3425 2371 715 2372
3426 2269 684 2272
3427 1419 441 1418
3428 1221 390 1230
3429 1465 456 1469
3430 1392 436 1406
3431 1426 442 1423
3432 1505 468 1502
3433 1691 521 1692
3434 1167 374 1199
3435 1226 396 1222
3436 1137 360 1113
3437 1179 365 1190
3438 984 322 1013
3439 1145 368 1138
3440 909 282 876
3441 896 295 938
3442 1027 324 1026
3443 753 256 759
3444 763 257 778
3445 878 286 914
3446 2385 719 2386
3447 971 312 998
3448 1362 432 1363
3449 931 300 970
3450 1532 474 1536
3451 1790 547 1786
3452 1587 491 1593
3453 1564 485 1566
3454 1479 459 1475
3455 1744 534 1747
3456 1883 574 1880
3457 1858 568 1861
3458 1833 561 1832
3459 1902 579 1900
3460 1991 607 1993
3461 2210 667 2209
3462 1988 603 1986
3463 1959 597 1958
3464 2028 615 2027
3465 2349 708 2353
3466 2396 721 2399
3467 2392 719 2391
3468 2381 717 2378
3469 1107 352 1124
3470 2405 724 2409
3471 1158 372 1174
3472 1331 409 1346
3473 1367 416 1343
3474 1405 436 1386
3475 1407 438 1411
3476 1436 446 1432
3477 1440 447 1437
3478 1450 450 1446
3479 1454 451 1451
3480 1460 453 1461
3481 1550 481 1552
3482 1575 485 1573
3483 1551 480 1547
3484 1574 486 1578
3485 1565 484 1561
3486 1608 495 1602
3487 1510 467 1504
3488 1533 473 1531
3489 1489 461 1481
3490 1524 471 1518
3491 1523 472 1519
3492 1503 465 1494
3493 1488 460 1482
3494 1168 364 1151
3495 1150 359 1160
3496 1312 416 1342
3497 1254 391 1268
3498 1033 322 1007
3499 1072 341 1048
3500 1022 337 1041
3501 1105 346 1089
3502 1104 350 1080
3503 893 280 892
3504 894 292 863
3505 1081 351 1073
3506 877 285 910
3507 924 291 883
3508 855 274 852
3509 988 305 995
3510 906 284 871
3511 840 271 839
3512 848 273 851
3513 951 298 930
3514 917 294 935
3515 836 270 835
3516 846 287 880
3517 860 293 891
3518 867 297 901
3519 920 299 955
3520 904 304 949
3521 1012 323 1028
3522 1008 327 1034
3523 1066 347 1076
3524 868 296 874
3525 1333 426 1345
3526 1099 343 1083
3527 957 317 993
3528 1057 344 1060
3529 1054 345 1085
3530 966 314 936
3531 858 281 831
3532 756 252 744
3533 767 259 768
3534 773 255 760
3535 758 254 749
3536 787 263 793
3537 789 262 795
3538 804 265 803
3539 985 311 954
3540 1272 404 1304
3541 1271 394 1276
3542 1291 414 1319
3543 1171 371 1185
3544 1225 385 1238
3545 1217 388 1235
3546 1300 411 1337
3547 1328 417 1355
3548 1306 402 1311
3549 1358 423 1381
3550 1320 420 1350
3551 1383 424 1359
3552 1269 392 1260
3553 1308 400 1303
3554 1327 424 1353
3555 1347 421 1373
3556 1093 358 1101
3557 1130 356 1140
3558 1194 375 1173
3559 1148 369 1142
3560 1176 375 1195
3561 1262 395 1273
3562 1236 387 1216
3563 1228 383 1218
3564 1758 538 1761
3565 1776 543 1772
3566 1756 537 1755
3567 1770 541 1769
3568 1825 559 1822
3569 1787 548 1784
3570 1717 528 1714
3571 1742 533 1741
3572 1706 523 1702
3573 1728 529 1727
3574 1734 531 1730
3575 1678 515 1674
3576 1700 521 1699
3577 1720 527 1716
3578 1616 498 1620
3579 1657 509 1648
3580 1634 502 1637
3581 1617 497 1615
3582 1588 490 1592
3583 1603 493 1601
3584 1635 504 1631
3585 1645 508 1642
3586 1658 512 1656
3587 1675 516 1672
3588 1689 520 1686
3589 1803 553 1804
3590 1869 570 1866
3591 1817 554 1821
3592 1801 552 1798
3593 1815 556 1812
3594 1842 562 1838
3595 1847 565 1846
3596 1853 567 1855
3597 1874 571 1872
3598 1888 575 1886
3599 1894 577 1895
3600 1930 587 1928
3601 1944 591 1942
3602 1964 597 1965
3603 1953 594 1950
3604 1908 581 1909
3605 1914 584 1917
3606 1922 585 1923
3607 1973 600 1977
3608 1978 602 1974
3609 2002 608 2006
3610 2018 613 2021
3611 2041 620 2045
3612 2129 645 2126
3613 2186 661 2189
3614 2196 663 2195
3615 2204 666 2200
3616 2218 670 2214
3617 2232 674 2228
3618 2154 651 2153
3619 2168 655 2167
3620 2172 657 2175
3621 2140 647 2139
3622 2148 650 2144
3623 2162 654 2158
3624 2070 627 2069
3625 2091 635 2092
3626 2077 631 2078
3627 2083 632 2087
3628 2032 617 2035
3629 2046 621 2049
3630 2060 625 2063
3631 2055 624 2059
3632 2101 636 2104
3633 2099 635 2098
3634 2111 640 2115
3635 2130 645 2133
3636 2120 642 2116
3637 2287 691 2288
3638 2307 696 2311
3639 2283 689 2280
3640 2181 660 2185
3641 2224 671 2223
3642 2256 681 2259
3643 2267 683 2266
3644 2238 675 2237
3645 2242 677 2245
3646 2251 680 2255
3647 2294 691 2293
3648 2298 693 2301
3649 2326 701 2329
3650 2335 704 2339
3651 2367 713 2364
3652 2357 711 2358
3653 2312 697 2315
3654 2322 699 2321
3655 2344 706 2340
3656 2410 725 2413
3657 2420 727 2419
3658 2424 729 2427
3659 2440 735 2441
3660 2434 733 2438
3661 1667 513 1663
3662 1241 399 1252
3663 813 269 809
3664 777 258 764
3665 1128 354 1112
3666 1941 590 1939
3667 1998 609 2000
3668 2012 612 2013
3669 2374 715 2371
3670 2264 684 2269
3671 1416 441 1419
3672 1231 390 1221
3673 1463 456 1465
3674 1371 436 1392
3675 1424 442 1426
3676 1514 468 1505
3677 1695 521 1691
3678 1144 374 1167
3679 1259 396 1226
3680 1152 360 1137
3681 1149 365 1179
3682 965 322 984
3683 1169 368 1145
3684 902 282 909
3685 864 295 896
3686 1009 324 1027
3687 754 256 753
3688 755 257 763
3689 843 286 878
3690 2388 719 2385
3691 934 312 971
3692 1387 432 1362
3693 886 300 931
3694 1527 474 1532
3695 1791 547 1790
3696 1585 491 1587
3697 1567 485 1564
3698 1483 459 1479
3699 1739 534 1744
3700 1885 574 1883
3701 1856 568 1858
3702 1836 561 1833
3703 1901 579 1902
3704 1994 607 1991
3705 2207 667 2210
3706 1985 603 1988
3707 1963 597 1959
3708 2025 615 2028
3709 2348 708 2349
3710 2393 721 2396
3711 2389 719 2392
3712 2384 717 2381
3713 1087 352 1107
3714 2404 724 2405
3715 1156 372 1158
3716 1284 409 1331
3717 1354 416 1367
3718 1409 436 1405
3719 1401 438 1407
3720 1438 446 1436
3721 1439 447 1440
3722 1452 450 1450
3723 1453 451 1454
3724 1457 453 1460
3725 1553 481 1550
3726 1572 485 1575
3727 1556 480 1551
3728 1569 486 1574
3729 1570 484 1565
3730 1610 495 1608
3731 1512 467 1510
3732 1530 473 1533
3733 1495 461 1489
3734 1526 471 1524
3735 1528 472 1523
3736 1509 465 1503
3737 1484 460 1488
3738 1163 364 1168
3739 1118 359 1150
3740 1299 416 1312
3741 1232 391 1254
3742 1023 322 1033
3743 1090 341 1072
3744 1032 337 1022
3745 1100 346 1105
3746 1122 350 1104
3747 862 280 893
3748 925 292 894
3749 1106 351 1081
3750 842 285 877
3751 927 291 924
3752 824 274 855
3753 937 305 988
3754 907 284 906
3755 819 271 840
3756 818 273 848
3757 941 298 951
3758 882 294 917
3759 816 270 836
3760 844 287 846
3761 856 293 860
3762 865 297 867
3763 881 299 920
3764 897 304 904
3765 987 323 1012
3766 997 327 1008
3767 1079 347 1066
3768 895 296 868
3769 1349 426 1333
3770 1084 343 1099
3771 942 317 957
3772 1075 344 1057
3773 1047 345 1054
3774 992 314 966
3775 885 281 858
3776 766 252 756
3777 782 259 767
3778 774 255 773
3779 770 254 758
3780 780 263 787
3781 779 262 789
3782 800 265 804
3783 989 311 985
3784 1264 404 1272
3785 1245 394 1271
3786 1296 414 1291
3787 1154 371 1171
3788 1209 385 1225
3789 1215 388 1217
3790 1270 411 1300
3791 1302 417 1328
3792 1274 402 1306
3793 1330 423 1358
3794 1315 420 1320
3795 1378 424 1383
3796 1253 392 1269
3797 1275 400 1308
3798 1332 424 1327
3799 1322 421 1347
3800 1114 358 1093
3801 1109 356 1130
3802 1204 375 1194
3803 1172 369 1148
3804 1164 375 1176
3805 1240 395 1262
3806 1246 387 1236
3807 1219 383 1228
3808 1753 538 1758
3809 1777 543 1776
3810 1752 537 1756
3811 1766 541 1770
3812 1831 559 1825
3813 1792 548 1787
3814 1722 528 1717
3815 1738 533 1742
3816 1707 523 1706
3817 1724 529 1728
3818 1735 531 1734
3819 1679 515 1678
3820 1696 521 1700
3821 1721 527 1720
3822 1611 498 1616
3823 1661 509 1657
3824 1625 502 1634
3825 1614 497 1617
3826 1583 490 1588
3827 1600 493 1603
3828 1640 504 1635
3829 1653 508 1645
3830 1666 512 1658
3831 1680 516 1675
3832 1694 520 1689
3833 1807 553 1803
3834 1871 570 1869
3835 1809 554 1817
3836 1806 552 1801
3837 1820 556 1815
3838 1844 562 1842
3839 1851 565 1847
3840 1854 567 1853
3841 1873 571 1874
3842 1887 575 1888
3843 1890 577 1894
3844 1929 587 1930
3845 1943 591 1944
3846 1960 597 1964
3847 1955 594 1953
3848 1904 581 1908
3849 1912 584 1914
3850 1918 585 1922
3851 1968 600 1973
3852 1983 602 1978
3853 1996 608 2002
3854 2015 613 2018
3855 2040 620 2041
3856 2132 645 2129
3857 2183 661 2186
3858 2193 663 2196
3859 2205 666 2204
3860 2219 670 2218
3861 2233 674 2232
3862 2151 651 2154
3863 2165 655 2168
3864 2169 657 2172
3865 2137 647 2140
3866 2149 650 2148
3867 2163 654 2162
3868 2067 627 2070
3869 2094 635 2091
3870 2080 631 2077
3871 2082 632 2083
3872 2029 617 2032
3873 2043 621 2046
3874 2057 625 2060
3875 2054 624 2055
3876 2096 636 2101
3877 2095 635 2099
3878 2110 640 2111
3879 2127 645 2130
3880 2121 642 2120
3881 2290 691 2287
3882 2306 696 2307
3883 2286 689 2283
3884 2180 660 2181
3885 2221 671 2224
3886 2253 681 2256
3887 2263 683 2267
3888 2235 675 2238
3889 2239 677 2242
3890 2250 680 2251
3891 2291 691 2294
3892 2295 693 2298
3893 2323 701 2326
3894 2334 704 2335
3895 2370 713 2367
3896 2360 711 2357
3897 2309 697 2312
3898 2319 699 2322
3899 2345 706 2344
3900 2407 725 2410
3901 2417 727 2420
3902 2421 729 2424
3903 2444 735 2440
3904 2433 733 2434
