1 35 1083 1081
2 36 1111 1106
3 61 792 809
4 37 1031 1025
5 37 1029 1031
6 51 992 999
7 31 1086 1077
8 20 1217 1226
9 29 1140 1135
10 65 830 820
11 72 840 827
12 71 786 770
13 77 691 717
14 77 700 672
15 85 565 535
16 74 724 734
17 83 684 706
18 85 542 578
19 116 398 402
20 116 390 398
21 113 414 424
22 87 727 714
23 41 1027 1034
24 39 1089 1087
25 52 884 877
26 59 887 896
27 41 1043 1047
28 36 1106 1114
29 11 1305 1304
30 26 1170 1165
31 24 1207 1209
32 23 1200 1196
33 17 1252 1246
34 14 1278 1271
35 8 1323 1316
36 71 770 759
37 67 748 730
38 78 762 768
39 64 781 766
40 68 816 798
41 62 872 854
42 62 864 872
43 59 861 868
44 61 804 785
45 65 846 830
46 69 867 857
47 67 757 748
48 65 852 846
49 74 763 756
50 78 768 776
51 80 657 655
52 83 706 703
53 80 716 713
54 89 630 606
55 87 723 739
56 82 586 584
57 98 526 532
58 83 678 649
59 90 710 698
60 73 651 612
61 87 719 723
62 87 714 719
63 77 672 676
64 91 512 534
65 89 615 642
66 104 517 494
67 93 671 675
68 95 609 581
69 101 501 508
70 107 469 464
71 110 437 442
72 113 410 414
73 113 404 410
74 116 402 395
75 114 435 444
76 103 454 439
77 111 476 478
78 101 521 501
79 111 478 487
80 98 590 555
81 98 593 590
82 106 443 440
83 101 554 521
84 111 487 502
85 108 522 557
86 105 560 597
87 93 690 671
88 100 477 472
89 97 480 493
90 102 603 631
91 94 497 516
92 97 493 490
93 94 516 510
94 89 654 630
95 41 1041 1032
96 46 943 929
97 63 910 898
98 50 952 946
99 56 914 920
100 52 874 884
101 55 849 842
102 55 838 849
103 64 794 787
104 61 809 804
105 60 931 922
106 50 965 952
107 60 930 942
108 46 948 943
109 46 944 948
110 53 945 937
111 50 971 965
112 47 998 991
113 44 1001 1007
114 47 993 998
115 41 1047 1041
116 35 1090 1083
117 41 1032 1027
118 48 1024 1033
119 47 981 993
120 32 1109 1105
121 26 1165 1161
122 33 1130 1131
123 2 1365 1372
124 4 1351 1346
125 2 1376 1365
126 12 1296 1301
127 23 1196 1190
128 9 1327 1326
129 29 1146 1140
130 29 1135 1136
131 31 1094 1091
132 25 1154 1147
133 29 1136 1144
134 22 1179 1173
135 23 1190 1187
136 22 1185 1179
137 20 1227 1222
138 23 1198 1200
139 14 1271 1269
140 22 1188 1185
141 17 1246 1239
142 19 1219 1220
143 16 1248 1243
144 13 1273 1265
145 10 1299 1294
146 15 1275 1274
147 14 1272 1279
148 7 1320 1321
149 4 1346 1347
150 5 1342 1343
151 1 1369 1373
152 2 1372 1375
153 38 1060 1069
154 39 1092 1100
155 58 823 800
156 38 1057 1052
157 34 1055 1045
158 50 966 971
159 35 1081 1088
160 19 1220 1214
161 33 1131 1137
162 68 797 814
163 75 807 826
164 75 801 807
165 73 668 651
166 80 655 692
167 89 611 615
168 73 647 668
169 80 713 686
170 82 584 546
171 113 423 411
172 115 388 387
173 109 419 413
174 90 698 721
175 40 1000 1004
176 42 1070 1078
177 53 926 919
178 56 915 899
179 38 1066 1057
180 35 1097 1096
181 7 1325 1320
182 27 1175 1178
183 20 1222 1215
184 20 1215 1212
185 15 1268 1261
186 11 1290 1291
187 9 1313 1322
188 74 734 754
189 71 759 769
190 80 692 716
191 68 789 797
192 72 827 835
193 63 898 903
194 59 890 875
195 58 810 823
196 62 836 841
197 69 857 865
198 72 835 853
199 68 798 789
200 66 889 881
201 75 811 801
202 77 717 729
203 82 543 586
204 81 765 750
205 78 779 762
206 92 588 622
207 83 703 697
208 80 686 657
209 100 461 477
210 86 633 669
211 93 681 699
212 77 676 691
213 86 669 683
214 89 642 667
215 79 545 587
216 88 553 520
217 85 571 565
218 105 552 560
219 95 596 616
220 96 644 652
221 103 446 460
222 110 442 455
223 109 416 419
224 112 396 397
225 115 386 388
226 114 432 427
227 113 424 423
228 104 479 483
229 114 444 451
230 104 483 507
231 110 455 459
232 99 626 632
233 96 670 644
234 104 494 479
235 102 594 603
236 107 491 481
237 107 498 491
238 104 525 517
239 96 652 679
240 98 555 526
241 94 510 488
242 101 561 554
243 91 530 505
244 95 581 550
245 92 607 577
246 93 675 681
247 45 1042 1048
248 50 946 954
249 66 881 900
250 53 924 938
251 53 937 926
252 49 908 892
253 56 899 888
254 52 877 855
255 62 854 836
256 59 875 856
257 63 906 921
258 54 970 975
259 56 920 915
260 47 979 973
261 43 969 957
262 54 974 970
263 51 997 992
264 48 1021 1017
265 43 972 976
266 44 1016 1006
267 42 1068 1064
268 39 1087 1092
269 44 1007 1019
270 44 1022 1016
271 43 976 969
272 35 1088 1097
273 30 1155 1160
274 36 1114 1118
275 6 1348 1352
276 5 1343 1350
277 3 1368 1377
278 11 1304 1297
279 24 1197 1201
280 5 1349 1342
281 30 1153 1155
282 32 1116 1122
283 28 1117 1113
284 26 1161 1163
285 28 1127 1125
286 26 1163 1171
287 27 1178 1184
288 23 1187 1191
289 18 1244 1242
290 19 1214 1206
291 15 1261 1270
292 19 1206 1203
293 18 1242 1247
294 16 1243 1234
295 14 1269 1262
296 14 1262 1272
297 11 1291 1298
298 11 1297 1290
299 13 1282 1273
300 11 1298 1305
301 8 1324 1331
302 9 1322 1327
303 5 1350 1356
304 5 1356 1357
305 304 1067 1074
306 313 1099 1104
307 228 819 813
308 295 1046 1036
309 293 1049 1039
310 279 978 989
311 307 1080 1079
312 342 1223 1224
313 321 1133 1134
314 235 805 812
315 238 815 821
316 229 788 778
317 195 685 701
318 201 662 666
319 172 591 562
320 202 682 712
321 199 711 709
322 161 582 580
323 124 415 409
324 119 392 394
325 125 420 422
326 208 702 707
327 288 1011 1023
328 306 1075 1082
329 257 912 895
330 255 907 902
331 297 1059 1053
332 310 1103 1107
333 368 1319 1311
334 330 1172 1168
335 340 1216 1213
336 339 1208 1202
337 353 1260 1254
338 360 1284 1277
339 370 1314 1315
340 219 742 752
341 218 749 740
342 214 722 744
343 226 780 773
344 237 817 806
345 254 883 869
346 249 885 879
347 241 829 848
348 236 818 802
349 245 847 839
350 246 844 850
351 222 782 767
352 247 876 860
353 225 790 774
354 216 738 758
355 183 583 620
356 211 745 726
357 214 760 736
358 184 595 601
359 205 718 728
360 183 656 621
361 148 482 504
362 196 639 643
363 204 688 694
364 195 659 636
365 203 689 704
366 200 673 696
367 185 592 634
368 154 549 541
369 172 600 623
370 159 527 509
371 189 624 648
372 186 627 605
373 143 462 484
374 138 449 458
375 129 426 434
376 123 401 408
377 120 391 399
378 126 418 406
379 130 430 436
380 142 463 450
381 139 452 466
382 153 489 495
383 141 465 475
384 178 604 574
385 182 641 613
386 137 474 456
387 170 566 544
388 145 496 499
389 150 514 531
390 159 548 569
391 198 660 665
392 148 518 492
393 144 506 500
394 170 589 608
395 149 524 519
396 155 547 515
397 162 570 537
398 194 664 646
399 296 1038 1035
400 270 939 934
401 258 886 891
402 268 932 936
403 262 933 927
404 251 901 893
405 248 882 862
406 242 866 859
407 233 831 808
408 239 851 828
409 264 913 918
410 275 963 959
411 263 928 935
412 273 967 955
413 271 961 956
414 272 962 949
415 279 987 977
416 286 1012 1002
417 280 983 995
418 283 1010 1003
419 298 1058 1050
420 308 1085 1084
421 290 1014 1020
422 289 1026 1030
423 277 982 988
424 311 1095 1101
425 327 1157 1159
426 316 1119 1126
427 379 1354 1362
428 378 1344 1345
429 385 1367 1366
430 363 1303 1302
431 337 1195 1193
432 373 1341 1335
433 324 1149 1145
434 318 1123 1129
435 312 1112 1102
436 326 1156 1151
437 319 1132 1138
438 331 1166 1169
439 333 1180 1182
440 334 1183 1181
441 347 1236 1229
442 338 1210 1204
443 356 1266 1267
444 336 1199 1192
445 350 1241 1240
446 344 1235 1228
447 351 1258 1250
448 357 1263 1264
449 364 1292 1293
450 359 1289 1283
451 357 1281 1280
452 368 1306 1312
453 375 1332 1338
454 373 1328 1336
455 381 1358 1364
456 382 1363 1371
457 299 1055 1065
458 308 1090 1098
459 241 861 837
460 297 1043 1040
461 299 1060 1051
462 276 979 984
463 303 1063 1071
464 345 1238 1231
465 317 1121 1128
466 226 781 795
467 229 786 803
468 225 763 772
469 202 724 715
470 180 575 625
471 171 553 558
472 193 680 695
473 212 751 733
474 181 650 617
475 130 435 421
476 120 404 400
477 129 437 429
478 197 663 687
479 285 1013 1018
480 301 1066 1073
481 262 914 904
482 263 930 916
483 301 1070 1061
484 311 1109 1108
485 371 1324 1318
486 329 1164 1167
487 343 1225 1218
488 340 1207 1205
489 355 1256 1255
490 359 1275 1276
491 365 1300 1309
492 207 708 732
493 213 720 731
494 201 700 725
495 222 757 764
496 232 791 799
497 250 858 863
498 256 906 894
499 234 822 834
500 233 794 796
501 240 824 832
502 237 816 833
503 227 784 775
504 252 880 870
505 230 793 783
506 210 737 746
507 160 539 579
508 220 761 743
509 223 771 755
510 166 530 563
511 209 741 735
512 199 684 653
513 140 470 486
514 176 571 610
515 194 654 674
516 187 602 619
517 196 678 693
518 190 658 677
519 164 556 598
520 171 611 573
521 176 633 628
522 156 498 503
523 175 607 629
524 182 593 599
525 135 453 467
526 133 433 445
527 127 425 428
528 122 405 407
529 118 389 393
530 128 417 412
531 131 441 438
532 137 443 448
533 134 447 457
534 142 454 473
535 138 469 471
536 173 561 568
537 192 661 637
538 147 485 468
539 165 525 533
540 150 522 511
541 156 552 540
542 165 594 585
543 186 609 638
544 163 536 513
545 157 559 523
546 173 626 618
547 166 588 551
548 169 567 538
549 175 596 564
550 191 635 640
551 292 1022 1028
552 265 917 925
553 247 852 871
554 260 908 923
555 267 951 940
556 260 924 909
557 255 887 873
558 253 897 878
559 243 843 825
560 249 864 845
561 256 890 905
562 272 945 950
563 266 947 941
564 276 966 960
565 277 981 968
566 274 964 958
567 281 986 980
568 287 1009 1005
569 278 985 990
570 289 1024 1015
571 300 1056 1054
572 305 1072 1076
573 284 996 1008
574 292 1042 1037
575 280 1001 994
576 307 1086 1093
577 324 1146 1152
578 314 1115 1120
579 377 1349 1355
580 374 1330 1337
581 380 1353 1361
582 367 1317 1310
583 335 1186 1189
584 377 1348 1340
585 323 1142 1143
586 315 1117 1124
587 315 1116 1110
588 325 1148 1150
589 320 1141 1139
590 326 1154 1162
591 330 1170 1176
592 332 1174 1177
593 348 1232 1230
594 342 1217 1211
595 353 1252 1259
596 338 1198 1194
597 347 1227 1233
598 349 1245 1237
599 354 1253 1251
600 351 1248 1257
601 360 1278 1285
602 363 1296 1288
603 362 1295 1286
604 364 1299 1307
605 371 1325 1333
606 370 1323 1329
607 378 1351 1359
608 381 1369 1370
609 304 1074 1083
610 313 1104 1111
611 228 813 792
612 295 1036 1031
613 293 1039 1029
614 279 989 992
615 307 1079 1086
616 342 1224 1217
617 321 1134 1140
618 235 812 830
619 238 821 840
620 229 778 786
621 195 701 691
622 201 666 700
623 172 562 565
624 202 712 724
625 199 709 684
626 161 580 542
627 124 409 398
628 119 394 390
629 125 422 414
630 208 707 727
631 288 1023 1027
632 306 1082 1089
633 257 895 884
634 255 902 887
635 297 1053 1043
636 310 1107 1106
637 368 1311 1305
638 330 1168 1170
639 340 1213 1207
640 339 1202 1200
641 353 1254 1252
642 360 1277 1278
643 370 1315 1323
644 219 752 770
645 218 740 748
646 214 744 762
647 226 773 781
648 237 806 816
649 254 869 872
650 249 879 864
651 241 848 861
652 236 802 804
653 245 839 846
654 246 850 867
655 222 767 757
656 247 860 852
657 225 774 763
658 216 758 768
659 183 620 657
660 211 726 706
661 214 736 716
662 184 601 630
663 205 728 723
664 183 621 586
665 148 504 526
666 196 643 678
667 204 694 710
668 195 636 651
669 203 704 719
670 200 696 714
671 185 634 672
672 154 541 512
673 172 623 615
674 159 509 517
675 189 648 671
676 186 605 609
677 143 484 501
678 138 458 469
679 129 434 437
680 123 408 410
681 120 399 404
682 126 406 402
683 130 436 435
684 142 450 454
685 139 466 476
686 153 495 521
687 141 475 478
688 178 574 590
689 182 613 593
690 137 456 443
691 170 544 554
692 145 499 487
693 150 531 522
694 159 569 560
695 198 665 690
696 148 492 477
697 144 500 480
698 170 608 603
699 149 519 497
700 155 515 493
701 162 537 516
702 194 646 654
703 296 1035 1041
704 270 934 943
705 258 891 910
706 268 936 952
707 262 927 914
708 251 893 874
709 248 862 849
710 242 859 838
711 233 808 794
712 239 828 809
713 264 918 931
714 275 959 965
715 263 935 930
716 273 955 948
717 271 956 944
718 272 949 945
719 279 977 971
720 286 1002 998
721 280 995 1001
722 283 1003 993
723 298 1050 1047
724 308 1084 1090
725 290 1020 1032
726 289 1030 1024
727 277 988 981
728 311 1101 1109
729 327 1159 1165
730 316 1126 1130
731 379 1362 1365
732 378 1345 1351
733 385 1366 1376
734 363 1302 1296
735 337 1193 1196
736 373 1335 1327
737 324 1145 1146
738 318 1129 1135
739 312 1102 1094
740 326 1151 1154
741 319 1138 1136
742 331 1169 1179
743 333 1182 1190
744 334 1181 1185
745 347 1229 1227
746 338 1204 1198
747 356 1267 1271
748 336 1192 1188
749 350 1240 1246
750 344 1228 1219
751 351 1250 1248
752 357 1264 1273
753 364 1293 1299
754 359 1283 1275
755 357 1280 1272
756 368 1312 1320
757 375 1338 1346
758 373 1336 1342
759 381 1364 1369
760 382 1371 1372
761 299 1067 1060
762 308 1099 1092
763 241 819 823
764 297 1046 1057
765 299 1049 1055
766 276 978 966
767 303 1080 1081
768 345 1223 1220
769 317 1133 1131
770 226 805 797
771 229 815 807
772 225 788 801
773 202 685 668
774 180 662 655
775 171 591 611
776 193 682 647
777 212 711 713
778 181 582 584
779 130 415 423
780 120 392 388
781 129 420 419
782 197 702 698
783 285 1011 1000
784 301 1075 1070
785 262 912 926
786 263 907 915
787 301 1059 1066
788 311 1103 1097
789 371 1319 1325
790 329 1172 1175
791 343 1216 1222
792 340 1208 1215
793 355 1260 1268
794 359 1284 1290
795 365 1314 1313
796 207 742 734
797 213 749 759
798 201 722 692
799 222 780 789
800 232 817 827
801 250 883 898
802 256 885 890
803 234 829 810
804 233 818 836
805 240 847 857
806 237 844 835
807 227 782 798
808 252 876 889
809 230 790 811
810 210 738 717
811 160 583 543
812 220 745 765
813 223 760 779
814 166 595 588
815 209 718 703
816 199 656 686
817 140 482 461
818 176 639 633
819 194 688 681
820 187 659 676
821 196 689 669
822 190 673 642
823 164 592 545
824 171 549 553
825 176 600 571
826 156 527 552
827 175 624 596
828 182 627 644
829 135 462 446
830 133 449 442
831 127 426 416
832 122 401 396
833 118 391 386
834 128 418 432
835 131 430 424
836 137 463 479
837 134 452 444
838 142 489 483
839 138 465 455
840 173 604 626
841 192 641 670
842 147 474 494
843 165 566 594
844 150 496 491
845 156 514 498
846 165 548 525
847 186 660 652
848 163 518 555
849 157 506 510
850 173 589 561
851 166 524 530
852 169 547 581
853 175 570 607
854 191 664 675
855 292 1038 1042
856 265 939 946
857 247 886 881
858 260 932 924
859 267 933 937
860 260 901 908
861 255 882 899
862 253 866 877
863 243 831 854
864 249 851 875
865 256 913 906
866 272 963 970
867 266 928 920
868 276 967 979
869 277 961 969
870 274 962 974
871 281 987 997
872 287 1012 1021
873 278 983 972
874 289 1010 1016
875 300 1058 1068
876 305 1085 1087
877 284 1014 1007
878 292 1026 1022
879 280 982 976
880 307 1095 1088
881 324 1157 1155
882 314 1119 1114
883 377 1354 1348
884 374 1344 1343
885 380 1367 1368
886 367 1303 1304
887 335 1195 1197
888 377 1341 1349
889 323 1149 1153
890 315 1123 1116
891 315 1112 1117
892 325 1156 1161
893 320 1132 1127
894 326 1166 1163
895 330 1180 1178
896 332 1183 1187
897 348 1236 1244
898 342 1210 1214
899 353 1266 1261
900 338 1199 1206
901 347 1241 1242
902 349 1235 1243
903 354 1258 1269
904 351 1263 1262
905 360 1292 1291
906 363 1289 1297
907 362 1281 1282
908 364 1306 1298
909 371 1332 1324
910 370 1328 1322
911 378 1358 1350
912 381 1363 1356
913 299 1065 1067
914 308 1098 1099
915 241 837 819
916 297 1040 1046
917 299 1051 1049
918 276 984 978
919 303 1071 1080
920 345 1231 1223
921 317 1128 1133
922 226 795 805
923 229 803 815
924 225 772 788
925 202 715 685
926 180 625 662
927 171 558 591
928 193 695 682
929 212 733 711
930 181 617 582
931 130 421 415
932 120 400 392
933 129 429 420
934 197 687 702
935 285 1018 1011
936 301 1073 1075
937 262 904 912
938 263 916 907
939 301 1061 1059
940 311 1108 1103
941 371 1318 1319
942 329 1167 1172
943 343 1218 1216
944 340 1205 1208
945 355 1255 1260
946 359 1276 1284
947 365 1309 1314
948 207 732 742
949 213 731 749
950 201 725 722
951 222 764 780
952 232 799 817
953 250 863 883
954 256 894 885
955 234 834 829
956 233 796 818
957 240 832 847
958 237 833 844
959 227 775 782
960 252 870 876
961 230 783 790
962 210 746 738
963 160 579 583
964 220 743 745
965 223 755 760
966 166 563 595
967 209 735 718
968 199 653 656
969 140 486 482
970 176 610 639
971 194 674 688
972 187 619 659
973 196 693 689
974 190 677 673
975 164 598 592
976 171 573 549
977 176 628 600
978 156 503 527
979 175 629 624
980 182 599 627
981 135 467 462
982 133 445 449
983 127 428 426
984 122 407 401
985 118 393 391
986 128 412 418
987 131 438 430
988 137 448 463
989 134 457 452
990 142 473 489
991 138 471 465
992 173 568 604
993 192 637 641
994 147 468 474
995 165 533 566
996 150 511 496
997 156 540 514
998 165 585 548
999 186 638 660
1000 163 513 518
1001 157 523 506
1002 173 618 589
1003 166 551 524
1004 169 538 547
1005 175 564 570
1006 191 640 664
1007 292 1028 1038
1008 265 925 939
1009 247 871 886
1010 260 923 932
1011 267 940 933
1012 260 909 901
1013 255 873 882
1014 253 878 866
1015 243 825 831
1016 249 845 851
1017 256 905 913
1018 272 950 963
1019 266 941 928
1020 276 960 967
1021 277 968 961
1022 274 958 962
1023 281 980 987
1024 287 1005 1012
1025 278 990 983
1026 289 1015 1010
1027 300 1054 1058
1028 305 1076 1085
1029 284 1008 1014
1030 292 1037 1026
1031 280 994 982
1032 307 1093 1095
1033 324 1152 1157
1034 314 1120 1119
1035 377 1355 1354
1036 374 1337 1344
1037 380 1361 1367
1038 367 1310 1303
1039 335 1189 1195
1040 377 1340 1341
1041 323 1143 1149
1042 315 1124 1123
1043 315 1110 1112
1044 325 1150 1156
1045 320 1139 1132
1046 326 1162 1166
1047 330 1176 1180
1048 332 1177 1183
1049 348 1230 1236
1050 342 1211 1210
1051 353 1259 1266
1052 338 1194 1199
1053 347 1233 1241
1054 349 1237 1235
1055 354 1251 1258
1056 351 1257 1263
1057 360 1285 1292
1058 363 1288 1289
1059 362 1286 1281
1060 364 1307 1306
1061 371 1333 1332
1062 370 1329 1328
1063 378 1359 1358
1064 381 1370 1363
1065 34 1063 1055
1066 35 1096 1090
1067 59 856 861
1068 41 1034 1043
1069 38 1052 1060
1070 47 991 979
1071 34 1062 1063
1072 17 1239 1238
1073 32 1122 1121
1074 64 787 781
1075 71 791 786
1076 74 754 763
1077 74 737 724
1078 79 587 575
1079 88 529 553
1080 70 708 680
1081 81 750 751
1082 83 649 650
1083 114 427 435
1084 113 411 404
1085 110 441 437
1086 89 667 663
1087 37 1025 1013
1088 38 1072 1066
1089 56 897 914
1090 60 922 930
1091 42 1064 1070
1092 32 1115 1109
1093 8 1317 1324
1094 30 1160 1164
1095 21 1221 1225
1096 24 1201 1207
1097 18 1247 1256
1098 15 1270 1275
1099 12 1301 1300
1100 70 720 708
1101 70 705 720
1102 77 729 700
1103 67 747 757
1104 71 784 791
1105 65 843 858
1106 63 903 906
1107 55 842 822
1108 64 777 794
1109 68 814 824
1110 68 824 816
1111 71 769 784
1112 69 865 880
1113 78 776 793
1114 74 756 737
1115 79 575 539
1116 84 741 761
1117 81 751 771
1118 91 534 530
1119 84 753 741
1120 83 650 684
1121 97 490 470
1122 85 578 571
1123 89 663 654
1124 76 576 602
1125 83 697 678
1126 86 683 658
1127 76 602 556
1128 89 606 611
1129 86 658 633
1130 107 485 498
1131 92 635 607
1132 98 567 593
1133 100 472 453
1134 106 440 433
1135 106 433 425
1136 109 413 405
1137 112 397 389
1138 117 403 417
1139 110 447 441
1140 106 431 443
1141 110 459 447
1142 103 460 454
1143 107 481 469
1144 101 536 561
1145 99 632 661
1146 107 464 485
1147 104 507 525
1148 108 528 522
1149 105 572 552
1150 102 614 594
1151 95 616 609
1152 101 508 536
1153 95 550 559
1154 99 645 626
1155 92 577 588
1156 98 532 567
1157 95 559 596
1158 92 622 635
1159 44 1019 1022
1160 49 911 917
1161 65 858 852
1162 49 917 908
1163 57 947 951
1164 53 919 924
1165 59 868 887
1166 56 888 897
1167 65 820 843
1168 62 841 864
1169 59 896 890
1170 53 938 945
1171 57 953 947
1172 50 954 966
1173 47 973 981
1174 57 951 964
1175 54 975 986
1176 51 999 1009
1177 40 996 985
1178 48 1017 1024
1179 45 1048 1056
1180 38 1069 1072
1181 40 1004 996
1182 45 1044 1042
1183 44 1006 1001
1184 31 1091 1086
1185 29 1148 1146
1186 32 1121 1115
1187 5 1357 1349
1188 8 1331 1330
1189 6 1352 1353
1190 8 1316 1317
1191 27 1184 1186
1192 6 1339 1348
1193 33 1137 1142
1194 28 1125 1117
1195 32 1105 1116
1196 29 1144 1148
1197 25 1147 1141
1198 25 1158 1154
1199 26 1174 1170
1200 26 1171 1174
1201 21 1225 1232
1202 20 1212 1217
1203 17 1253 1252
1204 23 1191 1198
1205 20 1226 1227
1206 17 1238 1245
1207 17 1245 1253
1208 16 1249 1248
1209 14 1279 1278
1210 12 1287 1296
1211 10 1294 1295
1212 10 1308 1299
1213 7 1334 1325
1214 8 1330 1323
1215 4 1360 1351
1216 1 1374 1369
1217 1083 1074 1081
1218 1111 1104 1106
1219 792 813 809
1220 1031 1036 1025
1221 1029 1039 1031
1222 992 989 999
1223 1086 1079 1077
1224 1217 1224 1226
1225 1140 1134 1135
1226 830 812 820
1227 840 821 827
1228 786 778 770
1229 691 701 717
1230 700 666 672
1231 565 562 535
1232 724 712 734
1233 684 709 706
1234 542 580 578
1235 398 409 402
1236 390 394 398
1237 414 422 424
1238 727 707 714
1239 1027 1023 1034
1240 1089 1082 1087
1241 884 895 877
1242 887 902 896
1243 1043 1053 1047
1244 1106 1107 1114
1245 1305 1311 1304
1246 1170 1168 1165
1247 1207 1213 1209
1248 1200 1202 1196
1249 1252 1254 1246
1250 1278 1277 1271
1251 1323 1315 1316
1252 770 752 759
1253 748 740 730
1254 762 744 768
1255 781 773 766
1256 816 806 798
1257 872 869 854
1258 864 879 872
1259 861 848 868
1260 804 802 785
1261 846 839 830
1262 867 850 857
1263 757 767 748
1264 852 860 846
1265 763 774 756
1266 768 758 776
1267 657 620 655
1268 706 726 703
1269 716 736 713
1270 630 601 606
1271 723 728 739
1272 586 621 584
1273 526 504 532
1274 678 643 649
1275 710 694 698
1276 651 636 612
1277 719 704 723
1278 714 696 719
1279 672 634 676
1280 512 541 534
1281 615 623 642
1282 517 509 494
1283 671 648 675
1284 609 605 581
1285 501 484 508
1286 469 458 464
1287 437 434 442
1288 410 408 414
1289 404 399 410
1290 402 406 395
1291 435 436 444
1292 454 450 439
1293 476 466 478
1294 521 495 501
1295 478 475 487
1296 590 574 555
1297 593 613 590
1298 443 456 440
1299 554 544 521
1300 487 499 502
1301 522 531 557
1302 560 569 597
1303 690 665 671
1304 477 492 472
1305 480 500 493
1306 603 608 631
1307 497 519 516
1308 493 515 490
1309 516 537 510
1310 654 646 630
1311 1041 1035 1032
1312 943 934 929
1313 910 891 898
1314 952 936 946
1315 914 927 920
1316 874 893 884
1317 849 862 842
1318 838 859 849
1319 794 808 787
1320 809 828 804
1321 931 918 922
1322 965 959 952
1323 930 935 942
1324 948 955 943
1325 944 956 948
1326 945 949 937
1327 971 977 965
1328 998 1002 991
1329 1001 995 1007
1330 993 1003 998
1331 1047 1050 1041
1332 1090 1084 1083
1333 1032 1020 1027
1334 1024 1030 1033
1335 981 988 993
1336 1109 1101 1105
1337 1165 1159 1161
1338 1130 1126 1131
1339 1365 1362 1372
1340 1351 1345 1346
1341 1376 1366 1365
1342 1296 1302 1301
1343 1196 1193 1190
1344 1327 1335 1326
1345 1146 1145 1140
1346 1135 1129 1136
1347 1094 1102 1091
1348 1154 1151 1147
1349 1136 1138 1144
1350 1179 1169 1173
1351 1190 1182 1187
1352 1185 1181 1179
1353 1227 1229 1222
1354 1198 1204 1200
1355 1271 1267 1269
1356 1188 1192 1185
1357 1246 1240 1239
1358 1219 1228 1220
1359 1248 1250 1243
1360 1273 1264 1265
1361 1299 1293 1294
1362 1275 1283 1274
1363 1272 1280 1279
1364 1320 1312 1321
1365 1346 1338 1347
1366 1342 1336 1343
1367 1369 1364 1373
1368 1372 1371 1375
1369 1060 1067 1069
1370 1092 1099 1100
1371 823 819 800
1372 1057 1046 1052
1373 1055 1049 1045
1374 966 978 971
1375 1081 1080 1088
1376 1220 1223 1214
1377 1131 1133 1137
1378 797 805 814
1379 807 815 826
1380 801 788 807
1381 668 685 651
1382 655 662 692
1383 611 591 615
1384 647 682 668
1385 713 711 686
1386 584 582 546
1387 423 415 411
1388 388 392 387
1389 419 420 413
1390 698 702 721
1391 1000 1011 1004
1392 1070 1075 1078
1393 926 912 919
1394 915 907 899
1395 1066 1059 1057
1396 1097 1103 1096
1397 1325 1319 1320
1398 1175 1172 1178
1399 1222 1216 1215
1400 1215 1208 1212
1401 1268 1260 1261
1402 1290 1284 1291
1403 1313 1314 1322
1404 734 742 754
1405 759 749 769
1406 692 722 716
1407 789 780 797
1408 827 817 835
1409 898 883 903
1410 890 885 875
1411 810 829 823
1412 836 818 841
1413 857 847 865
1414 835 844 853
1415 798 782 789
1416 889 876 881
1417 811 790 801
1418 717 738 729
1419 543 583 586
1420 765 745 750
1421 779 760 762
1422 588 595 622
1423 703 718 697
1424 686 656 657
1425 461 482 477
1426 633 639 669
1427 681 688 699
1428 676 659 691
1429 669 689 683
1430 642 673 667
1431 545 592 587
1432 553 549 520
1433 571 600 565
1434 552 527 560
1435 596 624 616
1436 644 627 652
1437 446 462 460
1438 442 449 455
1439 416 426 419
1440 396 401 397
1441 386 391 388
1442 432 418 427
1443 424 430 423
1444 479 463 483
1445 444 452 451
1446 483 489 507
1447 455 465 459
1448 626 604 632
1449 670 641 644
1450 494 474 479
1451 594 566 603
1452 491 496 481
1453 498 514 491
1454 525 548 517
1455 652 660 679
1456 555 518 526
1457 510 506 488
1458 561 589 554
1459 530 524 505
1460 581 547 550
1461 607 570 577
1462 675 664 681
1463 1042 1038 1048
1464 946 939 954
1465 881 886 900
1466 924 932 938
1467 937 933 926
1468 908 901 892
1469 899 882 888
1470 877 866 855
1471 854 831 836
1472 875 851 856
1473 906 913 921
1474 970 963 975
1475 920 928 915
1476 979 967 973
1477 969 961 957
1478 974 962 970
1479 997 987 992
1480 1021 1012 1017
1481 972 983 976
1482 1016 1010 1006
1483 1068 1058 1064
1484 1087 1085 1092
1485 1007 1014 1019
1486 1022 1026 1016
1487 976 982 969
1488 1088 1095 1097
1489 1155 1157 1160
1490 1114 1119 1118
1491 1348 1354 1352
1492 1343 1344 1350
1493 1368 1367 1377
1494 1304 1303 1297
1495 1197 1195 1201
1496 1349 1341 1342
1497 1153 1149 1155
1498 1116 1123 1122
1499 1117 1112 1113
1500 1161 1156 1163
1501 1127 1132 1125
1502 1163 1166 1171
1503 1178 1180 1184
1504 1187 1183 1191
1505 1244 1236 1242
1506 1214 1210 1206
1507 1261 1266 1270
1508 1206 1199 1203
1509 1242 1241 1247
1510 1243 1235 1234
1511 1269 1258 1262
1512 1262 1263 1272
1513 1291 1292 1298
1514 1297 1289 1290
1515 1282 1281 1273
1516 1298 1306 1305
1517 1324 1332 1331
1518 1322 1328 1327
1519 1350 1358 1356
1520 1356 1363 1357
1521 1067 1065 1074
1522 1099 1098 1104
1523 819 837 813
1524 1046 1040 1036
1525 1049 1051 1039
1526 978 984 989
1527 1080 1071 1079
1528 1223 1231 1224
1529 1133 1128 1134
1530 805 795 812
1531 815 803 821
1532 788 772 778
1533 685 715 701
1534 662 625 666
1535 591 558 562
1536 682 695 712
1537 711 733 709
1538 582 617 580
1539 415 421 409
1540 392 400 394
1541 420 429 422
1542 702 687 707
1543 1011 1018 1023
1544 1075 1073 1082
1545 912 904 895
1546 907 916 902
1547 1059 1061 1053
1548 1103 1108 1107
1549 1319 1318 1311
1550 1172 1167 1168
1551 1216 1218 1213
1552 1208 1205 1202
1553 1260 1255 1254
1554 1284 1276 1277
1555 1314 1309 1315
1556 742 732 752
1557 749 731 740
1558 722 725 744
1559 780 764 773
1560 817 799 806
1561 883 863 869
1562 885 894 879
1563 829 834 848
1564 818 796 802
1565 847 832 839
1566 844 833 850
1567 782 775 767
1568 876 870 860
1569 790 783 774
1570 738 746 758
1571 583 579 620
1572 745 743 726
1573 760 755 736
1574 595 563 601
1575 718 735 728
1576 656 653 621
1577 482 486 504
1578 639 610 643
1579 688 674 694
1580 659 619 636
1581 689 693 704
1582 673 677 696
1583 592 598 634
1584 549 573 541
1585 600 628 623
1586 527 503 509
1587 624 629 648
1588 627 599 605
1589 462 467 484
1590 449 445 458
1591 426 428 434
1592 401 407 408
1593 391 393 399
1594 418 412 406
1595 430 438 436
1596 463 448 450
1597 452 457 466
1598 489 473 495
1599 465 471 475
1600 604 568 574
1601 641 637 613
1602 474 468 456
1603 566 533 544
1604 496 511 499
1605 514 540 531
1606 548 585 569
1607 660 638 665
1608 518 513 492
1609 506 523 500
1610 589 618 608
1611 524 551 519
1612 547 538 515
1613 570 564 537
1614 664 640 646
1615 1038 1028 1035
1616 939 925 934
1617 886 871 891
1618 932 923 936
1619 933 940 927
1620 901 909 893
1621 882 873 862
1622 866 878 859
1623 831 825 808
1624 851 845 828
1625 913 905 918
1626 963 950 959
1627 928 941 935
1628 967 960 955
1629 961 968 956
1630 962 958 949
1631 987 980 977
1632 1012 1005 1002
1633 983 990 995
1634 1010 1015 1003
1635 1058 1054 1050
1636 1085 1076 1084
1637 1014 1008 1020
1638 1026 1037 1030
1639 982 994 988
1640 1095 1093 1101
1641 1157 1152 1159
1642 1119 1120 1126
1643 1354 1355 1362
1644 1344 1337 1345
1645 1367 1361 1366
1646 1303 1310 1302
1647 1195 1189 1193
1648 1341 1340 1335
1649 1149 1143 1145
1650 1123 1124 1129
1651 1112 1110 1102
1652 1156 1150 1151
1653 1132 1139 1138
1654 1166 1162 1169
1655 1180 1176 1182
1656 1183 1177 1181
1657 1236 1230 1229
1658 1210 1211 1204
1659 1266 1259 1267
1660 1199 1194 1192
1661 1241 1233 1240
1662 1235 1237 1228
1663 1258 1251 1250
1664 1263 1257 1264
1665 1292 1285 1293
1666 1289 1288 1283
1667 1281 1286 1280
1668 1306 1307 1312
1669 1332 1333 1338
1670 1328 1329 1336
1671 1358 1359 1364
1672 1363 1370 1371
1673 1055 1063 1065
1674 1090 1096 1098
1675 861 856 837
1676 1043 1034 1040
1677 1060 1052 1051
1678 979 991 984
1679 1063 1062 1071
1680 1238 1239 1231
1681 1121 1122 1128
1682 781 787 795
1683 786 791 803
1684 763 754 772
1685 724 737 715
1686 575 587 625
1687 553 529 558
1688 680 708 695
1689 751 750 733
1690 650 649 617
1691 435 427 421
1692 404 411 400
1693 437 441 429
1694 663 667 687
1695 1013 1025 1018
1696 1066 1072 1073
1697 914 897 904
1698 930 922 916
1699 1070 1064 1061
1700 1109 1115 1108
1701 1324 1317 1318
1702 1164 1160 1167
1703 1225 1221 1218
1704 1207 1201 1205
1705 1256 1247 1255
1706 1275 1270 1276
1707 1300 1301 1309
1708 708 720 732
1709 720 705 731
1710 700 729 725
1711 757 747 764
1712 791 784 799
1713 858 843 863
1714 906 903 894
1715 822 842 834
1716 794 777 796
1717 824 814 832
1718 816 824 833
1719 784 769 775
1720 880 865 870
1721 793 776 783
1722 737 756 746
1723 539 575 579
1724 761 741 743
1725 771 751 755
1726 530 534 563
1727 741 753 735
1728 684 650 653
1729 470 490 486
1730 571 578 610
1731 654 663 674
1732 602 576 619
1733 678 697 693
1734 658 683 677
1735 556 602 598
1736 611 606 573
1737 633 658 628
1738 498 485 503
1739 607 635 629
1740 593 567 599
1741 453 472 467
1742 433 440 445
1743 425 433 428
1744 405 413 407
1745 389 397 393
1746 417 403 412
1747 441 447 438
1748 443 431 448
1749 447 459 457
1750 454 460 473
1751 469 481 471
1752 561 536 568
1753 661 632 637
1754 485 464 468
1755 525 507 533
1756 522 528 511
1757 552 572 540
1758 594 614 585
1759 609 616 638
1760 536 508 513
1761 559 550 523
1762 626 645 618
1763 588 577 551
1764 567 532 538
1765 596 559 564
1766 635 622 640
1767 1022 1019 1028
1768 917 911 925
1769 852 858 871
1770 908 917 923
1771 951 947 940
1772 924 919 909
1773 887 868 873
1774 897 888 878
1775 843 820 825
1776 864 841 845
1777 890 896 905
1778 945 938 950
1779 947 953 941
1780 966 954 960
1781 981 973 968
1782 964 951 958
1783 986 975 980
1784 1009 999 1005
1785 985 996 990
1786 1024 1017 1015
1787 1056 1048 1054
1788 1072 1069 1076
1789 996 1004 1008
1790 1042 1044 1037
1791 1001 1006 994
1792 1086 1091 1093
1793 1146 1148 1152
1794 1115 1121 1120
1795 1349 1357 1355
1796 1330 1331 1337
1797 1353 1352 1361
1798 1317 1316 1310
1799 1186 1184 1189
1800 1348 1339 1340
1801 1142 1137 1143
1802 1117 1125 1124
1803 1116 1105 1110
1804 1148 1144 1150
1805 1141 1147 1139
1806 1154 1158 1162
1807 1170 1174 1176
1808 1174 1171 1177
1809 1232 1225 1230
1810 1217 1212 1211
1811 1252 1253 1259
1812 1198 1191 1194
1813 1227 1226 1233
1814 1245 1238 1237
1815 1253 1245 1251
1816 1248 1249 1257
1817 1278 1279 1285
1818 1296 1287 1288
1819 1295 1294 1286
1820 1299 1308 1307
1821 1325 1334 1333
1822 1323 1330 1329
1823 1351 1360 1359
1824 1369 1374 1370
1825 1074 303 1081
1826 1104 310 1106
1827 813 239 809
1828 1036 291 1025
1829 1039 295 1031
1830 989 282 999
1831 1079 302 1077
1832 1224 346 1226
1833 1134 318 1135
1834 812 231 820
1835 821 232 827
1836 778 219 770
1837 701 210 717
1838 666 185 672
1839 562 158 535
1840 712 207 734
1841 709 211 706
1842 580 179 578
1843 409 126 402
1844 394 124 398
1845 422 131 424
1846 707 200 714
1847 1023 291 1034
1848 1082 305 1087
1849 895 253 877
1850 902 259 896
1851 1053 298 1047
1852 1107 314 1114
1853 1311 367 1304
1854 1168 327 1165
1855 1213 341 1209
1856 1202 337 1196
1857 1254 350 1246
1858 1277 356 1271
1859 1315 366 1316
1860 752 213 759
1861 740 206 730
1862 744 216 768
1863 773 217 766
1864 806 227 798
1865 869 243 854
1866 879 254 872
1867 848 244 868
1868 802 224 785
1869 839 235 830
1870 850 240 857
1871 767 218 748
1872 860 245 846
1873 774 221 756
1874 758 221 776
1875 620 180 655
1876 726 209 703
1877 736 212 713
1878 601 168 606
1879 728 215 739
1880 621 181 584
1881 504 151 532
1882 643 179 649
1883 694 197 698
1884 636 174 612
1885 704 205 723
1886 696 203 719
1887 634 187 676
1888 541 168 534
1889 623 190 642
1890 509 147 494
1891 648 191 675
1892 605 169 581
1893 484 146 508
1894 458 136 464
1895 434 133 442
1896 408 125 414
1897 399 123 410
1898 406 121 395
1899 436 134 444
1900 450 132 439
1901 466 141 478
1902 495 143 501
1903 475 145 487
1904 574 163 555
1905 613 178 590
1906 456 136 440
1907 544 153 521
1908 499 152 502
1909 531 167 557
1910 569 177 597
1911 665 189 671
1912 492 146 472
1913 500 155 493
1914 608 188 631
1915 519 162 516
1916 515 151 490
1917 537 157 510
1918 646 184 630
1919 1035 290 1032
1920 934 261 929
1921 891 250 898
1922 936 265 946
1923 927 266 920
1924 893 257 884
1925 862 244 842
1926 859 248 849
1927 808 231 787
1928 828 236 804
1929 918 259 922
1930 959 268 952
1931 935 269 942
1932 955 270 943
1933 956 273 948
1934 949 267 937
1935 977 275 965
1936 1002 282 991
1937 995 284 1007
1938 1003 286 998
1939 1050 296 1041
1940 1084 304 1083
1941 1020 288 1027
1942 1030 294 1033
1943 988 283 993
1944 1101 309 1105
1945 1159 325 1161
1946 1126 317 1131
1947 1362 382 1372
1948 1345 375 1346
1949 1366 379 1365
1950 1302 366 1301
1951 1193 333 1190
1952 1335 372 1326
1953 1145 321 1140
1954 1129 319 1136
1955 1102 309 1091
1956 1151 322 1147
1957 1138 322 1144
1958 1169 328 1173
1959 1182 332 1187
1960 1181 331 1179
1961 1229 343 1222
1962 1204 339 1200
1963 1267 354 1269
1964 1192 334 1185
1965 1240 346 1239
1966 1228 345 1220
1967 1250 349 1243
1968 1264 352 1265
1969 1293 361 1294
1970 1283 358 1274
1971 1280 361 1279
1972 1312 369 1321
1973 1338 376 1347
1974 1336 374 1343
1975 1364 383 1373
1976 1371 384 1375
1977 1067 304 1069
1978 1099 313 1100
1979 819 228 800
1980 1046 295 1052
1981 1049 293 1045
1982 978 279 971
1983 1080 307 1088
1984 1223 342 1214
1985 1133 321 1137
1986 805 235 814
1987 815 238 826
1988 788 229 807
1989 685 195 651
1990 662 201 692
1991 591 172 615
1992 682 202 668
1993 711 199 686
1994 582 161 546
1995 415 124 411
1996 392 119 387
1997 420 125 413
1998 702 208 721
1999 1011 288 1004
2000 1075 306 1078
2001 912 257 919
2002 907 255 899
2003 1059 297 1057
2004 1103 310 1096
2005 1319 368 1320
2006 1172 330 1178
2007 1216 340 1215
2008 1208 339 1212
2009 1260 353 1261
2010 1284 360 1291
2011 1314 370 1322
2012 742 219 754
2013 749 218 769
2014 722 214 716
2015 780 226 797
2016 817 237 835
2017 883 254 903
2018 885 249 875
2019 829 241 823
2020 818 236 841
2021 847 245 865
2022 844 246 853
2023 782 222 789
2024 876 247 881
2025 790 225 801
2026 738 216 729
2027 583 183 586
2028 745 211 750
2029 760 214 762
2030 595 184 622
2031 718 205 697
2032 656 183 657
2033 482 148 477
2034 639 196 669
2035 688 204 699
2036 659 195 691
2037 689 203 683
2038 673 200 667
2039 592 185 587
2040 549 154 520
2041 600 172 565
2042 527 159 560
2043 624 189 616
2044 627 186 652
2045 462 143 460
2046 449 138 455
2047 426 129 419
2048 401 123 397
2049 391 120 388
2050 418 126 427
2051 430 130 423
2052 463 142 483
2053 452 139 451
2054 489 153 507
2055 465 141 459
2056 604 178 632
2057 641 182 644
2058 474 137 479
2059 566 170 603
2060 496 145 481
2061 514 150 491
2062 548 159 517
2063 660 198 679
2064 518 148 526
2065 506 144 488
2066 589 170 554
2067 524 149 505
2068 547 155 550
2069 570 162 577
2070 664 194 681
2071 1038 296 1048
2072 939 270 954
2073 886 258 900
2074 932 268 938
2075 933 262 926
2076 901 251 892
2077 882 248 888
2078 866 242 855
2079 831 233 836
2080 851 239 856
2081 913 264 921
2082 963 275 975
2083 928 263 915
2084 967 273 973
2085 961 271 957
2086 962 272 970
2087 987 279 992
2088 1012 286 1017
2089 983 280 976
2090 1010 283 1006
2091 1058 298 1064
2092 1085 308 1092
2093 1014 290 1019
2094 1026 289 1016
2095 982 277 969
2096 1095 311 1097
2097 1157 327 1160
2098 1119 316 1118
2099 1354 379 1352
2100 1344 378 1350
2101 1367 385 1377
2102 1303 363 1297
2103 1195 337 1201
2104 1341 373 1342
2105 1149 324 1155
2106 1123 318 1122
2107 1112 312 1113
2108 1156 326 1163
2109 1132 319 1125
2110 1166 331 1171
2111 1180 333 1184
2112 1183 334 1191
2113 1236 347 1242
2114 1210 338 1206
2115 1266 356 1270
2116 1199 336 1203
2117 1241 350 1247
2118 1235 344 1234
2119 1258 351 1262
2120 1263 357 1272
2121 1292 364 1298
2122 1289 359 1290
2123 1281 357 1273
2124 1306 368 1305
2125 1332 375 1331
2126 1328 373 1327
2127 1358 381 1356
2128 1363 382 1357
2129 1065 303 1074
2130 1098 310 1104
2131 837 239 813
2132 1040 291 1036
2133 1051 295 1039
2134 984 282 989
2135 1071 302 1079
2136 1231 346 1224
2137 1128 318 1134
2138 795 231 812
2139 803 232 821
2140 772 219 778
2141 715 210 701
2142 625 185 666
2143 558 158 562
2144 695 207 712
2145 733 211 709
2146 617 179 580
2147 421 126 409
2148 400 124 394
2149 429 131 422
2150 687 200 707
2151 1018 291 1023
2152 1073 305 1082
2153 904 253 895
2154 916 259 902
2155 1061 298 1053
2156 1108 314 1107
2157 1318 367 1311
2158 1167 327 1168
2159 1218 341 1213
2160 1205 337 1202
2161 1255 350 1254
2162 1276 356 1277
2163 1309 366 1315
2164 732 213 752
2165 731 206 740
2166 725 216 744
2167 764 217 773
2168 799 227 806
2169 863 243 869
2170 894 254 879
2171 834 244 848
2172 796 224 802
2173 832 235 839
2174 833 240 850
2175 775 218 767
2176 870 245 860
2177 783 221 774
2178 746 221 758
2179 579 180 620
2180 743 209 726
2181 755 212 736
2182 563 168 601
2183 735 215 728
2184 653 181 621
2185 486 151 504
2186 610 179 643
2187 674 197 694
2188 619 174 636
2189 693 205 704
2190 677 203 696
2191 598 187 634
2192 573 168 541
2193 628 190 623
2194 503 147 509
2195 629 191 648
2196 599 169 605
2197 467 146 484
2198 445 136 458
2199 428 133 434
2200 407 125 408
2201 393 123 399
2202 412 121 406
2203 438 134 436
2204 448 132 450
2205 457 141 466
2206 473 143 495
2207 471 145 475
2208 568 163 574
2209 637 178 613
2210 468 136 456
2211 533 153 544
2212 511 152 499
2213 540 167 531
2214 585 177 569
2215 638 189 665
2216 513 146 492
2217 523 155 500
2218 618 188 608
2219 551 162 519
2220 538 151 515
2221 564 157 537
2222 640 184 646
2223 1028 290 1035
2224 925 261 934
2225 871 250 891
2226 923 265 936
2227 940 266 927
2228 909 257 893
2229 873 244 862
2230 878 248 859
2231 825 231 808
2232 845 236 828
2233 905 259 918
2234 950 268 959
2235 941 269 935
2236 960 270 955
2237 968 273 956
2238 958 267 949
2239 980 275 977
2240 1005 282 1002
2241 990 284 995
2242 1015 286 1003
2243 1054 296 1050
2244 1076 304 1084
2245 1008 288 1020
2246 1037 294 1030
2247 994 283 988
2248 1093 309 1101
2249 1152 325 1159
2250 1120 317 1126
2251 1355 382 1362
2252 1337 375 1345
2253 1361 379 1366
2254 1310 366 1302
2255 1189 333 1193
2256 1340 372 1335
2257 1143 321 1145
2258 1124 319 1129
2259 1110 309 1102
2260 1150 322 1151
2261 1139 322 1138
2262 1162 328 1169
2263 1176 332 1182
2264 1177 331 1181
2265 1230 343 1229
2266 1211 339 1204
2267 1259 354 1267
2268 1194 334 1192
2269 1233 346 1240
2270 1237 345 1228
2271 1251 349 1250
2272 1257 352 1264
2273 1285 361 1293
2274 1288 358 1283
2275 1286 361 1280
2276 1307 369 1312
2277 1333 376 1338
2278 1329 374 1336
2279 1359 383 1364
2280 1370 384 1371
2281 1063 303 1065
2282 1096 310 1098
2283 856 239 837
2284 1034 291 1040
2285 1052 295 1051
2286 991 282 984
2287 1062 302 1071
2288 1239 346 1231
2289 1122 318 1128
2290 787 231 795
2291 791 232 803
2292 754 219 772
2293 737 210 715
2294 587 185 625
2295 529 158 558
2296 708 207 695
2297 750 211 733
2298 649 179 617
2299 427 126 421
2300 411 124 400
2301 441 131 429
2302 667 200 687
2303 1025 291 1018
2304 1072 305 1073
2305 897 253 904
2306 922 259 916
2307 1064 298 1061
2308 1115 314 1108
2309 1317 367 1318
2310 1160 327 1167
2311 1221 341 1218
2312 1201 337 1205
2313 1247 350 1255
2314 1270 356 1276
2315 1301 366 1309
2316 720 213 732
2317 705 206 731
2318 729 216 725
2319 747 217 764
2320 784 227 799
2321 843 243 863
2322 903 254 894
2323 842 244 834
2324 777 224 796
2325 814 235 832
2326 824 240 833
2327 769 218 775
2328 865 245 870
2329 776 221 783
2330 756 221 746
2331 575 180 579
2332 741 209 743
2333 751 212 755
2334 534 168 563
2335 753 215 735
2336 650 181 653
2337 490 151 486
2338 578 179 610
2339 663 197 674
2340 576 174 619
2341 697 205 693
2342 683 203 677
2343 602 187 598
2344 606 168 573
2345 658 190 628
2346 485 147 503
2347 635 191 629
2348 567 169 599
2349 472 146 467
2350 440 136 445
2351 433 133 428
2352 413 125 407
2353 397 123 393
2354 403 121 412
2355 447 134 438
2356 431 132 448
2357 459 141 457
2358 460 143 473
2359 481 145 471
2360 536 163 568
2361 632 178 637
2362 464 136 468
2363 507 153 533
2364 528 152 511
2365 572 167 540
2366 614 177 585
2367 616 189 638
2368 508 146 513
2369 550 155 523
2370 645 188 618
2371 577 162 551
2372 532 151 538
2373 559 157 564
2374 622 184 640
2375 1019 290 1028
2376 911 261 925
2377 858 250 871
2378 917 265 923
2379 947 266 940
2380 919 257 909
2381 868 244 873
2382 888 248 878
2383 820 231 825
2384 841 236 845
2385 896 259 905
2386 938 268 950
2387 953 269 941
2388 954 270 960
2389 973 273 968
2390 951 267 958
2391 975 275 980
2392 999 282 1005
2393 996 284 990
2394 1017 286 1015
2395 1048 296 1054
2396 1069 304 1076
2397 1004 288 1008
2398 1044 294 1037
2399 1006 283 994
2400 1091 309 1093
2401 1148 325 1152
2402 1121 317 1120
2403 1357 382 1355
2404 1331 375 1337
2405 1352 379 1361
2406 1316 366 1310
2407 1184 333 1189
2408 1339 372 1340
2409 1137 321 1143
2410 1125 319 1124
2411 1105 309 1110
2412 1144 322 1150
2413 1147 322 1139
2414 1158 328 1162
2415 1174 332 1176
2416 1171 331 1177
2417 1225 343 1230
2418 1212 339 1211
2419 1253 354 1259
2420 1191 334 1194
2421 1226 346 1233
2422 1238 345 1237
2423 1245 349 1251
2424 1249 352 1257
2425 1279 361 1285
2426 1287 358 1288
2427 1294 361 1286
2428 1308 369 1307
2429 1334 376 1333
2430 1330 374 1329
2431 1360 383 1359
2432 1374 384 1370
