1.000000 173.941667 -22.775000 -0.000000
2.000000 173.950000 -22.339936 -12913.678491
3.000000 173.950000 -21.957000 -40000.000000
4.000000 173.587284 -22.855541 -0.000000
5.000000 173.543096 -22.399603 -11356.854021
6.000000 173.500876 -22.007444 -40000.000000
7.000000 173.179569 -22.948204 -0.000000
8.000000 173.124850 -22.508660 -11148.548201
9.000000 173.064728 -22.139587 -40000.000000
10.000000 172.715684 -23.053256 -0.000000
11.000000 172.675492 -22.612146 -11195.799306
12.000000 172.632291 -22.240241 -40000.000000
13.000000 172.224519 -23.149891 -0.000000
14.000000 172.222771 -22.701101 -10513.296620
15.000000 172.200171 -22.324929 -40000.000000
16.000000 171.705506 -23.086810 -0.000000
17.000000 171.770173 -22.667801 -11587.570123
18.000000 171.822789 -22.315409 -40000.000000
19.000000 171.241460 -22.962900 -0.000000
20.000000 171.355214 -22.564123 -11992.585341
21.000000 171.460614 -22.233841 -40000.000000
22.000000 170.796373 -22.832053 -0.000000
23.000000 170.971899 -22.447776 -12049.353768
24.000000 171.114709 -22.123322 -40000.000000
25.000000 170.351993 -22.667862 -0.000000
26.000000 170.598744 -22.296257 -11126.034813
27.000000 170.794412 -21.978895 -40000.000000
28.000000 169.969953 -22.378091 -0.000000
29.000000 170.251734 -22.062404 -11430.283614
30.000000 170.476910 -21.799073 -40000.000000
31.000000 169.607023 -22.073689 -0.000000
32.000000 169.929087 -21.789425 -11207.319166
33.000000 170.189199 -21.555957 -40000.000000
34.000000 169.307793 -21.711735 -0.000000
35.000000 169.645008 -21.467112 -11614.768100
36.000000 169.922657 -21.273005 -40000.000000
37.000000 169.008599 -21.355346 -0.000000
38.000000 169.389822 -21.114602 -10156.615657
39.000000 169.703655 -20.928538 -40000.000000
40.000000 168.769926 -20.963564 -0.000000
41.000000 169.162552 -20.746185 -10687.844058
42.000000 169.486635 -20.573440 -40000.000000
43.000000 168.526241 -20.578280 -0.000000
44.000000 168.939708 -20.368892 -10169.788273
45.000000 169.279954 -20.199948 -40000.000000
46.000000 168.313258 -20.182029 -0.000000
47.000000 168.728934 -19.979108 -10188.868030
48.000000 169.071635 -19.815078 -40000.000000
49.000000 168.060973 -19.765015 -0.000000
50.000000 168.493815 -19.559194 -10265.439568
51.000000 168.860711 -19.394538 -40000.000000
52.000000 167.843006 -19.308051 -0.000000
53.000000 168.289253 -19.120105 -11032.071519
54.000000 168.674598 -18.964740 -40000.000000
55.000000 167.623435 -18.834134 -0.000000
56.000000 168.091132 -18.675951 -10888.851579
57.000000 168.491095 -18.533636 -40000.000000
58.000000 167.474094 -18.338043 -0.000000
59.000000 167.931682 -18.218074 -10101.812031
60.000000 168.306388 -18.103951 -40000.000000
61.000000 167.366250 -17.897316 -0.000000
62.000000 167.802213 -17.766550 -10155.753399
63.000000 168.157769 -17.659485 -40000.000000
64.000000 167.265031 -17.469946 -0.000000
65.000000 167.673906 -17.317924 -11255.850921
66.000000 168.019028 -17.210412 -40000.000000
67.000000 167.034121 -17.100788 -0.000000
68.000000 167.490041 -16.900894 -10564.734139
69.000000 167.892899 -16.750744 -40000.000000
70.000000 166.796790 -16.727126 -0.000000
71.000000 167.279643 -16.488416 -11146.340371
72.000000 167.726211 -16.304844 -40000.000000
73.000000 166.550630 -16.295363 -0.000000
74.000000 167.078854 -16.067922 -11892.174552
75.000000 167.570868 -15.873022 -40000.000000
76.000000 166.309518 -15.800774 -0.000000
77.000000 166.852489 -15.649839 -11063.207117
78.000000 167.336633 -15.493868 -40000.000000
79.000000 166.238070 -15.245383 -0.000000
80.000000 166.763403 -15.178614 -10690.141752
81.000000 167.222358 -15.082721 -40000.000000
82.000000 166.259710 -14.791721 -0.000000
83.000000 166.744689 -14.726984 -10804.442150
84.000000 167.157046 -14.645246 -40000.000000
85.000000 166.251016 -14.357454 -0.000000
86.000000 166.662289 -14.302858 -11669.331911
87.000000 166.994181 -14.228283 -40000.000000
88.000000 166.189184 -13.941353 -0.000000
89.000000 166.576922 -13.869142 -12762.884449
90.000000 166.896945 -13.798880 -40000.000000
91.000000 166.116824 -13.515947 -0.000000
92.000000 166.487458 -13.435827 -13075.269067
93.000000 166.792554 -13.368153 -40000.000000
94.000000 166.030112 -13.096909 -0.000000
95.000000 166.399256 -13.006338 -12897.696547
96.000000 166.701955 -12.936420 -40000.000000
97.000000 165.922445 -12.687154 -0.000000
98.000000 166.316542 -12.584216 -11559.608434
99.000000 166.634391 -12.499540 -40000.000000
100.000000 165.810399 -12.300784 -0.000000
101.000000 166.208620 -12.176729 -11056.000773
102.000000 166.528289 -12.070042 -40000.000000
103.000000 165.678903 -11.932596 -0.000000
104.000000 166.074968 -11.780189 -10666.304367
105.000000 166.393004 -11.651237 -40000.000000
106.000000 165.557304 -11.616813 -0.000000
107.000000 165.945198 -11.409263 -11092.207957
108.000000 166.265777 -11.230867 -40000.000000
109.000000 165.386766 -11.359048 -0.000000
110.000000 165.728211 -11.092707 -11858.139614
111.000000 166.015120 -10.863254 -40000.000000
112.000000 165.148439 -11.115105 -0.000000
113.000000 165.442308 -10.819689 -11440.709247
114.000000 165.682038 -10.571527 -40000.000000
115.000000 164.908333 -10.875000 -0.000000
116.000000 165.148989 -10.551409 -12400.592442
117.000000 165.348780 -10.283277 -40000.000000
118.000000 165.028386 -10.995053 -0.000000
119.000000 165.028661 -10.713204 -6200.296221
120.000000 165.175321 -10.847344 -5720.354623
121.000000 165.248884 -10.417343 -26200.296221
122.000000 165.267602 -11.237077 -0.000000
123.000000 165.295373 -10.967397 -5720.354623
124.000000 165.295648 -10.685549 -11920.650844
125.000000 165.414537 -11.089368 -5720.354623
126.000000 165.415513 -10.561468 -26200.296221
127.000000 165.472035 -11.487930 -0.000000
128.000000 165.515409 -10.427402 -40000.000000
129.000000 165.557489 -11.225877 -5929.069807
130.000000 165.562173 -10.695608 -25720.354623
131.000000 165.585260 -10.956198 -11649.424430
132.000000 165.618104 -11.774704 -0.000000
133.000000 165.642757 -11.354760 -5929.069807
134.000000 165.705124 -10.832117 -25929.069807
135.000000 165.744651 -12.116690 -0.000000
136.000000 165.751251 -11.513038 -5546.103979
137.000000 165.816136 -11.698501 -5333.152183
138.000000 165.836704 -11.250985 -11475.173785
139.000000 165.848579 -10.717390 -40000.000000
140.000000 165.866422 -12.493969 -0.000000
141.000000 165.871666 -10.977980 -25929.069807
142.000000 165.876936 -11.856392 -5333.152183
143.000000 165.943762 -12.054663 -5528.000386
144.000000 165.976278 -12.892032 -0.000000
145.000000 165.980159 -11.136258 -25546.103979
146.000000 166.009510 -12.238756 -5528.000386
147.000000 166.010083 -11.594726 -10879.256162
148.000000 166.063471 -12.442500 -5779.804217
149.000000 166.073468 -13.306428 -0.000000
150.000000 166.105487 -11.320065 -25546.103979
151.000000 166.119494 -12.635685 -5779.804217
152.000000 166.140449 -11.047061 -40000.000000
153.000000 166.141794 -11.978459 -10861.152570
154.000000 166.153004 -13.728650 -0.000000
155.000000 166.160850 -12.846746 -6448.848273
156.000000 166.169101 -11.530250 -25546.103979
157.000000 166.214684 -13.051623 -6448.848273
158.000000 166.220100 -14.149404 -0.000000
159.000000 166.233986 -11.715713 -25333.152183
160.000000 166.248890 -15.018552 -0.000000
161.000000 166.255363 -14.574588 -0.000000
162.000000 166.258785 -13.266368 -6537.634534
163.000000 166.262581 -12.380473 -11307.804604
164.000000 166.273794 -15.523079 -0.000000
165.000000 166.301628 -11.925115 -25333.152183
166.000000 166.302141 -13.475887 -6537.634534
167.000000 166.329390 -11.441052 -40000.000000
168.000000 166.346873 -13.692544 -6381.442224
169.000000 166.357899 -12.795277 -12228.652490
170.000000 166.368455 -12.123385 -25528.000386
171.000000 166.383053 -13.905248 -6381.442224
172.000000 166.413969 -14.113298 -6381.442224
173.000000 166.421506 -12.338134 -25528.000386
174.000000 166.430074 -16.048069 -0.000000
175.000000 166.443357 -13.221082 -12986.482807
176.000000 166.456653 -14.330156 -5834.665956
177.000000 166.460646 -11.860640 -40000.000000
178.000000 166.475467 -12.541878 -25779.804217
179.000000 166.497853 -14.542219 -5402.221075
180.000000 166.500737 -15.211999 -5345.070876
181.000000 166.502200 -14.759353 -5402.221075
182.000000 166.509248 -12.760318 -25779.804217
183.000000 166.511557 -14.985168 -5345.070876
184.000000 166.532190 -13.652484 -12919.076758
185.000000 166.545279 -15.447611 -5531.603559
186.000000 166.550605 -12.971379 -26448.848273
187.000000 166.581003 -15.725306 -5531.603559
188.000000 166.581340 -12.284791 -40000.000000
189.000000 166.595905 -13.187245 -26448.848273
190.000000 166.619606 -14.086000 -12216.108180
191.000000 166.640006 -13.401990 -26537.634534
192.000000 166.668173 -12.717980 -40000.000000
193.000000 166.673710 -16.511244 -0.000000
194.000000 166.684738 -13.618648 -26381.442224
195.000000 166.701560 -15.972601 -5531.603559
196.000000 166.703489 -14.514921 -11236.887031
197.000000 166.736934 -13.834011 -26381.442224
198.000000 166.747254 -13.152286 -40000.000000
199.000000 166.754046 -14.952799 -10747.291951
200.000000 166.785551 -14.048713 -26381.442224
201.000000 166.807946 -15.414226 -10876.674435
202.000000 166.814742 -16.181642 -5946.087276
203.000000 166.828235 -14.265570 -25834.665956
204.000000 166.844750 -13.583516 -40000.000000
205.000000 166.869435 -14.477634 -25402.221075
206.000000 166.915456 -16.913957 -0.000000
207.000000 166.937822 -16.397524 -5946.087276
208.000000 166.945563 -14.013581 -40000.000000
209.000000 166.950867 -14.686115 -25402.221075
210.000000 166.965672 -15.858880 -11477.690835
211.000000 166.983524 -14.904853 -25402.221075
212.000000 166.992881 -15.130667 -25345.070876
213.000000 167.038216 -16.607771 -5573.170186
214.000000 167.050018 -15.336241 -25345.070876
215.000000 167.075613 -14.436764 -40000.000000
216.000000 167.094561 -15.571853 -25531.603559
217.000000 167.149576 -17.285367 -0.000000
218.000000 167.156882 -16.794602 -5573.170186
219.000000 167.179249 -16.278169 -11519.257462
220.000000 167.189702 -14.863983 -40000.000000
221.000000 167.207743 -15.780895 -25946.087276
222.000000 167.262081 -17.000841 -5282.367069
223.000000 167.279495 -15.288294 -40000.000000
224.000000 167.315641 -17.683631 -0.000000
225.000000 167.324861 -15.970472 -25946.087276
226.000000 167.377536 -17.185420 -5282.367069
227.000000 167.384842 -16.694655 -10855.537255
228.000000 167.420172 -18.117680 -0.000000
229.000000 167.425256 -16.180719 -25573.170186
230.000000 167.453750 -15.683445 -40000.000000
231.000000 167.469469 -17.393935 -5627.925461
232.000000 167.502927 -16.396630 -25573.170186
233.000000 167.533622 -17.618248 -5077.876699
234.000000 167.548765 -18.586089 -0.000000
235.000000 167.581974 -17.109409 -10910.292530
236.000000 167.584232 -17.831933 -5077.876699
237.000000 167.608126 -16.602869 -25282.367069
238.000000 167.648540 -16.088933 -40000.000000
239.000000 167.648966 -18.057695 -5050.906016
240.000000 167.691470 -16.825819 -25282.367069
241.000000 167.702888 -18.278059 -5050.906016
242.000000 167.733220 -19.071093 -0.000000
243.000000 167.738059 -17.542237 -10705.802160
244.000000 167.777558 -18.526104 -5050.906016
245.000000 167.783402 -17.034334 -25627.925461
246.000000 167.809555 -16.527794 -40000.000000
247.000000 167.846467 -17.264168 -25627.925461
248.000000 167.857284 -18.755043 -5444.425789
249.000000 167.866947 -17.992312 -10128.782715
250.000000 167.915837 -17.488705 -25627.925461
251.000000 167.951989 -19.536533 -0.000000
252.000000 167.955963 -16.980578 -40000.000000
253.000000 167.967069 -18.992001 -5444.425789
254.000000 167.979991 -17.713017 -25077.876699
255.000000 168.011407 -18.447013 -10495.331805
256.000000 168.044725 -17.938780 -25050.906016
257.000000 168.066129 -19.214078 -5516.035759
258.000000 168.088398 -17.434949 -40000.000000
259.000000 168.119035 -18.161013 -25050.906016
260.000000 168.175113 -19.442560 -5516.035759
261.000000 168.187115 -19.973522 -0.000000
262.000000 168.190192 -18.898028 -10960.461549
263.000000 168.198760 -18.389951 -25444.425789
264.000000 168.232078 -17.881718 -40000.000000
265.000000 168.277394 -19.662104 -5132.719784
266.000000 168.291114 -18.604794 -25444.425789
267.000000 168.390174 -18.826870 -25516.035759
268.000000 168.391534 -19.339649 -10648.755543
269.000000 168.398742 -18.318794 -40000.000000
270.000000 168.403536 -19.870612 -5132.719784
271.000000 168.419750 -20.380155 -0.000000
272.000000 168.481925 -19.042422 -25516.035759
273.000000 168.521096 -20.080569 -5094.434015
274.000000 168.582846 -18.749188 -40000.000000
275.000000 168.584206 -19.261967 -25132.719784
276.000000 168.611374 -19.769151 -10227.153799
277.000000 168.627588 -20.278694 -5094.434015
278.000000 168.648084 -20.770922 -0.000000
279.000000 168.677263 -19.476866 -25132.719784
280.000000 168.732975 -20.473586 -5084.894136
281.000000 168.767654 -19.179639 -40000.000000
282.000000 168.794823 -19.686823 -25094.434015
283.000000 168.834321 -20.174000 -10179.328151
284.000000 168.854817 -20.666228 -5084.894136
285.000000 168.889263 -21.159455 -0.000000
286.000000 168.900285 -19.897093 -25094.434015
287.000000 168.966173 -19.604808 -40000.000000
288.000000 168.966239 -20.854874 -5343.922029
289.000000 169.005672 -20.091985 -25084.894136
290.000000 169.051130 -20.557539 -10428.816166
291.000000 169.085576 -21.050765 -5343.922029
292.000000 169.109831 -20.284420 -25084.894136
293.000000 169.158196 -21.533540 -0.000000
294.000000 169.175795 -20.007513 -40000.000000
295.000000 169.199211 -21.234974 -5078.307828
296.000000 169.221253 -20.473067 -25343.922029
297.000000 169.276187 -20.930394 -10422.229858
298.000000 169.324594 -20.659813 -25343.922029
299.000000 169.348808 -21.413169 -5078.307828
300.000000 169.383294 -20.386694 -40000.000000
301.000000 169.438229 -20.844021 -25078.307828
302.000000 169.457408 -21.892712 -0.000000
303.000000 169.476401 -21.589423 -5807.384050
304.000000 169.517415 -21.290857 -10885.691879
305.000000 169.546739 -21.021570 -25078.307828
306.000000 169.595145 -20.750989 -40000.000000
307.000000 169.626015 -21.770401 -5807.384050
308.000000 169.674332 -21.197825 -25807.384050
309.000000 169.768055 -21.931557 -5603.659583
310.000000 169.783833 -21.370058 -25807.384050
311.000000 169.787048 -21.628268 -11411.043633
312.000000 169.788488 -22.225890 -0.000000
313.000000 169.813156 -21.100771 -40000.000000
314.000000 169.925872 -21.531215 -25603.659583
315.000000 169.949520 -22.083758 -5603.659583
316.000000 170.055928 -21.414481 -40000.000000
317.000000 170.059143 -21.672691 -25603.659583
318.000000 170.090411 -21.925914 -11318.801390
319.000000 170.110844 -22.220247 -5715.141807
320.000000 170.160973 -22.522977 -0.000000
321.000000 170.220467 -21.809181 -25715.141807
322.000000 170.301864 -22.365133 -5715.141807
323.000000 170.333054 -21.677515 -40000.000000
324.000000 170.364322 -21.930738 -25715.141807
325.000000 170.425239 -22.179330 -11278.159214
326.000000 170.475369 -22.482060 -5563.017407
327.000000 170.537827 -22.047665 -25563.017407
328.000000 170.574183 -22.749958 -0.000000
329.000000 170.635661 -21.888984 -40000.000000
330.000000 170.696578 -22.137576 -25563.017407
331.000000 170.697559 -22.564155 -5563.017407
332.000000 170.785322 -22.372016 -11587.694291
333.000000 170.883156 -22.213336 -26024.676884
334.000000 170.884136 -22.639914 -6024.676884
335.000000 170.954561 -22.051109 -40000.000000
336.000000 171.018916 -22.897476 -0.000000
337.000000 171.043304 -22.285549 -26024.676884
338.000000 171.106679 -22.705338 -6024.676884
339.000000 171.163557 -22.505950 -12020.969554
340.000000 171.234962 -22.343723 -25996.292670
341.000000 171.287661 -22.178582 -40000.000000
342.000000 171.298337 -22.763511 -5996.292670
343.000000 171.407914 -22.398982 -25996.292670
344.000000 171.473483 -23.024855 -0.000000
345.000000 171.505816 -22.815350 -5793.785061
346.000000 171.562694 -22.615962 -11790.077732
347.000000 171.589002 -22.439766 -25996.292670
348.000000 171.641701 -22.274625 -40000.000000
349.000000 171.737840 -22.877305 -5793.785061
350.000000 171.796481 -22.491605 -25793.785061
351.000000 171.964138 -22.893955 -5256.648310
352.000000 171.965013 -23.118350 -0.000000
353.000000 171.985172 -22.496365 -25793.785061
354.000000 171.996472 -22.684451 -11050.433371
355.000000 172.011480 -22.320169 -40000.000000
356.000000 172.211471 -22.513015 -25256.648310
357.000000 172.223645 -22.925496 -5256.648310
358.000000 172.416231 -22.282585 -40000.000000
359.000000 172.437832 -22.468538 -25597.899653
360.000000 172.449132 -22.656623 -10854.547963
361.000000 172.469227 -22.877178 -5256.648310
362.000000 172.470102 -23.101573 -0.000000
363.000000 172.653892 -22.426194 -25597.899653
364.000000 172.695588 -22.832701 -5597.899653
365.000000 172.848510 -22.189914 -40000.000000
366.000000 172.878570 -22.374451 -25574.274100
367.000000 172.900171 -22.560403 -11172.173753
368.000000 172.927531 -22.780175 -5597.899653
369.000000 172.947627 -23.000730 -0.000000
370.000000 173.094789 -22.324124 -25574.274100
371.000000 173.152210 -22.728432 -5574.274100
372.000000 173.282802 -22.073515 -40000.000000
373.000000 173.303912 -22.269595 -25678.427010
374.000000 173.333973 -22.454132 -11252.701111
375.000000 173.356067 -22.682101 -5574.274100
376.000000 173.383427 -22.901873 -0.000000
377.000000 173.521986 -22.203523 -25678.427010
378.000000 173.565190 -22.627572 -5678.427010
379.000000 173.725438 -22.173690 -26456.839245
380.000000 173.725438 -21.982222 -40000.000000
381.000000 173.742381 -22.587301 -5678.427010
382.000000 173.746548 -22.369769 -12135.266256
383.000000 173.764475 -22.815271 -0.000000
384.000000 173.945833 -22.557468 -6456.839245
385.000000 173.950000 -22.148468 -26456.839245
386.000000 164.968360 -10.935026 -0.000000
387.000000 164.968497 -10.794102 -3100.148110
388.000000 165.041827 -10.861172 -2860.177312
389.000000 165.088412 -11.055079 -0.000000
390.000000 165.088825 -10.632306 -9300.444331
391.000000 165.101853 -10.921199 -2860.177312
392.000000 165.101991 -10.780274 -5960.325422
393.000000 165.161880 -10.981225 -2860.177312
394.000000 165.162155 -10.699376 -9060.473533
395.000000 165.198936 -10.484376 -19300.444331
396.000000 165.208021 -11.176091 -0.000000
397.000000 165.221906 -11.041251 -2860.177312
398.000000 165.222319 -10.618479 -12160.621643
399.000000 165.235347 -10.907371 -5720.354623
400.000000 165.235485 -10.766447 -8820.502734
401.000000 165.281488 -11.102237 -2860.177312
402.000000 165.282251 -10.556438 -19300.444331
403.000000 165.298832 -10.350310 -33100.148110
404.000000 165.308814 -10.833517 -8580.531935
405.000000 165.327184 -11.298062 -0.000000
406.000000 165.332199 -10.489405 -26200.296221
407.000000 165.341070 -11.163222 -2860.177312
408.000000 165.354955 -11.028383 -5720.354623
409.000000 165.355581 -10.623508 -19060.473533
410.000000 165.368841 -10.893543 -8580.531935
411.000000 165.368978 -10.752619 -11680.680046
412.000000 165.382146 -10.422373 -33100.148110
413.000000 165.400652 -11.224208 -2860.177312
414.000000 165.428423 -10.954529 -8580.531935
415.000000 165.428911 -10.690578 -18820.502734
416.000000 165.429401 -11.423489 -0.000000
417.000000 165.432094 -10.355340 -40000.000000
418.000000 165.465461 -10.494435 -33100.148110
419.000000 165.472127 -11.292463 -2964.534903
420.000000 165.486013 -11.157623 -5824.712215
421.000000 165.488843 -10.628538 -25960.325422
422.000000 165.499898 -11.022783 -8684.889527
423.000000 165.502241 -10.757648 -18580.531935
424.000000 165.513784 -10.887943 -11545.066839
425.000000 165.514669 -11.552371 -0.000000
426.000000 165.514762 -11.356904 -2964.534903
427.000000 165.548776 -10.566498 -33100.148110
428.000000 165.557396 -11.421345 -2964.534903
429.000000 165.571374 -11.091038 -8789.247119
430.000000 165.573716 -10.825903 -18684.889527
431.000000 165.587704 -11.695759 -0.000000
432.000000 165.598723 -10.499465 -40000.000000
433.000000 165.600030 -11.485786 -2964.534903
434.000000 165.600123 -11.290319 -5929.069807
435.000000 165.622105 -10.633568 -32860.177312
436.000000 165.633649 -10.763863 -25824.712215
437.000000 165.642850 -11.159292 -8893.604710
438.000000 165.645192 -10.894157 -18789.247119
439.000000 165.648504 -11.853650 -0.000000
440.000000 165.654277 -11.564925 -2773.051989
441.000000 165.656735 -11.024452 -11753.782022
442.000000 165.685484 -11.223733 -8893.604710
443.000000 165.686720 -11.657657 -2666.576092
444.000000 165.693581 -10.701822 -32964.534903
445.000000 165.697004 -11.433899 -5737.586893
446.000000 165.711777 -12.024643 -0.000000
447.000000 165.716668 -10.962412 -18893.604710
448.000000 165.717120 -11.736603 -2666.576092
449.000000 165.739731 -11.302872 -8702.121796
450.000000 165.747520 -11.815548 -2666.576092
451.000000 165.765308 -10.644459 -40000.000000
452.000000 165.776852 -10.774754 -32964.534903
453.000000 165.777525 -12.208737 -0.000000
454.000000 165.777920 -11.894494 -2666.576092
455.000000 165.782458 -11.171846 -11666.656700
456.000000 165.783693 -11.605769 -5439.628081
457.000000 165.788395 -10.905049 -25929.069807
458.000000 165.793977 -11.382011 -8510.638882
459.000000 165.799938 -11.035344 -18893.604710
460.000000 165.811333 -11.993629 -2764.000193
461.000000 165.838411 -12.397376 -0.000000
462.000000 165.844207 -12.085676 -2764.000193
463.000000 165.846536 -11.777446 -5333.152183
464.000000 165.848224 -11.461150 -8319.155968
465.000000 165.854185 -11.114483 -18702.121796
466.000000 165.860122 -10.847685 -32964.534903
467.000000 165.877081 -12.177723 -2764.000193
468.000000 165.880667 -11.553882 -8212.680070
469.000000 165.890951 -11.330124 -11283.690871
470.000000 165.894434 -12.590561 -0.000000
471.000000 165.908432 -11.193622 -18510.638882
472.000000 165.909954 -12.269770 -2764.000193
473.000000 165.910349 -11.955527 -5430.576285
474.000000 165.913109 -11.646613 -8106.204173
475.000000 165.925912 -11.057119 -25737.586893
476.000000 165.931850 -10.790322 -40000.000000
477.000000 165.936935 -12.371642 -2889.902109
478.000000 165.943393 -10.920617 -32964.534903
479.000000 165.945552 -11.739345 -7999.728275
480.000000 165.949362 -12.789593 -0.000000
481.000000 165.962678 -11.272761 -18319.155968
482.000000 165.964946 -12.468234 -2889.902109
483.000000 165.975952 -11.818290 -7999.728275
484.000000 165.976636 -12.146709 -5528.000386
485.000000 165.977640 -11.501994 -10985.732060
486.000000 165.992958 -12.564827 -2889.902109
487.000000 165.997640 -10.999756 -32773.051989
488.000000 166.003195 -12.994470 -0.000000
489.000000 166.009365 -11.917426 -8097.152377
490.000000 166.020969 -12.661419 -2889.902109
491.000000 166.025343 -11.364664 -18319.155968
492.000000 166.036490 -12.340628 -5653.902302
493.000000 166.041648 -12.766950 -3224.424137
494.000000 166.042525 -11.687457 -10772.780264
495.000000 166.042778 -12.016561 -8194.576478
496.000000 166.042823 -11.228162 -25546.103979
497.000000 166.051790 -13.201669 -0.000000
498.000000 166.057149 -11.469756 -18319.155968
499.000000 166.060304 -11.091659 -32773.051989
500.000000 166.068564 -12.869389 -3224.424137
501.000000 166.076191 -12.115696 -8292.000580
502.000000 166.077785 -10.955157 -40000.000000
503.000000 166.089592 -11.562488 -18212.680070
504.000000 166.091482 -12.539092 -5779.804217
505.000000 166.095146 -13.411187 -0.000000
506.000000 166.095481 -12.971828 -3224.424137
507.000000 166.108381 -11.879324 -10763.728468
508.000000 166.109065 -12.207743 -8292.000580
509.000000 166.122034 -11.655219 -18106.204173
510.000000 166.122398 -13.074266 -3224.424137
511.000000 166.122968 -11.183563 -32773.051989
512.000000 166.134914 -13.622298 -0.000000
513.000000 166.136046 -12.309614 -8417.902495
514.000000 166.137294 -11.425158 -25546.103979
515.000000 166.140172 -12.741215 -6114.326245
516.000000 166.144448 -13.181639 -3268.817267
517.000000 166.154477 -11.747951 -17999.728275
518.000000 166.163026 -12.411486 -8543.804410
519.000000 166.166126 -13.286398 -3268.817267
520.000000 166.171094 -13.835002 -0.000000
521.000000 166.175207 -12.077594 -10958.576671
522.000000 166.185632 -11.275466 -32773.051989
523.000000 166.187767 -12.949185 -6448.848273
524.000000 166.187804 -13.391157 -3268.817267
525.000000 166.188298 -11.852652 -17999.728275
526.000000 166.190007 -12.513358 -8669.706326
527.000000 166.201543 -11.622981 -25439.628081
528.000000 166.203113 -11.138964 -40000.000000
529.000000 166.204642 -14.045378 -0.000000
530.000000 166.209482 -13.495917 -3268.817267
531.000000 166.217439 -11.380559 -32773.051989
532.000000 166.218018 -12.609951 -8669.706326
533.000000 166.221711 -11.951787 -18097.152377
534.000000 166.231849 -13.604246 -3190.721112
535.000000 166.235558 -14.253429 -0.000000
536.000000 166.235601 -12.278601 -11181.902688
537.000000 166.236734 -13.158996 -6493.241403
538.000000 166.238696 -12.715481 -9004.228354
539.000000 166.243480 -15.131968 -0.000000
540.000000 166.249246 -11.485651 -32773.051989
541.000000 166.249939 -13.710597 -3190.721112
542.000000 166.253190 -14.466021 -0.000000
543.000000 166.254300 -14.905137 -0.000000
544.000000 166.255124 -12.050922 -18194.576478
545.000000 166.255932 -15.384231 -0.000000
546.000000 166.257536 -14.683155 -0.000000
547.000000 166.259375 -12.821011 -9338.750382
548.000000 166.267807 -11.820414 -25333.152183
549.000000 166.268029 -13.816949 -3190.721112
550.000000 166.280053 -12.926542 -9673.272410
551.000000 166.280463 -13.371127 -6537.634534
552.000000 166.281052 -11.590743 -32773.051989
553.000000 166.286119 -13.923300 -3190.721112
554.000000 166.288538 -12.150057 -18292.000580
555.000000 166.289562 -12.482344 -11433.706519
556.000000 166.291656 -15.661926 -0.000000
557.000000 166.297584 -11.335960 -40000.000000
558.000000 166.301577 -14.027326 -3190.721112
559.000000 166.306970 -13.028981 -9673.272410
560.000000 166.313495 -11.683475 -32666.576092
561.000000 166.315063 -12.257432 -18292.000580
562.000000 166.317035 -14.131351 -3190.721112
563.000000 166.324507 -13.584216 -6459.538379
564.000000 166.329020 -13.136353 -9717.665540
565.000000 166.332493 -14.235376 -3190.721112
566.000000 166.335042 -12.024250 -25430.576285
567.000000 166.337221 -12.689747 -11894.130462
568.000000 166.342044 -12.359303 -18417.902495
569.000000 166.347316 -11.788176 -32666.576092
570.000000 166.351071 -13.243725 -9762.058670
571.000000 166.353835 -14.343805 -2917.332978
572.000000 166.361197 -11.546145 -40000.000000
573.000000 166.364963 -13.798896 -6381.442224
574.000000 166.369024 -12.461175 -18543.804410
575.000000 166.369403 -15.228691 -2672.535438
576.000000 166.369796 -15.924422 -0.000000
577.000000 166.373122 -13.351097 -9806.451800
578.000000 166.374434 -14.449837 -2701.110537
579.000000 166.374813 -15.115275 -2672.535438
580.000000 166.376608 -14.558404 -2701.110537
581.000000 166.378577 -12.900807 -12563.174519
582.000000 166.378781 -14.666970 -2701.110537
583.000000 166.380223 -15.001860 -2672.535438
584.000000 166.380955 -14.775537 -2701.110537
585.000000 166.381137 -11.892877 -32666.576092
586.000000 166.385633 -14.888445 -2672.535438
587.000000 166.391675 -15.346497 -2765.801779
588.000000 166.394800 -13.455857 -9806.451800
589.000000 166.394980 -12.230760 -25528.000386
590.000000 166.396004 -12.563047 -18669.706326
591.000000 166.398511 -14.009273 -6381.442224
592.000000 166.409537 -15.485345 -2765.801779
593.000000 166.412895 -12.672267 -18669.706326
594.000000 166.414959 -11.997579 -32666.576092
595.000000 166.417166 -13.564186 -9728.355646
596.000000 166.421306 -13.113710 -12942.089677
597.000000 166.426825 -11.755938 -40000.000000
598.000000 166.427399 -15.624192 -2765.801779
599.000000 166.433574 -12.777797 -19004.228354
600.000000 166.435311 -14.221727 -6108.054090
601.000000 166.439532 -13.672514 -9650.259491
602.000000 166.445261 -15.763040 -2765.801779
603.000000 166.448372 -12.096714 -32764.000193
604.000000 166.448486 -12.440006 -25653.902302
605.000000 166.454252 -12.883328 -19338.750382
606.000000 166.461898 -13.780843 -9572.163337
607.000000 166.465408 -13.328455 -13030.875937
608.000000 166.474897 -12.204088 -32764.000193
609.000000 166.474930 -12.988858 -19673.272410
610.000000 166.477253 -14.436188 -5618.443515
611.000000 166.479988 -13.887195 -9572.163337
612.000000 166.490352 -16.171716 -0.000000
613.000000 166.492358 -12.651098 -25779.804217
614.000000 166.494468 -11.965341 -40000.000000
615.000000 166.495446 -13.991220 -9572.163337
616.000000 166.497580 -13.096791 -19673.272410
617.000000 166.500026 -14.650786 -5402.221075
618.000000 166.501423 -12.311463 -32764.000193
619.000000 166.505539 -15.886688 -2765.801779
620.000000 166.506147 -15.098583 -5345.070876
621.000000 166.506878 -14.872260 -5373.645975
622.000000 166.509824 -13.544156 -12997.172913
623.000000 166.516788 -14.099649 -9298.775202
624.000000 166.519631 -13.204164 -19717.665540
625.000000 166.523008 -15.329805 -5438.337217
626.000000 166.527948 -12.418837 -32764.000193
627.000000 166.529927 -12.865848 -26114.326245
628.000000 166.538129 -14.208078 -9025.387068
629.000000 166.541682 -13.311536 -19762.058670
630.000000 166.554556 -13.760813 -12840.980603
631.000000 166.554814 -12.177416 -40000.000000
632.000000 166.554929 -12.520709 -32889.902109
633.000000 166.559471 -14.316507 -8751.998934
634.000000 166.563141 -15.586459 -5531.603559
635.000000 166.563732 -13.418908 -19806.451800
636.000000 166.565817 -16.010335 -2765.801779
637.000000 166.571820 -12.629929 -32889.902109
638.000000 166.573255 -13.079312 -26448.848273
639.000000 166.580071 -14.422539 -8535.776493
640.000000 166.586098 -13.527237 -19728.355646
641.000000 166.588711 -12.739149 -32889.902109
642.000000 166.598264 -13.977571 -12489.496315
643.000000 166.600671 -14.528570 -8319.554053
644.000000 166.605601 -12.848369 -32889.902109
645.000000 166.607865 -12.392165 -40000.000000
646.000000 166.608464 -13.635566 -19650.259491
647.000000 166.612170 -16.403304 -0.000000
648.000000 166.617955 -13.294618 -26493.241403
649.000000 166.621271 -14.634602 -8103.331612
650.000000 166.623444 -14.743169 -8103.331612
651.000000 166.626095 -16.133982 -2765.801779
652.000000 166.626280 -12.953899 -33224.424137
653.000000 166.628123 -14.856076 -8074.756513
654.000000 166.630830 -13.743895 -19572.163337
655.000000 166.632070 -15.195306 -8017.606314
656.000000 166.632801 -14.968984 -8046.181413
657.000000 166.637480 -15.081891 -8017.606314
658.000000 166.640948 -14.194429 -11942.720046
659.000000 166.641281 -15.848954 -5531.603559
660.000000 166.648930 -13.061833 -33224.424137
661.000000 166.651282 -12.608760 -40000.000000
662.000000 166.654341 -15.313112 -8110.872655
663.000000 166.656928 -13.851577 -19572.163337
664.000000 166.662372 -13.510319 -26459.538379
665.000000 166.671579 -13.169766 -33224.424137
666.000000 166.676613 -15.430919 -8204.138997
667.000000 166.681237 -13.958927 -19572.163337
668.000000 166.682686 -16.238503 -2973.043638
669.000000 166.682889 -14.408889 -11453.109471
670.000000 166.685064 -12.827200 -40000.000000
671.000000 166.694229 -13.277699 -33224.424137
672.000000 166.698884 -15.548725 -8297.405338
673.000000 166.702579 -14.067356 -19298.775202
674.000000 166.710836 -13.726329 -26381.442224
675.000000 166.716280 -13.385071 -33268.817267
676.000000 166.716746 -15.687572 -8297.405338
677.000000 166.723920 -14.175785 -19025.387068
678.000000 166.724089 -14.620953 -11020.664590
679.000000 166.724604 -13.044353 -40000.000000
680.000000 166.735250 -16.619185 -0.000000
681.000000 166.738646 -13.493400 -33190.721112
682.000000 166.744226 -16.346443 -2973.043638
683.000000 166.745262 -14.284214 -18751.998934
684.000000 166.749368 -14.839892 -10775.867050
685.000000 166.758151 -16.077122 -5738.845417
686.000000 166.758725 -15.065707 -10718.716851
687.000000 166.761243 -13.941362 -26381.442224
688.000000 166.764744 -13.601082 -33190.721112
689.000000 166.765862 -14.390246 -18535.776493
690.000000 166.769904 -13.260220 -40000.000000
691.000000 166.777024 -15.811220 -8297.405338
692.000000 166.785675 -15.296420 -10783.408093
693.000000 166.786462 -14.496277 -18319.554053
694.000000 166.790842 -13.708764 -33190.721112
695.000000 166.805766 -16.454384 -2973.043638
696.000000 166.806893 -14.157142 -26108.054090
697.000000 166.807062 -14.602309 -18103.331612
698.000000 166.816940 -13.816445 -33190.721112
699.000000 166.818652 -13.475835 -40000.000000
700.000000 166.830218 -15.532032 -10969.940776
701.000000 166.833616 -15.915741 -8504.647197
702.000000 166.841248 -13.923796 -33190.721112
703.000000 166.847778 -14.706550 -18103.331612
704.000000 166.848835 -14.371602 -25618.443515
705.000000 166.856123 -16.820541 -0.000000
706.000000 166.864106 -14.815918 -18103.331612
707.000000 166.865557 -14.031147 -33190.721112
708.000000 166.867306 -16.562325 -2973.043638
709.000000 166.868785 -14.928826 -18074.756513
710.000000 166.870848 -13.691198 -40000.000000
711.000000 166.873463 -15.041733 -18046.181413
712.000000 166.876282 -16.289583 -5946.087276
713.000000 166.878142 -15.154641 -18017.606314
714.000000 166.889866 -14.138498 -33190.721112
715.000000 166.890207 -16.020261 -8711.889055
716.000000 166.906711 -15.257428 -18017.606314
717.000000 166.909080 -15.754359 -11270.448976
718.000000 166.910151 -14.581874 -25402.221075
719.000000 166.911208 -14.246927 -32917.332978
720.000000 166.917503 -16.667448 -2786.585093
721.000000 166.921254 -13.906231 -40000.000000
722.000000 166.928982 -15.375234 -18110.872655
723.000000 166.931808 -14.352958 -32701.110537
724.000000 166.946798 -16.124782 -8919.130914
725.000000 166.951253 -15.493040 -18204.138997
726.000000 166.967195 -14.795484 -25402.221075
727.000000 166.969872 -14.120932 -40000.000000
728.000000 166.972524 -14.457199 -32701.110537
729.000000 166.973525 -15.610846 -18297.405338
730.000000 166.974788 -17.007372 -0.000000
731.000000 166.976836 -16.760864 -2786.585093
732.000000 166.988019 -16.502647 -5759.628731
733.000000 166.988202 -15.017760 -25373.645975
734.000000 167.008338 -16.232723 -8919.130914
735.000000 167.013240 -14.561440 -32701.110537
736.000000 167.021449 -15.233454 -25345.070876
737.000000 167.022263 -15.963401 -11684.932693
738.000000 167.030116 -15.715367 -18504.647197
739.000000 167.034897 -14.332524 -40000.000000
740.000000 167.036169 -16.854279 -2786.585093
741.000000 167.053956 -14.665680 -32701.110537
742.000000 167.058535 -16.337846 -8732.672369
743.000000 167.070285 -14.775049 -32701.110537
744.000000 167.072289 -15.454047 -25438.337217
745.000000 167.086613 -14.884418 -32701.110537
746.000000 167.086708 -15.819887 -18711.889055
747.000000 167.091849 -17.193077 -0.000000
748.000000 167.095502 -16.947695 -2786.585093
749.000000 167.097549 -16.701186 -5573.170186
750.000000 167.102941 -14.993787 -32701.110537
751.000000 167.107619 -15.106694 -32672.535438
752.000000 167.108732 -16.442970 -8546.213824
753.000000 167.116329 -14.541005 -40000.000000
754.000000 167.129051 -16.173045 -11705.716007
755.000000 167.136188 -15.209481 -32672.535438
756.000000 167.143299 -15.924408 -18919.130914
757.000000 167.148101 -17.050814 -2641.183535
758.000000 167.151152 -15.676374 -25738.845417
759.000000 167.158930 -16.548094 -8359.755279
760.000000 167.164757 -15.312268 -32672.535438
761.000000 167.173374 -14.754614 -40000.000000
762.000000 167.193325 -15.415055 -32672.535438
763.000000 167.201858 -16.019197 -18919.130914
764.000000 167.205829 -17.143104 -2641.183535
765.000000 167.206030 -14.973352 -40000.000000
766.000000 167.207304 -17.377657 -0.000000
767.000000 167.209482 -16.897721 -5427.768628
768.000000 167.215597 -15.532861 -32765.801779
769.000000 167.218262 -16.641509 -8359.755279
770.000000 167.229446 -16.383293 -11332.798917
771.000000 167.250927 -15.185508 -40000.000000
772.000000 167.252055 -16.124320 -18732.672369
773.000000 167.263556 -17.235393 -2641.183535
774.000000 167.266302 -15.875683 -25946.087276
775.000000 167.270862 -16.744629 -8214.353720
776.000000 167.272188 -15.637381 -32973.043638
777.000000 167.290336 -17.576789 -0.000000
778.000000 167.302252 -16.229444 -18546.213824
779.000000 167.308064 -15.391081 -40000.000000
780.000000 167.319809 -17.093130 -5282.367069
781.000000 167.321284 -17.327683 -2641.183535
782.000000 167.323462 -16.847748 -8068.952162
783.000000 167.330747 -15.732170 -32973.043638
784.000000 167.332242 -16.591536 -11000.938813
785.000000 167.340946 -17.790474 -0.000000
786.000000 167.352449 -16.334568 -18359.755279
787.000000 167.367250 -17.431941 -2813.962730
788.000000 167.375058 -16.075595 -25759.628731
789.000000 167.376061 -16.950867 -7923.550604
790.000000 167.389306 -15.826958 -32973.043638
791.000000 167.391285 -16.442523 -18359.755279
792.000000 167.393211 -18.007498 -0.000000
793.000000 167.395192 -15.588657 -40000.000000
794.000000 167.399327 -17.544097 -2538.938350
795.000000 167.423502 -17.289678 -5455.146265
796.000000 167.424631 -17.650939 -2538.938350
797.000000 167.433789 -17.043157 -7923.550604
798.000000 167.437442 -16.797774 -10710.135697
799.000000 167.443884 -16.545643 -18214.353720
800.000000 167.447133 -18.227862 -0.000000
801.000000 167.447865 -15.921747 -32973.043638
802.000000 167.449936 -17.757782 -2538.938350
803.000000 167.464091 -16.288675 -25573.170186
804.000000 167.475241 -17.864624 -2538.938350
805.000000 167.479755 -17.147414 -8096.329800
806.000000 167.496484 -16.648762 -18068.952162
807.000000 167.498062 -16.026871 -32786.585093
808.000000 167.501545 -17.506091 -5352.901080
809.000000 167.507608 -17.977506 -2525.453008
810.000000 167.511430 -18.462066 -0.000000
811.000000 167.512309 -15.778233 -40000.000000
812.000000 167.525721 -17.251672 -8269.108995
813.000000 167.534569 -18.087687 -2525.453008
814.000000 167.536007 -17.005151 -10737.513335
815.000000 167.536898 -16.134826 -32786.585093
816.000000 167.549084 -16.751881 -17923.550604
817.000000 167.555527 -16.499749 -25427.768628
818.000000 167.558927 -17.725090 -5077.876699
819.000000 167.561530 -18.197869 -2525.453008
820.000000 167.571687 -17.355930 -8441.888191
821.000000 167.575733 -16.242782 -32786.585093
822.000000 167.586100 -18.710111 -0.000000
823.000000 167.588491 -18.308051 -2525.453008
824.000000 167.590756 -16.863356 -17923.550604
825.000000 167.603764 -17.468086 -8166.863810
826.000000 167.609704 -15.980977 -40000.000000
827.000000 167.614569 -16.350737 -32786.585093
828.000000 167.616599 -17.944814 -5064.391357
829.000000 167.625826 -18.432074 -2525.453008
830.000000 167.627940 -17.213666 -11083.071726
831.000000 167.635841 -17.580242 -7891.839430
832.000000 167.636722 -16.967614 -18096.329800
833.000000 167.649798 -16.714344 -25282.367069
834.000000 167.663162 -18.556096 -2525.453008
835.000000 167.667169 -16.453856 -32641.183535
836.000000 167.667917 -17.692399 -7616.815049
837.000000 167.675927 -18.167877 -5050.906016
838.000000 167.678328 -18.952613 -0.000000
839.000000 167.682688 -17.071871 -18269.108995
840.000000 167.687375 -16.196888 -40000.000000
841.000000 167.693222 -17.799241 -7616.815049
842.000000 167.700497 -18.680119 -2525.453008
843.000000 167.705983 -17.430080 -10980.826541
844.000000 167.708841 -16.565331 -32641.183535
845.000000 167.725589 -17.912122 -7603.329707
846.000000 167.728654 -17.176129 -18441.888191
847.000000 167.737436 -16.930076 -25455.146265
848.000000 167.740223 -18.402081 -5050.906016
849.000000 167.740359 -18.794588 -2722.212895
850.000000 167.750512 -16.676806 -32641.183535
851.000000 167.757957 -18.025003 -7589.844365
852.000000 167.760186 -17.291046 -18441.888191
853.000000 167.767883 -16.416319 -40000.000000
854.000000 167.770136 -17.654393 -10430.777780
855.000000 167.788113 -19.189572 -0.000000
856.000000 167.790324 -18.137884 -7576.359023
857.000000 167.792184 -16.788281 -32641.183535
858.000000 167.794872 -17.403314 -18441.888191
859.000000 167.795252 -18.913068 -2722.212895
860.000000 167.814935 -17.149251 -25627.925461
861.000000 167.817285 -18.248066 -7576.359023
862.000000 167.817421 -18.640573 -5247.665902
863.000000 167.826948 -17.515471 -18166.863810
864.000000 167.834580 -17.879431 -10142.268057
865.000000 167.838151 -16.892539 -32813.962730
866.000000 167.850145 -19.031547 -2722.212895
867.000000 167.851227 -16.639269 -40000.000000
868.000000 167.854620 -18.372089 -7576.359023
869.000000 167.859025 -17.627627 -17891.839430
870.000000 167.869683 -17.007456 -32813.962730
871.000000 167.881152 -17.376436 -25627.925461
872.000000 167.891102 -17.739783 -17616.815049
873.000000 167.894483 -18.486558 -7773.118910
874.000000 167.897497 -19.422292 -0.000000
875.000000 167.899314 -18.105193 -10115.297373
876.000000 167.901215 -17.122373 -32813.962730
877.000000 167.905037 -19.150026 -2722.212895
878.000000 167.912176 -18.873522 -5444.425789
879.000000 167.923469 -17.852665 -17603.329707
880.000000 167.924431 -16.865661 -40000.000000
881.000000 167.932747 -17.237290 -32813.962730
882.000000 167.934345 -18.601028 -7969.878797
883.000000 167.947914 -17.600861 -25352.901080
884.000000 167.954567 -19.261065 -2758.017880
885.000000 167.955836 -17.965546 -17589.844365
886.000000 167.967432 -17.349558 -32813.962730
887.000000 167.971544 -18.332543 -10298.571918
888.000000 167.974208 -18.715497 -8166.638684
889.000000 167.987495 -17.095495 -40000.000000
890.000000 167.988203 -18.078427 -17576.359023
891.000000 168.002118 -17.461827 -32813.962730
892.000000 168.006481 -19.650774 -0.000000
893.000000 168.009059 -19.375306 -2758.017880
894.000000 168.012358 -17.825898 -25064.391357
895.000000 168.016599 -19.103040 -5480.230774
896.000000 168.025358 -18.189543 -17576.359023
897.000000 168.029100 -18.833976 -8166.638684
898.000000 168.036803 -17.574095 -32813.962730
899.000000 168.051269 -18.561482 -10692.091692
900.000000 168.053713 -17.322680 -40000.000000
901.000000 168.063551 -19.489546 -2758.017880
902.000000 168.065221 -18.304013 -17773.118910
903.000000 168.068880 -17.686251 -32538.938350
904.000000 168.078630 -18.945015 -8202.443669
905.000000 168.081880 -18.049896 -25050.906016
906.000000 168.101247 -17.799132 -32525.453008
907.000000 168.105083 -18.418482 -17969.878797
908.000000 168.118043 -19.603787 -2758.017880
909.000000 168.120621 -19.328319 -5516.035759
910.000000 168.123083 -17.547217 -40000.000000
911.000000 168.124044 -19.869268 -0.000000
912.000000 168.128161 -19.056053 -8238.248654
913.000000 168.138402 -17.910249 -32525.453008
914.000000 168.140662 -18.786990 -10924.656564
915.000000 168.144946 -18.532951 -18166.638684
916.000000 168.158897 -18.275482 -25247.665902
917.000000 168.169183 -19.713560 -2566.359892
918.000000 168.175557 -18.021365 -32525.453008
919.000000 168.177691 -19.167091 -8274.053639
920.000000 168.191123 -18.640372 -18166.638684
921.000000 168.194923 -17.770602 -40000.000000
922.000000 168.212711 -18.132482 -32525.453008
923.000000 168.226253 -19.552332 -5324.377772
924.000000 168.232183 -19.281332 -8274.053639
925.000000 168.232255 -19.817813 -2566.359892
926.000000 168.239722 -19.009066 -10996.266534
927.000000 168.240653 -18.751411 -18202.443669
928.000000 168.244937 -18.497372 -25444.425789
929.000000 168.250187 -20.077776 -0.000000
930.000000 168.252574 -18.246951 -32722.212895
931.000000 168.269233 -17.992835 -40000.000000
932.000000 168.283323 -19.391105 -8082.395651
933.000000 168.290183 -18.862449 -18238.248654
934.000000 168.295326 -19.922067 -2566.359892
935.000000 168.298751 -18.354372 -32722.212895
936.000000 168.334464 -19.500877 -7890.737664
937.000000 168.339713 -18.973488 -18274.053639
938.000000 168.340393 -19.229877 -10840.413531
939.000000 168.340465 -19.766358 -5132.719784
940.000000 168.340644 -18.715832 -25480.230774
941.000000 168.344928 -18.461794 -32722.212895
942.000000 168.352565 -18.211372 -40000.000000
943.000000 168.358397 -20.026320 -2566.359892
944.000000 168.366504 -20.281092 -0.000000
945.000000 168.385589 -19.081264 -18274.053639
946.000000 168.385604 -19.610649 -7699.079676
947.000000 168.391104 -18.569215 -32722.212895
948.000000 168.417177 -20.131299 -2547.217007
949.000000 168.436049 -18.934646 -25516.035759
950.000000 168.436729 -19.191036 -18082.395651
951.000000 168.440635 -18.680253 -32758.017880
952.000000 168.442674 -19.449422 -10457.097555
953.000000 168.444918 -18.426215 -40000.000000
954.000000 168.448676 -19.714903 -7699.079676
955.000000 168.462316 -19.975590 -5113.576899
956.000000 168.470423 -20.230362 -2547.217007
957.000000 168.472995 -20.479217 -0.000000
958.000000 168.486510 -18.788029 -32758.017880
959.000000 168.487870 -19.300808 -17890.737664
960.000000 168.507455 -19.819881 -7679.936791
961.000000 168.523669 -20.329424 -2547.217007
962.000000 168.532386 -18.895805 -32758.017880
963.000000 168.533066 -19.152195 -25324.377772
964.000000 168.536971 -18.641412 -40000.000000
965.000000 168.539011 -19.410580 -17699.079676
966.000000 168.552595 -19.664173 -10246.296683
967.000000 168.566235 -19.924860 -7660.793907
968.000000 168.574342 -20.179632 -5094.434015
969.000000 168.576914 -20.428487 -2547.217007
970.000000 168.578261 -19.003581 -32758.017880
971.000000 168.585539 -19.518030 -17699.079676
972.000000 168.587162 -20.674601 -0.000000
973.000000 168.625015 -20.029839 -7641.651022
974.000000 168.628722 -18.856964 -40000.000000
975.000000 168.629402 -19.113353 -32566.359892
976.000000 168.629608 -20.525933 -2542.447068
977.000000 168.630735 -19.369417 -25132.719784
978.000000 168.644319 -19.623009 -17679.936791
979.000000 168.670154 -19.874130 -10208.010914
980.000000 168.675930 -19.220803 -32566.359892
981.000000 168.678261 -20.128901 -7641.651022
982.000000 168.680281 -20.376140 -5089.664076
983.000000 168.690529 -20.622254 -2542.447068
984.000000 168.703099 -19.727987 -17660.793907
985.000000 168.709005 -20.867243 -0.000000
986.000000 168.721126 -19.072190 -40000.000000
987.000000 168.722459 -19.328253 -32566.359892
988.000000 168.730954 -20.226347 -7636.881083
989.000000 168.736043 -19.581845 -25113.576899
990.000000 168.751450 -20.718575 -2542.447068
991.000000 168.761878 -19.832966 -17641.651022
992.000000 168.768987 -19.435702 -32566.359892
993.000000 168.781628 -20.076554 -10184.098090
994.000000 168.783648 -20.323793 -7632.111144
995.000000 168.793896 -20.569907 -5084.894136
996.000000 168.812371 -20.814896 -2542.447068
997.000000 168.814183 -19.287089 -40000.000000
998.000000 168.814609 -19.938101 -17641.651022
999.000000 168.827767 -19.540681 -32547.217007
1000.000000 168.829594 -21.061509 -0.000000
1001.000000 168.836341 -20.421239 -7627.341205
1002.000000 168.847554 -19.791958 -25094.434015
1003.000000 168.867303 -20.035547 -17636.881083
1004.000000 168.868083 -20.909219 -2671.961015
1005.000000 168.880498 -19.645816 -32547.217007
1006.000000 168.887015 -20.271446 -10174.558212
1007.000000 168.897263 -20.517560 -7627.341205
1008.000000 168.910528 -20.760551 -5214.408083
1009.000000 168.913442 -19.499673 -40000.000000
1010.000000 168.919996 -20.132993 -17632.111144
1011.000000 168.927751 -21.007165 -2671.961015
1012.000000 168.933229 -19.750951 -32547.217007
1013.000000 168.948931 -21.257400 -0.000000
1014.000000 168.952974 -20.611883 -7756.855151
1015.000000 168.952978 -19.994539 -25089.664076
1016.000000 168.972690 -20.230438 -17627.341205
1017.000000 168.985960 -19.856086 -32547.217007
1018.000000 168.987419 -21.105110 -2671.961015
1019.000000 168.995419 -20.463215 -10299.302219
1020.000000 169.008685 -20.706207 -7886.369097
1021.000000 169.018904 -19.709943 -40000.000000
1022.000000 169.024769 -20.326656 -17627.341205
1023.000000 169.025907 -20.952820 -5343.922029
1024.000000 169.038654 -19.953532 -32542.447068
1025.000000 169.047088 -21.203056 -2671.961015
1026.000000 169.057751 -20.188203 -25084.894136
1027.000000 169.064396 -20.800530 -8015.883044
1028.000000 169.080481 -20.420979 -17756.855151
1029.000000 169.083398 -21.444443 -0.000000
1030.000000 169.090733 -20.049749 -32542.447068
1031.000000 169.103905 -21.295160 -2539.153914
1032.000000 169.106841 -20.651862 -10558.330112
1033.000000 169.123715 -19.911296 -40000.000000
1034.000000 169.124064 -20.898475 -8015.883044
1035.000000 169.136192 -20.515303 -17886.369097
1036.000000 169.142393 -21.142870 -5211.114929
1037.000000 169.142813 -20.145967 -32542.447068
1038.000000 169.165542 -20.378743 -25214.408083
1039.000000 169.178703 -21.384257 -2539.153914
1040.000000 169.180882 -20.990580 -7883.075943
1041.000000 169.191903 -20.609626 -18015.883044
1042.000000 169.194892 -20.242184 -32542.447068
1043.000000 169.219370 -20.838290 -10555.036958
1044.000000 169.227874 -20.103731 -40000.000000
1045.000000 169.232995 -21.622637 -0.000000
1046.000000 169.237699 -21.082684 -7750.268843
1047.000000 169.243573 -20.702999 -18015.883044
1048.000000 169.250603 -20.336508 -32671.961015
1049.000000 169.253502 -21.473354 -2539.153914
1050.000000 169.272923 -20.566440 -25343.922029
1051.000000 169.274009 -21.324071 -5078.307828
1052.000000 169.294516 -21.174788 -7617.461743
1053.000000 169.300390 -20.795103 -17883.075943
1054.000000 169.302274 -20.429880 -32671.961015
1055.000000 169.328300 -21.562452 -2539.153914
1056.000000 169.331624 -20.293321 -40000.000000
1057.000000 169.333005 -21.022498 -10289.422757
1058.000000 169.353944 -20.523253 -32671.961015
1059.000000 169.357208 -20.887207 -17750.268843
1060.000000 169.369315 -21.263885 -7617.461743
1061.000000 169.381411 -20.751917 -25211.114929
1062.000000 169.382601 -21.802223 -0.000000
1063.000000 169.392097 -21.650579 -2903.692025
1064.000000 169.405614 -20.616626 -32671.961015
1065.000000 169.412604 -21.501296 -5442.845939
1066.000000 169.414025 -20.979312 -17617.461743
1067.000000 169.433111 -21.352013 -7981.999853
1068.000000 169.434965 -20.480067 -40000.000000
1069.000000 169.453619 -21.202730 -10521.153768
1070.000000 169.462432 -20.708730 -32539.153914
1071.000000 169.466904 -21.741068 -2903.692025
1072.000000 169.468280 -21.068086 -17617.461743
1073.000000 169.492484 -20.932796 -25078.307828
1074.000000 169.496908 -21.440140 -8346.537964
1075.000000 169.516687 -20.797505 -32539.153914
1076.000000 169.532077 -21.156213 -17981.999853
1077.000000 169.532215 -21.983201 -0.000000
1078.000000 169.540890 -20.662214 -40000.000000
1079.000000 169.541712 -21.831556 -2903.692025
1080.000000 169.551208 -21.679912 -5807.384050
1081.000000 169.560704 -21.528267 -8711.076075
1082.000000 169.570942 -20.886279 -32539.153914
1083.000000 169.581211 -21.378984 -11250.229990
1084.000000 169.595873 -21.244341 -18346.537964
1085.000000 169.610535 -21.109697 -25442.845939
1086.000000 169.616519 -21.922045 -2903.692025
1087.000000 169.625197 -20.975054 -32539.153914
1088.000000 169.635512 -21.618756 -8711.076075
1089.000000 169.649400 -20.839763 -40000.000000
1090.000000 169.659670 -21.332468 -18711.076075
1091.000000 169.687539 -22.002623 -2801.829791
1092.000000 169.688993 -21.063181 -32903.692025
1093.000000 169.697035 -21.850979 -5705.521817
1094.000000 169.697755 -22.149790 -0.000000
1095.000000 169.706531 -21.699334 -8609.213842
1096.000000 169.714420 -21.418585 -18711.076075
1097.000000 169.716028 -21.547690 -11512.905867
1098.000000 169.729082 -21.283942 -25807.384050
1099.000000 169.743744 -21.149298 -32903.692025
1100.000000 169.758406 -21.014655 -40000.000000
1101.000000 169.777551 -21.779913 -8507.351608
1102.000000 169.778272 -22.078724 -2801.829791
1103.000000 169.785440 -21.499163 -18609.213842
1104.000000 169.798494 -21.235415 -32903.692025
1105.000000 169.848571 -21.860491 -8405.489374
1106.000000 169.853245 -21.321532 -32903.692025
1107.000000 169.854852 -21.450637 -25705.521817
1108.000000 169.856460 -21.579741 -18507.351608
1109.000000 169.858068 -21.708846 -11309.181399
1110.000000 169.858788 -22.007657 -5603.659583
1111.000000 169.867907 -21.186888 -40000.000000
1112.000000 169.869004 -22.154824 -2801.829791
1113.000000 169.879221 -22.301990 -0.000000
1114.000000 169.924265 -21.402110 -32801.829791
1115.000000 169.927480 -21.660320 -18405.489374
1116.000000 169.939304 -21.936591 -8405.489374
1117.000000 169.959737 -22.230924 -2801.829791
1118.000000 169.989293 -21.343743 -40000.000000
1119.000000 169.990900 -21.472848 -32801.829791
1120.000000 169.992508 -21.601953 -25603.659583
1121.000000 169.994115 -21.731058 -18405.489374
1122.000000 170.009749 -21.857669 -11263.060278
1123.000000 170.019966 -22.004836 -8461.230486
1124.000000 170.030182 -22.152003 -5659.400695
1125.000000 170.040398 -22.299169 -2857.570904
1126.000000 170.057536 -21.543586 -32801.829791
1127.000000 170.065463 -22.450534 -0.000000
1128.000000 170.074777 -21.799303 -18461.230486
1129.000000 170.100627 -22.073081 -8516.971599
1130.000000 170.122564 -21.485219 -40000.000000
1131.000000 170.124171 -21.614324 -32801.829791
1132.000000 170.135908 -22.371612 -2857.570904
1133.000000 170.139805 -21.740936 -25659.400695
1134.000000 170.155439 -21.867548 -18516.971599
1135.000000 170.171072 -21.994159 -11374.542502
1136.000000 170.181289 -22.141326 -8572.712711
1137.000000 170.204833 -21.682569 -32857.570904
1138.000000 170.206354 -22.292690 -5715.141807
1139.000000 170.231418 -22.444055 -2857.570904
1140.000000 170.236100 -21.935792 -18572.712711
1141.000000 170.256483 -22.595420 -0.000000
1142.000000 170.261127 -21.616736 -40000.000000
1143.000000 170.276761 -21.743348 -32857.570904
1144.000000 170.276799 -22.213769 -8572.712711
1145.000000 170.292394 -21.869960 -25715.141807
1146.000000 170.308028 -21.996571 -18572.712711
1147.000000 170.326928 -22.516498 -2857.570904
1148.000000 170.338487 -22.120867 -11354.221414
1149.000000 170.348688 -21.804127 -32857.570904
1150.000000 170.363551 -22.272232 -8496.650510
1151.000000 170.388616 -22.423596 -5639.079607
1152.000000 170.394781 -22.055034 -18496.650510
1153.000000 170.404982 -21.738294 -40000.000000
1154.000000 170.413681 -22.574961 -2781.508703
1155.000000 170.420616 -21.864905 -32857.570904
1156.000000 170.450304 -22.330695 -8420.588310
1157.000000 170.451074 -21.989202 -25639.079607
1158.000000 170.463088 -22.708910 -0.000000
1159.000000 170.481533 -22.113498 -18420.588310
1160.000000 170.507368 -21.923369 -32781.508703
1161.000000 170.511992 -22.237794 -11202.097013
1162.000000 170.524776 -22.616009 -2781.508703
1163.000000 170.537056 -22.389158 -8344.526110
1164.000000 170.556285 -21.844028 -40000.000000
1165.000000 170.568285 -22.171961 -18344.526110
1166.000000 170.586464 -22.523107 -5563.017407
1167.000000 170.586744 -21.968324 -32781.508703
1168.000000 170.617203 -22.092620 -25563.017407
1169.000000 170.635871 -22.657056 -2781.508703
1170.000000 170.647661 -22.216916 -18344.526110
1171.000000 170.648151 -22.430206 -8344.526110
1172.000000 170.666120 -22.013280 -32781.508703
1173.000000 170.685278 -22.791005 -0.000000
1174.000000 170.692033 -22.334137 -11356.864552
1175.000000 170.715037 -21.933940 -40000.000000
1176.000000 170.740950 -22.254796 -18575.355849
1177.000000 170.741440 -22.468086 -8575.355849
1178.000000 170.745495 -22.058236 -32781.508703
1179.000000 170.746966 -22.698104 -2781.508703
1180.000000 170.789867 -22.175456 -25793.847145
1181.000000 170.790847 -22.602035 -5793.847145
1182.000000 170.834239 -22.292676 -18806.185587
1183.000000 170.834729 -22.505965 -8806.185587
1184.000000 170.838784 -22.096115 -33012.338442
1185.000000 170.840255 -22.735984 -3012.338442
1186.000000 170.874486 -22.015002 -40000.000000
1187.000000 170.878610 -22.409896 -11818.524029
1188.000000 170.907645 -22.864764 -0.000000
1189.000000 170.918858 -22.132222 -33012.338442
1190.000000 170.927527 -22.330556 -19037.015326
1191.000000 170.928018 -22.543845 -9037.015326
1192.000000 170.951526 -22.768695 -3012.338442
1193.000000 170.963230 -22.249442 -26024.676884
1194.000000 170.995408 -22.672626 -6024.676884
1195.000000 170.998932 -22.168329 -33012.338442
1196.000000 171.007602 -22.366663 -19037.015326
1197.000000 171.034635 -22.087215 -40000.000000
1198.000000 171.039289 -22.576557 -9037.015326
1199.000000 171.062798 -22.801407 -3012.338442
1200.000000 171.067728 -22.476863 -12035.161661
1201.000000 171.079007 -22.204435 -33012.338442
1202.000000 171.103430 -22.395749 -19022.823219
1203.000000 171.130188 -22.930188 -0.000000
1204.000000 171.135118 -22.605644 -9022.823219
1205.000000 171.139133 -22.314636 -26010.484777
1206.000000 171.174069 -22.834119 -3012.338442
1207.000000 171.174835 -22.233522 -32998.146335
1208.000000 171.199259 -22.424836 -19008.631112
1209.000000 171.201185 -22.150952 -40000.000000
1210.000000 171.202508 -22.734425 -6010.484777
1211.000000 171.230947 -22.634731 -9008.631112
1212.000000 171.259385 -22.535037 -12006.777448
1213.000000 171.261311 -22.261152 -32998.146335
1214.000000 171.269898 -22.863206 -2998.146335
1215.000000 171.295088 -22.453923 -18994.439006
1216.000000 171.321438 -22.371352 -25996.292670
1217.000000 171.326775 -22.663817 -8994.439006
1218.000000 171.347788 -22.288782 -32998.146335
1219.000000 171.357471 -22.993877 -0.000000
1220.000000 171.373638 -22.889125 -2896.892531
1221.000000 171.374137 -22.206211 -40000.000000
1222.000000 171.381564 -22.481553 -18994.439006
1223.000000 171.402077 -22.789431 -5895.038866
1224.000000 171.430515 -22.689737 -8893.185201
1225.000000 171.434264 -22.316412 -32998.146335
1226.000000 171.458954 -22.590043 -11891.331536
1227.000000 171.472108 -22.501945 -18994.439006
1228.000000 171.489650 -22.920102 -2896.892531
1229.000000 171.498458 -22.419374 -25996.292670
1230.000000 171.524808 -22.336804 -32998.146335
1231.000000 171.534255 -22.715656 -8791.931397
1232.000000 171.551157 -22.254233 -40000.000000
1233.000000 171.575848 -22.527864 -18893.185201
1234.000000 171.589494 -23.055833 -0.000000
1235.000000 171.605661 -22.951080 -2896.892531
1236.000000 171.615351 -22.357196 -32998.146335
1237.000000 171.621828 -22.846328 -5793.785061
1238.000000 171.637995 -22.741575 -8690.677592
1239.000000 171.666434 -22.641881 -11688.823927
1240.000000 171.679587 -22.553783 -18791.931397
1241.000000 171.692741 -22.465685 -25895.038866
1242.000000 171.705895 -22.377588 -32998.146335
1243.000000 171.721673 -22.982058 -2896.892531
1244.000000 171.732245 -22.295017 -40000.000000
1245.000000 171.754006 -22.772553 -8690.677592
1246.000000 171.783327 -22.579703 -18690.677592
1247.000000 171.809635 -22.403507 -32896.892531
1248.000000 171.834822 -22.990383 -2628.324155
1249.000000 171.835259 -23.102580 -0.000000
1250.000000 171.850989 -22.885630 -5525.216686
1251.000000 171.867156 -22.780878 -8422.109216
1252.000000 171.877673 -22.582083 -18690.677592
1253.000000 171.883323 -22.676126 -11319.001747
1254.000000 171.890827 -22.493985 -25793.785061
1255.000000 171.903981 -22.405887 -32896.892531
1256.000000 171.917135 -22.317789 -40000.000000
1257.000000 171.964576 -23.006153 -2628.324155
1258.000000 171.980305 -22.789203 -8153.540841
1259.000000 171.990822 -22.590408 -18422.109216
1260.000000 171.998326 -22.408267 -32896.892531
1261.000000 172.092672 -22.410647 -32896.892531
1262.000000 172.093455 -22.797528 -7884.972465
1263.000000 172.093892 -22.909726 -5256.648310
1264.000000 172.094329 -23.021923 -2628.324155
1265.000000 172.094766 -23.134121 -0.000000
1266.000000 172.098322 -22.504690 -25525.216686
1267.000000 172.103972 -22.598733 -18153.540841
1268.000000 172.105826 -22.322549 -40000.000000
1269.000000 172.109622 -22.692776 -10781.864996
1270.000000 172.205821 -22.418972 -32628.324155
1271.000000 172.217121 -22.607058 -17884.972465
1272.000000 172.223208 -22.813298 -7884.972465
1273.000000 172.224082 -23.037693 -2628.324155
1274.000000 172.308201 -22.303757 -40000.000000
1275.000000 172.319001 -22.396733 -32798.949827
1276.000000 172.324651 -22.490776 -25427.273982
1277.000000 172.330301 -22.584819 -18055.598137
1278.000000 172.335951 -22.678862 -10683.922292
1279.000000 172.345999 -22.789140 -7884.972465
1280.000000 172.346436 -22.901337 -5256.648310
1281.000000 172.346873 -23.013535 -2628.324155
1282.000000 172.347311 -23.125732 -0.000000
1283.000000 172.427031 -22.375561 -32798.949827
1284.000000 172.443482 -22.562580 -18226.223808
1285.000000 172.459180 -22.766901 -8055.598137
1286.000000 172.469664 -22.989376 -2628.324155
1287.000000 172.524261 -22.261413 -40000.000000
1288.000000 172.535061 -22.354389 -32798.949827
1289.000000 172.545862 -22.447366 -25597.899653
1290.000000 172.556662 -22.540342 -18396.849480
1291.000000 172.562312 -22.634385 -11025.173635
1292.000000 172.572360 -22.744662 -8226.223808
1293.000000 172.582408 -22.854940 -5427.273982
1294.000000 172.592456 -22.965217 -2628.324155
1295.000000 172.592893 -23.077415 -0.000000
1296.000000 172.643091 -22.333217 -32798.949827
1297.000000 172.664692 -22.519170 -18396.849480
1298.000000 172.685540 -22.722423 -8396.849480
1299.000000 172.705636 -22.942979 -2798.949827
1300.000000 172.740400 -22.215078 -40000.000000
1301.000000 172.755431 -22.307346 -32787.137050
1302.000000 172.766231 -22.400322 -25586.086877
1303.000000 172.777031 -22.493298 -18385.036703
1304.000000 172.787832 -22.586274 -11183.986530
1305.000000 172.801512 -22.696160 -8396.849480
1306.000000 172.811560 -22.806438 -5597.899653
1307.000000 172.821607 -22.916716 -2798.949827
1308.000000 172.831655 -23.026993 -0.000000
1309.000000 172.863540 -22.282182 -32787.137050
1310.000000 172.889371 -22.467427 -18373.223927
1311.000000 172.913851 -22.670289 -8385.036703
1312.000000 172.937579 -22.890452 -2798.949827
1313.000000 172.956619 -22.164751 -40000.000000
1314.000000 172.971649 -22.257019 -32787.137050
1315.000000 172.986680 -22.349287 -25574.274100
1316.000000 173.001710 -22.441555 -18361.411151
1317.000000 173.012511 -22.534532 -11160.360977
1318.000000 173.026190 -22.644418 -8373.223927
1319.000000 173.039870 -22.754303 -5586.086877
1320.000000 173.053550 -22.864189 -2798.949827
1321.000000 173.063598 -22.974467 -0.000000
1322.000000 173.079759 -22.231855 -32787.137050
1323.000000 173.109820 -22.416392 -18361.411151
1324.000000 173.138530 -22.618546 -8361.411151
1325.000000 173.165890 -22.838318 -2787.137050
1326.000000 173.173765 -22.106551 -40000.000000
1327.000000 173.184320 -22.204591 -32839.213505
1328.000000 173.199351 -22.296859 -25626.350555
1329.000000 173.214381 -22.389128 -18413.487606
1330.000000 173.229412 -22.481396 -11200.624656
1331.000000 173.240459 -22.595380 -8361.411151
1332.000000 173.254138 -22.705266 -5574.274100
1333.000000 173.267818 -22.815152 -2787.137050
1334.000000 173.281498 -22.925038 -0.000000
1335.000000 173.293357 -22.171555 -32839.213505
1336.000000 173.318943 -22.361863 -18465.564061
1337.000000 173.345020 -22.568116 -8413.487606
1338.000000 173.369747 -22.791987 -2787.137050
1339.000000 173.391839 -22.040480 -40000.000000
1340.000000 173.402394 -22.138519 -32839.213505
1341.000000 173.412949 -22.236559 -25678.427010
1342.000000 173.423504 -22.334599 -18517.640515
1343.000000 173.438535 -22.426867 -11304.777566
1344.000000 173.449582 -22.540852 -8465.564061
1345.000000 173.460629 -22.654836 -5626.350555
1346.000000 173.471676 -22.768821 -2787.137050
1347.000000 173.485355 -22.878707 -0.000000
1348.000000 173.511431 -22.105483 -32839.213505
1349.000000 173.532541 -22.301563 -18517.640515
1350.000000 173.554143 -22.513588 -8517.640515
1351.000000 173.576237 -22.741557 -2839.213505
1352.000000 173.613157 -22.090567 -33228.419623
1353.000000 173.613157 -21.994833 -40000.000000
1354.000000 173.623712 -22.188607 -26067.633128
1355.000000 173.634267 -22.286646 -18906.846633
1356.000000 173.642739 -22.493452 -8517.640515
1357.000000 173.644822 -22.384686 -11746.060138
1358.000000 173.653786 -22.607437 -5678.427010
1359.000000 173.664833 -22.721421 -2839.213505
1360.000000 173.675880 -22.835406 -0.000000
1361.000000 173.725438 -22.077956 -33228.419623
1362.000000 173.735993 -22.271730 -19296.052751
1363.000000 173.744465 -22.478535 -8906.846633
1364.000000 173.753428 -22.701286 -2839.213505
1365.000000 173.837719 -22.256813 -19685.258868
1366.000000 173.837719 -22.161079 -26456.839245
1367.000000 173.837719 -22.065345 -33228.419623
1368.000000 173.837719 -21.969611 -40000.000000
1369.000000 173.842024 -22.681151 -2839.213505
1370.000000 173.844107 -22.572385 -6067.633128
1371.000000 173.846191 -22.463619 -9296.052751
1372.000000 173.848274 -22.354853 -12524.472373
1373.000000 173.853071 -22.795135 -0.000000
1374.000000 173.943750 -22.666234 -3228.419623
1375.000000 173.947917 -22.448702 -9685.258868
1376.000000 173.950000 -22.244202 -19685.258868
1377.000000 173.950000 -22.052734 -33228.419623
