1 11 205 212
2 14 238 232
3 2 129 134
4 3 130 131
5 24 306 302
6 35 402 409
7 37 439 441
8 35 409 419
9 12 204 196
10 14 224 231
11 17 257 263
12 14 231 237
13 16 261 268
14 14 237 238
15 23 303 301
16 17 263 264
17 5 153 159
18 8 173 179
19 4 151 155
20 5 160 154
21 9 182 178
22 4 150 151
23 4 163 164
24 7 181 189
25 10 207 216
26 13 228 233
27 10 203 207
28 13 241 242
29 23 301 307
30 16 268 270
31 32 392 381
32 22 310 317
33 19 289 298
34 22 317 323
35 30 347 343
36 25 341 344
37 25 344 350
38 35 410 406
39 28 369 373
40 28 373 384
41 26 329 333
42 32 377 383
43 29 356 360
44 30 359 353
45 33 382 375
46 38 428 433
47 31 407 412
48 34 426 435
49 12 209 204
50 17 252 251
51 3 131 128
52 6 152 143
53 27 322 319
54 33 378 382
55 35 419 423
56 36 408 401
57 11 199 205
58 12 208 209
59 18 259 255
60 15 234 230
61 17 264 258
62 18 255 248
63 20 281 290
64 21 279 273
65 6 156 152
66 5 159 160
67 2 134 138
68 8 174 173
69 12 196 195
70 1 126 135
71 8 180 174
72 8 186 180
73 11 213 206
74 11 212 213
75 7 189 190
76 17 258 252
77 21 283 285
78 20 286 278
79 31 394 400
80 20 290 292
81 20 292 286
82 23 316 312
83 26 333 339
84 22 323 326
85 26 342 338
86 31 400 407
87 25 350 354
88 29 372 366
89 23 314 316
90 30 355 359
91 26 339 342
92 32 381 377
93 35 406 402
94 36 404 408
95 35 418 410
96 35 423 418
97 61 210 211
98 72 245 239
99 41 132 133
100 42 144 139
101 90 315 309
102 112 388 399
103 123 430 437
104 115 411 415
105 61 198 197
106 64 217 223
107 75 260 262
108 68 235 236
109 76 265 267
110 71 249 244
111 86 288 295
112 78 274 269
113 47 157 158
114 51 166 172
115 46 141 149
116 51 167 161
117 56 191 183
118 45 136 142
119 52 175 168
120 55 187 188
121 62 214 215
122 66 219 227
123 60 194 202
124 73 253 247
125 85 291 299
126 80 280 275
127 113 389 385
128 87 300 308
129 83 294 297
130 91 318 321
131 99 336 340
132 96 330 337
133 98 345 348
134 116 403 405
135 104 357 365
136 106 376 380
137 93 320 327
138 105 363 374
139 100 346 352
140 105 371 361
141 112 396 386
142 118 414 424
143 116 416 413
144 120 429 432
145 64 224 218
146 73 241 240
147 43 146 140
148 47 153 145
149 92 314 311
150 110 391 395
151 121 431 434
152 118 428 422
153 58 186 192
154 63 221 222
155 77 271 266
156 70 246 243
157 79 277 272
158 75 257 250
159 82 279 287
160 82 281 276
161 49 169 165
162 50 170 171
163 44 147 148
164 52 163 162
165 57 185 184
166 40 127 137
167 55 181 176
168 58 199 193
169 66 228 220
170 65 225 226
171 59 200 201
172 76 261 254
173 84 293 296
174 83 289 282
175 109 372 379
176 86 303 305
177 87 310 304
178 93 329 325
179 95 328 334
180 94 332 335
181 100 356 351
182 113 392 398
183 101 358 362
184 109 394 387
185 92 322 324
186 103 367 370
187 99 347 349
188 107 368 364
189 114 393 390
190 117 417 421
191 120 426 420
192 123 439 436
193 61 211 205
194 72 239 238
195 41 133 129
196 42 139 130
197 90 309 306
198 112 399 402
199 123 437 439
200 115 415 409
201 61 197 204
202 64 223 224
203 75 262 257
204 68 236 231
205 76 267 261
206 71 244 237
207 86 295 303
208 78 269 263
209 47 158 153
210 51 172 173
211 46 149 151
212 51 161 160
213 56 183 182
214 45 142 150
215 52 168 163
216 55 188 181
217 62 215 207
218 66 227 228
219 60 202 203
220 73 247 241
221 85 299 301
222 80 275 268
223 113 385 392
224 87 308 310
225 83 297 289
226 91 321 317
227 99 340 347
228 96 337 341
229 98 348 344
230 116 405 410
231 104 365 369
232 106 380 373
233 93 327 329
234 105 374 377
235 100 352 356
236 105 361 359
237 112 386 382
238 118 424 428
239 116 413 407
240 120 432 426
241 64 210 209
242 73 245 252
243 43 132 131
244 47 144 152
245 92 315 322
246 110 388 378
247 121 430 419
248 118 411 408
249 58 198 199
250 63 217 208
251 77 260 259
252 70 235 234
253 79 265 264
254 75 249 255
255 82 288 281
256 82 274 279
257 49 157 156
258 50 166 159
259 44 141 134
260 52 167 174
261 57 191 196
262 40 136 126
263 55 175 180
264 58 187 186
265 66 214 213
266 65 219 212
267 59 194 189
268 76 253 258
269 84 291 283
270 83 280 286
271 109 389 394
272 86 300 290
273 87 294 292
274 93 318 316
275 95 336 333
276 94 330 323
277 100 345 342
278 113 403 400
279 101 357 350
280 109 376 372
281 92 320 314
282 103 363 355
283 99 346 339
284 107 371 381
285 114 396 406
286 117 414 404
287 120 416 418
288 123 429 423
289 64 218 210
290 73 240 245
291 43 140 132
292 47 145 144
293 92 311 315
294 110 395 388
295 121 434 430
296 118 422 411
297 58 192 198
298 63 222 217
299 77 266 260
300 70 243 235
301 79 272 265
302 75 250 249
303 82 287 288
304 82 276 274
305 49 165 157
306 50 171 166
307 44 148 141
308 52 162 167
309 57 184 191
310 40 137 136
311 55 176 175
312 58 193 187
313 66 220 214
314 65 226 219
315 59 201 194
316 76 254 253
317 84 296 291
318 83 282 280
319 109 379 389
320 86 305 300
321 87 304 294
322 93 325 318
323 95 334 336
324 94 335 330
325 100 351 345
326 113 398 403
327 101 362 357
328 109 387 376
329 92 324 320
330 103 370 363
331 99 349 346
332 107 364 371
333 114 390 396
334 117 421 414
335 120 420 416
336 123 436 429
337 14 225 224
338 13 233 241
339 5 147 146
340 5 146 153
341 23 307 314
342 36 401 391
343 38 438 431
344 38 431 428
345 8 185 186
346 15 230 221
347 21 273 271
348 18 248 246
349 20 278 277
350 17 251 257
351 21 285 279
352 20 277 281
353 9 170 169
354 9 178 170
355 5 154 147
356 4 155 163
357 8 179 185
358 2 138 127
359 7 177 181
360 11 200 199
361 13 229 228
362 14 232 225
363 11 206 200
364 16 256 261
365 24 302 293
366 19 284 289
367 29 368 372
368 23 312 303
369 22 313 310
370 26 332 329
371 27 331 328
372 26 338 332
373 29 358 356
374 32 393 392
375 29 366 358
376 31 397 394
377 27 328 322
378 33 375 367
379 30 353 347
380 29 360 368
381 32 383 393
382 39 427 417
383 34 425 426
384 37 440 439
385 205 211 212
386 238 239 232
387 129 133 134
388 130 139 131
389 306 309 302
390 402 399 409
391 439 437 441
392 409 415 419
393 204 197 196
394 224 223 231
395 257 262 263
396 231 236 237
397 261 267 268
398 237 244 238
399 303 295 301
400 263 269 264
401 153 158 159
402 173 172 179
403 151 149 155
404 160 161 154
405 182 183 178
406 150 142 151
407 163 168 164
408 181 188 189
409 207 215 216
410 228 227 233
411 203 202 207
412 241 247 242
413 301 299 307
414 268 275 270
415 392 385 381
416 310 308 317
417 289 297 298
418 317 321 323
419 347 340 343
420 341 337 344
421 344 348 350
422 410 405 406
423 369 365 373
424 373 380 384
425 329 327 333
426 377 374 383
427 356 352 360
428 359 361 353
429 382 386 375
430 428 424 433
431 407 413 412
432 426 432 435
433 209 210 204
434 252 245 251
435 131 132 128
436 152 144 143
437 322 315 319
438 378 388 382
439 419 430 423
440 408 411 401
441 199 198 205
442 208 217 209
443 259 260 255
444 234 235 230
445 264 265 258
446 255 249 248
447 281 288 290
448 279 274 273
449 156 157 152
450 159 166 160
451 134 141 138
452 174 167 173
453 196 191 195
454 126 136 135
455 180 175 174
456 186 187 180
457 213 214 206
458 212 219 213
459 189 194 190
460 258 253 252
461 283 291 285
462 286 280 278
463 394 389 400
464 290 300 292
465 292 294 286
466 316 318 312
467 333 336 339
468 323 330 326
469 342 345 338
470 400 403 407
471 350 357 354
472 372 376 366
473 314 320 316
474 355 363 359
475 339 346 342
476 381 371 377
477 406 396 402
478 404 414 408
479 418 416 410
480 423 429 418
481 210 218 211
482 245 240 239
483 132 140 133
484 144 145 139
485 315 311 309
486 388 395 399
487 430 434 437
488 411 422 415
489 198 192 197
490 217 222 223
491 260 266 262
492 235 243 236
493 265 272 267
494 249 250 244
495 288 287 295
496 274 276 269
497 157 165 158
498 166 171 172
499 141 148 149
500 167 162 161
501 191 184 183
502 136 137 142
503 175 176 168
504 187 193 188
505 214 220 215
506 219 226 227
507 194 201 202
508 253 254 247
509 291 296 299
510 280 282 275
511 389 379 385
512 300 305 308
513 294 304 297
514 318 325 321
515 336 334 340
516 330 335 337
517 345 351 348
518 403 398 405
519 357 362 365
520 376 387 380
521 320 324 327
522 363 370 374
523 346 349 352
524 371 364 361
525 396 390 386
526 414 421 424
527 416 420 413
528 429 436 432
529 224 225 218
530 241 233 240
531 146 147 140
532 153 146 145
533 314 307 311
534 391 401 395
535 431 438 434
536 428 431 422
537 186 185 192
538 221 230 222
539 271 273 266
540 246 248 243
541 277 278 272
542 257 251 250
543 279 285 287
544 281 277 276
545 169 170 165
546 170 178 171
547 147 154 148
548 163 155 162
549 185 179 184
550 127 138 137
551 181 177 176
552 199 200 193
553 228 229 220
554 225 232 226
555 200 206 201
556 261 256 254
557 293 302 296
558 289 284 282
559 372 368 379
560 303 312 305
561 310 313 304
562 329 332 325
563 328 331 334
564 332 338 335
565 356 358 351
566 392 393 398
567 358 366 362
568 394 397 387
569 322 328 324
570 367 375 370
571 347 353 349
572 368 360 364
573 393 383 390
574 417 427 421
575 426 425 420
576 439 440 436
577 211 65 212
578 239 69 232
579 133 44 134
580 139 43 131
581 309 88 302
582 399 115 409
583 437 125 441
584 415 121 419
585 197 57 196
586 223 68 231
587 262 78 263
588 236 71 237
589 267 80 268
590 244 72 238
591 295 85 301
592 269 79 264
593 158 50 159
594 172 54 179
595 149 48 155
596 161 48 154
597 183 54 178
598 142 46 151
599 168 53 164
600 188 59 189
601 215 67 216
602 227 69 233
603 202 62 207
604 247 74 242
605 299 88 307
606 275 81 270
607 385 107 381
608 308 91 317
609 297 89 298
610 321 94 323
611 340 97 343
612 337 98 344
613 348 101 350
614 405 114 406
615 365 106 373
616 380 111 384
617 327 95 333
618 374 108 383
619 352 102 360
620 361 102 353
621 386 108 375
622 424 122 433
623 413 119 412
624 432 124 435
625 210 61 204
626 245 72 251
627 132 41 128
628 144 42 143
629 315 90 319
630 388 112 382
631 430 123 423
632 411 115 401
633 198 61 205
634 217 64 209
635 260 75 255
636 235 68 230
637 265 76 258
638 249 71 248
639 288 86 290
640 274 78 273
641 157 47 152
642 166 51 160
643 141 46 138
644 167 51 173
645 191 56 195
646 136 45 135
647 175 52 174
648 187 55 180
649 214 62 206
650 219 66 213
651 194 60 190
652 253 73 252
653 291 85 285
654 280 80 278
655 389 113 400
656 300 87 292
657 294 83 286
658 318 91 312
659 336 99 339
660 330 96 326
661 345 98 338
662 403 116 407
663 357 104 354
664 376 106 366
665 320 93 316
666 363 105 359
667 346 100 342
668 371 105 377
669 396 112 402
670 414 118 408
671 416 116 410
672 429 120 418
673 218 65 211
674 240 69 239
675 140 44 133
676 145 43 139
677 311 88 309
678 395 115 399
679 434 125 437
680 422 121 415
681 192 57 197
682 222 68 223
683 266 78 262
684 243 71 236
685 272 80 267
686 250 72 244
687 287 85 295
688 276 79 269
689 165 50 158
690 171 54 172
691 148 48 149
692 162 48 161
693 184 54 183
694 137 46 142
695 176 53 168
696 193 59 188
697 220 67 215
698 226 69 227
699 201 62 202
700 254 74 247
701 296 88 299
702 282 81 275
703 379 107 385
704 305 91 308
705 304 89 297
706 325 94 321
707 334 97 340
708 335 98 337
709 351 101 348
710 398 114 405
711 362 106 365
712 387 111 380
713 324 95 327
714 370 108 374
715 349 102 352
716 364 102 361
717 390 108 386
718 421 122 424
719 420 119 413
720 436 124 432
721 225 65 218
722 233 69 240
723 147 44 140
724 146 43 145
725 307 88 311
726 401 115 395
727 438 125 434
728 431 121 422
729 185 57 192
730 230 68 222
731 273 78 266
732 248 71 243
733 278 80 272
734 251 72 250
735 285 85 287
736 277 79 276
737 170 50 165
738 178 54 171
739 154 48 148
740 155 48 162
741 179 54 184
742 138 46 137
743 177 53 176
744 200 59 193
745 229 67 220
746 232 69 226
747 206 62 201
748 256 74 254
749 302 88 296
750 284 81 282
751 368 107 379
752 312 91 305
753 313 89 304
754 332 94 325
755 331 97 334
756 338 98 335
757 358 101 351
758 393 114 398
759 366 106 362
760 397 111 387
761 328 95 324
762 375 108 370
763 353 102 349
764 360 102 364
765 383 108 390
766 427 122 421
767 425 119 420
768 440 124 436
