1.000000 164.407824 -11.103280 -0.000000
2.000000 164.311974 -10.736144 -19714.968449
3.000000 164.243537 -10.470918 -55000.000000
4.000000 163.926559 -11.183026 -0.000000
5.000000 163.861171 -10.798393 -18637.609878
6.000000 163.820327 -10.521539 -55000.000000
7.000000 163.477108 -11.257499 -0.000000
8.000000 163.424229 -10.857177 -17890.668966
9.000000 163.393568 -10.572585 -55000.000000
10.000000 163.011853 -11.334592 -0.000000
11.000000 162.982396 -10.917428 -17182.330901
12.000000 162.969828 -10.623269 -55000.000000
13.000000 162.525802 -11.383979 -0.000000
14.000000 162.528886 -10.947230 -15141.133905
15.000000 162.550058 -10.655284 -55000.000000
16.000000 161.990056 -11.400561 -0.000000
17.000000 162.070934 -10.912702 -13257.726856
18.000000 162.149954 -10.578707 -55000.000000
19.000000 161.472441 -11.216407 -0.000000
20.000000 161.637127 -10.770220 -15436.259900
21.000000 161.761493 -10.449692 -55000.000000
22.000000 160.984485 -11.001151 -0.000000
23.000000 161.230608 -10.584575 -14641.617043
24.000000 161.388775 -10.279819 -55000.000000
25.000000 160.647357 -10.686727 -0.000000
26.000000 160.880988 -10.321299 -15671.141656
27.000000 161.030141 -10.075626 -55000.000000
28.000000 160.254973 -10.487800 -0.000000
29.000000 160.497752 -10.095915 -14167.055268
30.000000 160.656264 -9.836983 -55000.000000
31.000000 159.868728 -10.228574 -0.000000
32.000000 160.098665 -9.864304 -15255.148402
33.000000 160.246568 -9.632984 -55000.000000
34.000000 159.438016 -9.956052 -0.000000
35.000000 159.696183 -9.589448 -16213.222715
36.000000 159.881448 -9.336938 -55000.000000
37.000000 159.077944 -9.681147 -0.000000
38.000000 159.319765 -9.288513 -15976.650887
39.000000 159.504696 -9.012338 -55000.000000
40.000000 158.667901 -9.538827 -0.000000
41.000000 158.897736 -9.099102 -13786.455361
42.000000 159.058286 -8.785037 -55000.000000
43.000000 158.231609 -9.350503 -0.000000
44.000000 158.462092 -8.915668 -13439.677912
45.000000 158.605611 -8.605220 -55000.000000
46.000000 157.834337 -9.090868 -0.000000
47.000000 158.048367 -8.689883 -14637.707295
48.000000 158.167958 -8.408715 -55000.000000
49.000000 157.428890 -8.885819 -0.000000
50.000000 157.615514 -8.518101 -15705.279895
51.000000 157.724611 -8.280089 -55000.000000
52.000000 157.015433 -8.642201 -0.000000
53.000000 157.194373 -8.305858 -17845.085541
54.000000 157.310850 -8.086521 -55000.000000
55.000000 156.540210 -8.399521 -0.000000
56.000000 156.770671 -8.085729 -17323.984571
57.000000 156.911188 -7.872137 -55000.000000
58.000000 156.203564 -8.022827 -0.000000
59.000000 156.418227 -7.769315 -20064.061711
60.000000 156.553789 -7.594918 -55000.000000
61.000000 155.882036 -7.709227 -0.000000
62.000000 156.073989 -7.467269 -21779.627941
63.000000 156.212399 -7.302085 -55000.000000
64.000000 155.491465 -7.499076 -0.000000
65.000000 155.715937 -7.184174 -18001.272445
66.000000 155.889698 -6.986099 -55000.000000
67.000000 155.051884 -7.319088 -0.000000
68.000000 155.333206 -6.941676 -14236.393848
69.000000 155.541902 -6.698798 -55000.000000
70.000000 154.693477 -6.961824 -0.000000
71.000000 155.004014 -6.634317 -15108.494959
72.000000 155.205283 -6.402770 -55000.000000
73.000000 154.394747 -6.636172 -0.000000
74.000000 154.695951 -6.311381 -15378.829807
75.000000 154.888624 -6.084956 -55000.000000
76.000000 154.085205 -6.372594 -0.000000
77.000000 154.367115 -6.023900 -14740.729867
78.000000 154.550911 -5.789083 -55000.000000
79.000000 153.784550 -6.147559 -0.000000
80.000000 154.039464 -5.754059 -15372.370674
81.000000 154.226688 -5.476435 -55000.000000
82.000000 153.482508 -5.972112 -0.000000
83.000000 153.709795 -5.503242 -15702.538354
84.000000 153.913854 -5.147465 -55000.000000
85.000000 153.201261 -5.839967 -0.000000
86.000000 153.372210 -5.278474 -17592.501138
87.000000 153.562578 -4.804233 -55000.000000
88.000000 152.929919 -5.792978 -0.000000
89.000000 152.993089 -5.138664 -19502.976522
90.000000 153.104354 -4.536526 -55000.000000
91.000000 152.637551 -5.833909 -0.000000
92.000000 152.585371 -5.160755 -17934.058653
93.000000 152.554765 -4.541323 -55000.000000
94.000000 152.312141 -5.879467 -0.000000
95.000000 152.184278 -5.276257 -17956.313522
96.000000 152.068722 -4.739855 -55000.000000
97.000000 151.970961 -5.991073 -0.000000
98.000000 151.781546 -5.454111 -18249.888116
99.000000 151.630150 -4.979574 -55000.000000
100.000000 151.597271 -6.191020 -0.000000
101.000000 151.379070 -5.662638 -16658.921868
102.000000 151.205030 -5.209885 -55000.000000
103.000000 151.199865 -6.401502 -0.000000
104.000000 150.972007 -5.873057 -16042.311169
105.000000 150.777496 -5.429099 -55000.000000
106.000000 150.763140 -6.589655 -0.000000
107.000000 150.537381 -6.080695 -16693.927903
108.000000 150.362305 -5.648339 -55000.000000
109.000000 150.266242 -6.823366 -0.000000
110.000000 150.075964 -6.267732 -15694.251707
111.000000 149.927474 -5.797532 -55000.000000
112.000000 149.766793 -6.944004 -0.000000
113.000000 149.616891 -6.380408 -16028.276144
114.000000 149.481883 -5.906149 -55000.000000
115.000000 149.333604 -7.017564 -0.000000
116.000000 149.163335 -6.474091 -17180.351078
117.000000 149.039024 -6.002036 -55000.000000
118.000000 148.941864 -7.187466 -0.000000
119.000000 148.737336 -6.607118 -18149.425009
120.000000 148.625880 -6.069758 -55000.000000
121.000000 148.475804 -7.336823 -0.000000
122.000000 148.310665 -6.705088 -19900.848311
123.000000 148.215107 -6.113457 -55000.000000
124.000000 147.999814 -7.359849 -0.000000
125.000000 147.893028 -6.704817 -21362.156649
126.000000 147.783962 -6.111046 -55000.000000
127.000000 147.599668 -7.379207 -0.000000
128.000000 147.494544 -6.672264 -21449.295881
129.000000 147.319720 -6.020705 -55000.000000
130.000000 147.407132 -6.346485 -38224.647941
131.000000 147.547106 -7.025736 -10724.647941
132.000000 147.551841 -6.065876 -55000.000000
133.000000 147.639253 -6.391655 -38224.647941
134.000000 147.693786 -6.688540 -21405.726265
135.000000 147.746348 -7.042012 -10681.078324
136.000000 147.799741 -7.369528 -0.000000
137.000000 147.838495 -6.407931 -38181.078324
138.000000 147.946421 -7.032333 -10681.078324
139.000000 147.999534 -6.112251 -55000.000000
140.000000 148.054068 -6.409137 -38181.078324
141.000000 148.101846 -6.704952 -20631.502480
142.000000 148.155239 -7.032468 -9950.424155
143.000000 148.237809 -7.348336 -0.000000
144.000000 148.262886 -6.409272 -37450.424155
145.000000 148.393234 -7.020955 -9950.424155
146.000000 148.420493 -6.091607 -55000.000000
147.000000 148.468272 -6.387423 -37450.424155
148.000000 148.524000 -6.656103 -19025.136660
149.000000 148.606570 -6.971970 -9074.712504
150.000000 148.681608 -6.338438 -36574.712504
151.000000 148.708834 -7.262144 -0.000000
152.000000 148.832452 -6.035897 -55000.000000
153.000000 148.839600 -6.897292 -9074.712504
154.000000 148.894607 -6.271925 -36090.175539
155.000000 148.950336 -6.540604 -17664.888044
156.000000 149.035470 -6.812341 -9074.712504
157.000000 149.101179 -6.238063 -36090.175539
158.000000 149.137734 -7.102515 -0.000000
159.000000 149.248469 -6.745828 -8590.175539
160.000000 149.260454 -5.954092 -55000.000000
161.000000 149.322609 -6.190120 -36090.175539
162.000000 149.390113 -6.427249 -16604.313611
163.000000 149.475247 -6.698986 -8014.138072
164.000000 149.549387 -6.143278 -35514.138072
165.000000 149.550198 -6.980784 -0.000000
166.000000 149.691842 -6.662206 -8014.138072
167.000000 149.704678 -5.851840 -55000.000000
168.000000 149.772182 -6.088970 -35514.138072
169.000000 149.846427 -6.324070 -15861.263926
170.000000 149.921378 -6.605868 -7847.125853
171.000000 150.001719 -6.032632 -35347.125853
172.000000 150.016517 -6.883685 -0.000000
173.000000 150.144889 -5.722936 -55000.000000
174.000000 150.171103 -6.545549 -7847.125853
175.000000 150.232427 -5.939113 -35846.963951
176.000000 150.306673 -6.174214 -16194.089805
177.000000 150.419552 -6.428694 -7847.125853
178.000000 150.449843 -5.864517 -35846.963951
179.000000 150.514691 -6.706510 -0.000000
180.000000 150.569901 -5.538719 -55000.000000
181.000000 150.650261 -6.335175 -8346.963951
182.000000 150.667156 -5.760698 -35521.155585
183.000000 150.754694 -5.976876 -16368.119536
184.000000 150.868623 -6.241099 -8346.963951
185.000000 150.874752 -5.651078 -35521.155585
186.000000 150.981503 -6.495578 -0.000000
187.000000 150.991263 -5.319492 -55000.000000
188.000000 151.078283 -5.545868 -35829.460934
189.000000 151.085936 -6.137280 -8021.155585
190.000000 151.175538 -5.767848 -16350.616519
191.000000 151.284639 -6.032038 -8021.155585
192.000000 151.292050 -5.436261 -35829.460934
193.000000 151.398568 -6.296261 -0.000000
194.000000 151.417590 -5.094729 -55000.000000
195.000000 151.488170 -5.926829 -8329.460934
196.000000 151.493288 -5.331998 -36624.944058
197.000000 151.580308 -5.558374 -17454.404992
198.000000 151.675015 -5.826856 -8329.460934
199.000000 151.705848 -5.216842 -36624.944058
200.000000 151.784116 -6.091046 -0.000000
201.000000 151.849436 -4.859714 -55000.000000
202.000000 151.876253 -5.722592 -9124.944058
203.000000 151.907214 -5.127916 -36478.156761
204.000000 151.982912 -5.365184 -18103.100819
205.000000 152.046843 -5.666789 -9124.944058
206.000000 152.126500 -5.008056 -36478.156761
207.000000 152.141551 -5.935270 -0.000000
208.000000 152.248209 -5.577862 -8978.156761
209.000000 152.311743 -4.640589 -55000.000000
210.000000 152.327046 -4.950305 -36467.029326
211.000000 152.384824 -5.218506 -17945.186087
212.000000 152.410914 -5.555083 -8978.156761
213.000000 152.474846 -5.856688 -0.000000
214.000000 152.570068 -4.851039 -36467.029326
215.000000 152.611461 -5.497332 -8967.029326
216.000000 152.757645 -5.476866 -8967.029326
217.000000 152.773927 -4.839993 -37251.488261
218.000000 152.783735 -5.813444 -0.000000
219.000000 152.789230 -5.149709 -18718.517587
220.000000 152.829559 -4.538925 -55000.000000
221.000000 152.961504 -5.465821 -9751.488261
222.000000 153.048721 -4.837595 -37251.488261
223.000000 153.065590 -5.816472 -0.000000
224.000000 153.151065 -5.535726 -8796.250569
225.000000 153.182650 -5.208569 -18547.738830
226.000000 153.277833 -4.971448 -37251.488261
227.000000 153.286736 -5.559221 -8796.250569
228.000000 153.333466 -4.670379 -55000.000000
229.000000 153.341885 -5.906040 -0.000000
230.000000 153.455528 -5.671605 -7851.269177
231.000000 153.467394 -5.041353 -36296.250569
232.000000 153.541002 -5.390858 -16647.519746
233.000000 153.596151 -5.737677 -7851.269177
234.000000 153.633529 -6.059835 -0.000000
235.000000 153.643032 -5.212970 -36296.250569
236.000000 153.738216 -4.975849 -55000.000000
237.000000 153.760986 -5.863086 -7686.185337
238.000000 153.811824 -5.325354 -35351.269177
239.000000 153.874630 -5.628651 -15537.454514
240.000000 153.912007 -5.950809 -7686.185337
241.000000 153.934877 -6.260076 -0.000000
242.000000 153.968241 -5.489838 -35351.269177
243.000000 154.070271 -5.311950 -55000.000000
244.000000 154.075833 -6.085729 -7370.364934
245.000000 154.133076 -5.615247 -35186.185337
246.000000 154.203290 -5.888980 -15056.550271
247.000000 154.226160 -6.198247 -7370.364934
248.000000 154.239976 -6.504383 -0.000000
249.000000 154.295188 -5.771571 -35186.185337
250.000000 154.380931 -6.330036 -7370.364934
251.000000 154.388799 -5.632759 -55000.000000
252.000000 154.459013 -5.906491 -34870.364934
253.000000 154.531533 -6.167640 -15059.779837
254.000000 154.544112 -6.798998 -0.000000
255.000000 154.545349 -6.473776 -7689.414903
256.000000 154.627869 -6.054428 -34870.364934
257.000000 154.699380 -6.635244 -7554.247480
258.000000 154.719767 -5.937019 -55000.000000
259.000000 154.792287 -6.198168 -35189.414903
260.000000 154.848746 -6.798070 -7554.247480
261.000000 154.849983 -6.472849 -15243.662383
262.000000 154.872681 -7.140456 -0.000000
263.000000 154.950617 -6.357076 -35189.414903
264.000000 155.013342 -6.951750 -7118.196924
265.000000 155.046953 -6.243863 -55000.000000
266.000000 155.104648 -6.518544 -35054.247480
267.000000 155.168610 -6.787996 -14672.444404
268.000000 155.192545 -7.130382 -7118.196924
269.000000 155.271675 -7.409082 -0.000000
270.000000 155.272958 -6.666557 -35054.247480
271.000000 155.373593 -6.550784 -55000.000000
272.000000 155.412335 -7.220376 -7118.196924
273.000000 155.437554 -6.820237 -34618.196924
274.000000 155.524571 -7.062925 -16118.833147
275.000000 155.603701 -7.341625 -9000.636223
276.000000 155.628919 -6.941486 -36500.636223
277.000000 155.686750 -7.604151 -0.000000
278.000000 155.715800 -6.842449 -55000.000000
279.000000 155.798986 -7.446701 -9000.636223
280.000000 155.802818 -7.085137 -36500.636223
281.000000 155.894963 -7.325722 -19890.450193
282.000000 155.964168 -7.243130 -36500.636223
283.000000 155.978012 -7.588248 -10889.813971
284.000000 156.042800 -7.866027 -0.000000
285.000000 156.051049 -7.144092 -55000.000000
286.000000 156.143194 -7.384677 -38389.813971
287.000000 156.150131 -7.739271 -10032.030856
288.000000 156.246108 -7.618292 -20921.844826
289.000000 156.310895 -7.896071 -10032.030856
290.000000 156.313889 -7.531094 -38389.813971
291.000000 156.371887 -8.211174 -0.000000
292.000000 156.383094 -7.448501 -55000.000000
293.000000 156.486008 -7.682116 -37532.030856
294.000000 156.487117 -8.054278 -8661.992285
295.000000 156.594449 -7.927522 -18694.023141
296.000000 156.655441 -8.242625 -8661.992285
297.000000 156.664708 -7.820726 -37532.030856
298.000000 156.732489 -7.733527 -55000.000000
299.000000 156.777822 -8.520861 -0.000000
300.000000 156.840930 -7.978933 -36161.992285
301.000000 156.893052 -8.363965 -8661.992285
302.000000 156.982522 -8.195793 -17584.535056
303.000000 157.052781 -8.088997 -36422.542771
304.000000 157.104903 -8.474029 -8922.542771
305.000000 157.111019 -7.979329 -55000.000000
306.000000 157.222162 -8.764010 -0.000000
307.000000 157.252611 -8.196190 -36422.542771
308.000000 157.315473 -8.580151 -7852.639947
309.000000 157.404944 -8.411979 -16775.182718
310.000000 157.463182 -8.302311 -35352.639947
311.000000 157.517730 -8.183305 -55000.000000
312.000000 157.522202 -8.701960 -7852.639947
313.000000 157.631614 -8.988344 -0.000000
314.000000 157.670063 -8.399095 -35352.639947
315.000000 157.724926 -8.804485 -7852.639947
316.000000 157.831940 -8.603992 -15171.493595
317.000000 157.886489 -8.484986 -34818.853648
318.000000 157.941352 -8.890376 -7318.853648
319.000000 157.946284 -8.344402 -55000.000000
320.000000 158.032973 -9.220686 -0.000000
321.000000 158.108162 -8.549299 -34818.853648
322.000000 158.148214 -9.003268 -6719.838956
323.000000 158.255229 -8.802776 -14038.692604
324.000000 158.326989 -8.647552 -34818.853648
325.000000 158.346850 -9.133086 -6719.838956
326.000000 158.386784 -8.506968 -55000.000000
327.000000 158.449755 -9.444665 -0.000000
328.000000 158.533851 -8.760444 -34219.838956
329.000000 158.564996 -9.227248 -6719.838956
330.000000 158.679914 -9.007385 -13613.066636
331.000000 158.751674 -8.852161 -34393.227680
332.000000 158.782819 -9.318964 -6893.227680
333.000000 158.831948 -8.695128 -55000.000000
334.000000 158.872923 -9.609987 -0.000000
335.000000 158.978011 -8.942069 -34393.227680
336.000000 158.987840 -9.390125 -6893.227680
337.000000 159.108751 -9.193808 -14881.553124
338.000000 159.189025 -9.036775 -35488.325444
339.000000 159.198855 -9.484830 -7988.325444
340.000000 159.257980 -9.818599 -0.000000
341.000000 159.281491 -8.898687 -55000.000000
342.000000 159.387064 -9.635297 -8106.611358
343.000000 159.412230 -9.150426 -35488.325444
344.000000 159.507974 -9.438981 -16094.936801
345.000000 159.567099 -9.772750 -8106.611358
346.000000 159.600606 -9.312726 -35488.325444
347.000000 159.653372 -10.092313 -0.000000
348.000000 159.693072 -9.174638 -55000.000000
349.000000 159.782455 -9.909011 -8106.611358
350.000000 159.788816 -9.463193 -35606.611358
351.000000 159.897424 -9.726876 -15734.185559
352.000000 159.971376 -9.611216 -35606.611358
353.000000 159.983697 -10.046439 -7627.574201
354.000000 160.061851 -10.358187 -0.000000
355.000000 160.064008 -9.484961 -55000.000000
356.000000 160.172617 -9.748644 -35127.574201
357.000000 160.176819 -10.176052 -7627.574201
358.000000 160.298208 -9.980109 -14711.101835
359.000000 160.372160 -9.864449 -34583.527634
360.000000 160.376363 -10.291857 -7083.527634
361.000000 160.451165 -10.587263 -0.000000
362.000000 160.451416 -9.734983 -55000.000000
363.000000 160.572554 -10.391321 -7083.527634
364.000000 160.577008 -9.966449 -34583.527634
365.000000 160.689370 -10.208607 -14919.098462
366.000000 160.763946 -10.085771 -34583.527634
367.000000 160.764172 -10.504013 -7835.570828
368.000000 160.815921 -10.843939 -0.000000
369.000000 160.843203 -9.956304 -55000.000000
370.000000 160.938982 -10.635651 -7320.808522
371.000000 160.955565 -10.198462 -35335.570828
372.000000 161.055798 -10.452937 -15156.379350
373.000000 161.107546 -10.792863 -7320.808522
374.000000 161.134881 -10.300559 -35335.570828
375.000000 161.209458 -10.177723 -55000.000000
376.000000 161.228463 -11.108779 -0.000000
377.000000 161.309691 -10.432197 -34820.808522
378.000000 161.351524 -10.900491 -7320.808522
379.000000 161.433868 -10.677397 -15038.938472
380.000000 161.496050 -10.517134 -34820.808522
381.000000 161.554784 -10.993313 -7718.129950
382.000000 161.575134 -10.364756 -55000.000000
383.000000 161.699310 -10.609956 -35218.129950
384.000000 161.731249 -11.308484 -0.000000
385.000000 161.771688 -11.064554 -6628.863428
386.000000 161.854031 -10.841461 -14346.993378
387.000000 161.893541 -10.674463 -35218.129950
388.000000 161.955724 -10.514199 -55000.000000
389.000000 162.030495 -11.156631 -6628.863428
390.000000 162.110444 -10.745705 -34128.863428
391.000000 162.257929 -11.392270 -0.000000
392.000000 162.298368 -11.148340 -6628.863428
393.000000 162.299910 -10.929966 -14199.430381
394.000000 162.339420 -10.762968 -35070.566953
395.000000 162.350006 -10.616996 -55000.000000
396.000000 162.527344 -11.165604 -7570.566953
397.000000 162.539472 -10.801257 -35070.566953
398.000000 162.755641 -10.932329 -16161.732403
399.000000 162.759943 -10.639277 -55000.000000
400.000000 162.766227 -10.786356 -36091.165450
401.000000 162.768828 -11.359285 -0.000000
402.000000 162.770370 -11.140911 -7570.566953
403.000000 162.976112 -10.770349 -36091.165450
404.000000 162.997125 -11.126010 -8591.165450
405.000000 163.181698 -10.597927 -55000.000000
406.000000 163.197029 -10.740223 -36445.334483
407.000000 163.203313 -10.887303 -17536.499933
408.000000 163.229752 -11.087464 -8591.165450
409.000000 163.244481 -11.296046 -0.000000
410.000000 163.408899 -10.714881 -36445.334483
411.000000 163.450669 -11.057338 -8945.334483
412.000000 163.606948 -10.547062 -55000.000000
413.000000 163.622278 -10.689358 -36445.334483
414.000000 163.642700 -10.827785 -18264.139422
415.000000 163.669140 -11.027946 -9318.804939
416.000000 163.701834 -11.220263 -0.000000
417.000000 163.840749 -10.659966 -36818.804939
418.000000 163.893865 -10.990710 -9318.804939
419.000000 164.031932 -10.496228 -55000.000000
420.000000 164.052354 -10.634655 -36818.804939
421.000000 164.086573 -10.767268 -19176.289163
422.000000 164.119267 -10.959585 -9857.484225
423.000000 164.167191 -11.143153 -0.000000
424.000000 164.277756 -10.603531 -37357.484225
425.000000 164.359899 -10.919712 -9857.484225
426.000000 147.363426 -6.183595 -46612.323970
427.000000 147.435781 -6.043290 -55000.000000
428.000000 147.450838 -6.509374 -29836.971911
429.000000 147.479486 -6.206180 -46612.323970
430.000000 147.520825 -6.849000 -16086.971911
431.000000 147.523192 -6.369070 -38224.647941
432.000000 147.566898 -6.531960 -29836.971911
433.000000 147.573387 -7.202471 -5362.323970
434.000000 147.594165 -6.680402 -21427.511073
435.000000 147.595547 -6.228765 -46612.323970
436.000000 147.620446 -6.857138 -16065.187103
437.000000 147.646727 -7.033874 -10702.863133
438.000000 147.666519 -6.540098 -29815.187103
439.000000 147.667901 -6.088461 -55000.000000
440.000000 147.673008 -7.210609 -5340.539162
441.000000 147.699705 -7.374368 -0.000000
442.000000 147.711607 -6.251351 -46612.323970
443.000000 147.720067 -6.865276 -16043.402295
444.000000 147.738874 -6.399793 -38202.863133
445.000000 147.766140 -6.548236 -29793.402295
446.000000 147.773045 -7.205770 -5340.539162
447.000000 147.793407 -6.696678 -21383.941457
448.000000 147.811228 -6.259489 -46590.539162
449.000000 147.819688 -6.873414 -16021.617487
450.000000 147.846385 -7.037172 -10681.078324
451.000000 147.865762 -6.556374 -29771.617487
452.000000 147.873081 -7.200931 -5340.539162
453.000000 147.891748 -6.111649 -55000.000000
454.000000 147.899777 -7.364689 -0.000000
455.000000 147.919015 -6.260091 -46590.539162
456.000000 147.919725 -6.868575 -16021.617487
457.000000 147.946281 -6.408534 -38181.078324
458.000000 147.973117 -7.196091 -5340.539162
459.000000 147.973548 -6.556977 -29771.617487
460.000000 147.997437 -6.704884 -20996.829564
461.000000 148.024134 -6.868643 -15656.290402
462.000000 148.026801 -6.260694 -46590.539162
463.000000 148.050830 -7.032401 -10315.751240
464.000000 148.077526 -7.196159 -4975.212078
465.000000 148.077957 -6.557044 -29406.290402
466.000000 148.107321 -6.112854 -55000.000000
467.000000 148.118811 -7.354093 -0.000000
468.000000 148.128543 -6.868710 -15290.963318
469.000000 148.134587 -6.261297 -46590.539162
470.000000 148.158477 -6.409204 -37815.751240
471.000000 148.182366 -6.557112 -29040.963318
472.000000 148.196524 -7.190402 -4975.212078
473.000000 148.206255 -6.705020 -20266.175395
474.000000 148.232952 -6.868778 -14925.636233
475.000000 148.238996 -6.261364 -46225.212078
476.000000 148.274237 -7.026712 -9950.424155
477.000000 148.286775 -6.557180 -28675.636233
478.000000 148.315522 -7.184645 -4975.212078
479.000000 148.317800 -6.102532 -55000.000000
480.000000 148.341690 -6.250440 -46225.212078
481.000000 148.351949 -6.863021 -14925.636233
482.000000 148.356807 -7.342579 -0.000000
483.000000 148.365579 -6.398347 -37450.424155
484.000000 148.389468 -6.546255 -28675.636233
485.000000 148.417332 -6.680595 -19462.992485
486.000000 148.434519 -7.178889 -4975.212078
487.000000 148.444383 -6.239515 -46225.212078
488.000000 148.458617 -6.838529 -14487.780408
489.000000 148.496136 -6.521763 -28237.780408
490.000000 148.499902 -6.996463 -9512.568330
491.000000 148.523186 -6.080683 -55000.000000
492.000000 148.541187 -7.154396 -4537.356252
493.000000 148.547076 -6.228590 -46225.212078
494.000000 148.565285 -6.814036 -14049.924582
495.000000 148.574940 -6.362930 -37012.568330
496.000000 148.592319 -7.299483 -0.000000
497.000000 148.602804 -6.497270 -27799.924582
498.000000 148.630668 -6.631610 -18587.280834
499.000000 148.653744 -6.204098 -45787.356252
500.000000 148.657702 -7.117057 -4537.356252
501.000000 148.671953 -6.789544 -13612.068757
502.000000 148.709472 -6.472778 -27362.068757
503.000000 148.723085 -6.934631 -9074.712504
504.000000 148.729166 -6.052827 -55000.000000
505.000000 148.760243 -6.170841 -45545.087770
506.000000 148.774217 -7.079718 -4537.356252
507.000000 148.788108 -6.305181 -36332.444022
508.000000 148.788468 -6.752205 -13612.068757
509.000000 148.815972 -6.439521 -27119.800274
510.000000 148.825349 -7.224805 -0.000000
511.000000 148.843836 -6.573861 -17907.156526
512.000000 148.863529 -6.153911 -45545.087770
513.000000 148.886403 -6.709729 -13612.068757
514.000000 148.890732 -7.042379 -4537.356252
515.000000 148.922471 -6.406264 -26877.531791
516.000000 148.935738 -6.018966 -55000.000000
517.000000 148.937535 -6.854816 -9074.712504
518.000000 148.966816 -6.136980 -45545.087770
519.000000 148.988667 -6.999903 -4537.356252
520.000000 148.992903 -6.676473 -13369.800274
521.000000 148.997893 -6.254994 -36090.175539
522.000000 149.028971 -6.373008 -26635.263309
523.000000 149.039799 -7.144990 -0.000000
524.000000 149.056835 -6.507348 -17422.619561
525.000000 149.070102 -6.120050 -45545.087770
526.000000 149.086602 -6.957428 -4537.356252
527.000000 149.099402 -6.643216 -13127.531791
528.000000 149.132257 -6.356077 -26635.263309
529.000000 149.141970 -6.779084 -8832.444022
530.000000 149.149739 -5.978064 -55000.000000
531.000000 149.180817 -6.096078 -45545.087770
532.000000 149.184537 -6.914952 -4537.356252
533.000000 149.205902 -6.609959 -12885.263309
534.000000 149.211894 -6.214092 -36090.175539
535.000000 149.235669 -7.060039 -0.000000
536.000000 149.242972 -6.332105 -26635.263309
537.000000 149.276724 -6.450670 -16892.332345
538.000000 149.291037 -6.881696 -4295.087770
539.000000 149.291531 -6.072106 -45545.087770
540.000000 149.319291 -6.586538 -12597.244575
541.000000 149.356361 -6.308685 -26347.244575
542.000000 149.361858 -6.722407 -8302.156806
543.000000 149.371168 -5.930120 -55000.000000
544.000000 149.402246 -6.048134 -45545.087770
545.000000 149.404426 -6.858275 -4007.069036
546.000000 149.432680 -6.563118 -12309.225842
547.000000 149.435998 -6.166699 -35802.156806
548.000000 149.441901 -6.999174 -0.000000
549.000000 149.469750 -6.285264 -26059.225842
550.000000 149.503502 -6.403829 -16316.294878
551.000000 149.512723 -6.839885 -4007.069036
552.000000 149.515635 -6.024713 -45257.069036
553.000000 149.546069 -6.539697 -12021.207108
554.000000 149.583139 -6.261843 -25771.207108
555.000000 149.583545 -6.680596 -8014.138072
556.000000 149.593281 -5.878994 -55000.000000
557.000000 149.621020 -6.821495 -4007.069036
558.000000 149.627033 -5.997559 -45257.069036
559.000000 149.654366 -6.521307 -12021.207108
560.000000 149.658495 -6.962394 -0.000000
561.000000 149.660785 -6.116124 -35514.138072
562.000000 149.694537 -6.234689 -25771.207108
563.000000 149.729317 -6.803105 -4007.069036
564.000000 149.731659 -6.352239 -15944.770035
565.000000 149.738430 -5.970405 -45257.069036
566.000000 149.769135 -6.493138 -11937.700999
567.000000 149.806610 -6.634037 -7930.631963
568.000000 149.809305 -6.206520 -25687.700999
569.000000 149.816076 -5.824686 -55000.000000
570.000000 149.844086 -6.774936 -3923.562927
571.000000 149.849828 -5.943251 -45257.069036
572.000000 149.883903 -6.464969 -11854.194889
573.000000 149.886951 -6.060801 -35430.631963
574.000000 149.891655 -6.913844 -0.000000
575.000000 149.924073 -6.178351 -25604.194889
576.000000 149.961196 -6.295901 -15777.757816
577.000000 149.964596 -5.915082 -45173.562927
578.000000 149.968948 -6.744776 -3923.562927
579.000000 149.998671 -6.436800 -11770.688780
580.000000 150.036181 -5.760234 -55000.000000
581.000000 150.038841 -6.150182 -25520.688780
582.000000 150.046241 -6.575709 -7847.125853
583.000000 150.079951 -5.868323 -45423.481976
584.000000 150.093810 -6.714617 -3923.562927
585.000000 150.117073 -5.985873 -35597.044902
586.000000 150.123533 -6.406641 -11770.688780
587.000000 150.141380 -6.853525 -0.000000
588.000000 150.154196 -6.103423 -25770.607829
589.000000 150.188658 -5.831024 -45423.481976
590.000000 150.191318 -6.220973 -15944.170756
591.000000 150.218672 -6.684458 -3923.562927
592.000000 150.247758 -6.348213 -11770.688780
593.000000 150.253597 -5.685637 -55000.000000
594.000000 150.269550 -6.056664 -26020.526878
595.000000 150.295328 -6.487121 -7847.125853
596.000000 150.297366 -5.793726 -45423.481976
597.000000 150.341135 -5.901815 -35846.963951
598.000000 150.342897 -6.626030 -3923.562927
599.000000 150.363112 -6.301454 -12020.607829
600.000000 150.384904 -6.009904 -26270.445927
601.000000 150.390466 -6.764938 -0.000000
602.000000 150.406074 -5.756428 -45423.481976
603.000000 150.422027 -6.127454 -16444.008854
604.000000 150.466103 -5.593529 -55000.000000
605.000000 150.467122 -6.567602 -3923.562927
606.000000 150.478467 -6.254694 -12270.526878
607.000000 150.493612 -5.972606 -26270.445927
608.000000 150.514730 -5.704519 -45260.577792
609.000000 150.534906 -6.381934 -8097.044902
610.000000 150.558500 -5.812608 -35684.059768
611.000000 150.591346 -6.509174 -3923.562927
612.000000 150.593821 -6.207935 -12520.445927
613.000000 150.602269 -5.920697 -26107.541744
614.000000 150.618528 -5.649709 -45260.577792
615.000000 150.638916 -6.648083 -0.000000
616.000000 150.646038 -6.028786 -16531.023719
617.000000 150.673698 -5.483909 -55000.000000
618.000000 150.703002 -6.160897 -12520.445927
619.000000 150.706700 -6.462415 -4173.481976
620.000000 150.710925 -5.868787 -25944.637560
621.000000 150.722326 -5.594899 -45260.577792
622.000000 150.759442 -6.288137 -8346.963951
623.000000 150.770954 -5.705888 -35521.155585
624.000000 150.811659 -6.108987 -12357.541744
625.000000 150.815882 -6.415377 -4173.481976
626.000000 150.819581 -5.816878 -25781.733377
627.000000 150.826124 -5.540088 -45260.577792
628.000000 150.863350 -5.924967 -16205.215353
629.000000 150.872322 -6.542617 -0.000000
630.000000 150.884380 -5.374295 -55000.000000
631.000000 150.920315 -6.057078 -12194.637560
632.000000 150.923379 -5.762068 -25781.733377
633.000000 150.925063 -6.368338 -4173.481976
634.000000 150.927890 -5.487484 -45414.730467
635.000000 150.976517 -5.598473 -35675.308259
636.000000 150.977280 -6.189189 -8184.059768
637.000000 151.025145 -5.709463 -25935.886052
638.000000 151.028971 -6.005168 -12031.733377
639.000000 151.034244 -6.321300 -4173.481976
640.000000 151.034773 -5.432680 -45414.730467
641.000000 151.073773 -5.820452 -16196.463844
642.000000 151.090684 -6.448540 -0.000000
643.000000 151.098146 -5.264688 -55000.000000
644.000000 151.126911 -5.656858 -26090.038726
645.000000 151.128323 -5.952548 -12031.733377
646.000000 151.141656 -5.377877 -45414.730467
647.000000 151.142901 -6.269391 -4010.577792
648.000000 151.185166 -5.491065 -35829.460934
649.000000 151.185287 -6.084659 -8021.155585
650.000000 151.228676 -5.604253 -26244.191401
651.000000 151.230089 -5.899943 -12185.886052
652.000000 151.242252 -6.216770 -4010.577792
653.000000 151.248540 -5.323073 -45414.730467
654.000000 151.277304 -5.715243 -16504.769193
655.000000 151.299217 -6.348881 -0.000000
656.000000 151.311310 -5.152307 -55000.000000
657.000000 151.331854 -5.847338 -12340.038726
658.000000 151.335560 -5.549450 -26244.191401
659.000000 151.341603 -6.164150 -4010.577792
660.000000 151.349159 -5.270941 -45812.472029
661.000000 151.386404 -5.979434 -8175.308259
662.000000 151.392669 -5.384130 -36227.202496
663.000000 151.433620 -5.794733 -12494.191401
664.000000 151.436179 -5.497318 -26641.932963
665.000000 151.440955 -6.111529 -4010.577792
666.000000 151.455439 -5.213364 -45812.472029
667.000000 151.479689 -5.610506 -17056.663430
668.000000 151.497919 -6.243640 -0.000000
669.000000 151.523870 -5.037152 -55000.000000
670.000000 151.527042 -5.744747 -12494.191401
671.000000 151.536798 -5.445186 -27039.674525
672.000000 151.542720 -6.058924 -4164.730467
673.000000 151.561719 -5.155786 -45812.472029
674.000000 151.581593 -5.876842 -8329.460934
675.000000 151.599568 -5.274420 -36624.944058
676.000000 151.627661 -5.692615 -12891.932963
677.000000 151.636143 -6.008938 -4164.730467
678.000000 151.637417 -5.393054 -27437.416087
679.000000 151.667999 -5.098208 -45812.472029
680.000000 151.680927 -5.506243 -17852.146554
681.000000 151.690693 -6.141033 -0.000000
682.000000 151.728280 -5.640483 -13289.674525
683.000000 151.729565 -5.958951 -4164.730467
684.000000 151.739793 -4.919644 -55000.000000
685.000000 151.743697 -5.335477 -27437.416087
686.000000 151.768682 -5.053745 -45739.078380
687.000000 151.775634 -5.774724 -8727.202496
688.000000 151.806531 -5.172379 -36551.550410
689.000000 151.822988 -5.908964 -4164.730467
690.000000 151.828899 -5.588352 -13687.416087
691.000000 151.844380 -5.291013 -27364.022439
692.000000 151.877538 -6.041060 -0.000000
693.000000 151.878325 -4.993815 -45739.078380
694.000000 151.882229 -5.409648 -18176.494468
695.000000 151.914194 -5.560450 -13687.416087
696.000000 151.923607 -5.856833 -4562.472029
697.000000 151.945063 -5.246550 -27290.628790
698.000000 151.959079 -4.799784 -55000.000000
699.000000 151.961548 -5.694690 -9124.944058
700.000000 151.987968 -4.933885 -45739.078380
701.000000 152.008902 -5.828931 -4562.472029
702.000000 152.014877 -5.515987 -13614.022439
703.000000 152.016857 -5.067986 -36478.156761
704.000000 152.045746 -5.202086 -27217.235141
705.000000 152.056256 -5.963172 -0.000000
706.000000 152.083595 -5.320721 -18029.707171
707.000000 152.094197 -5.801029 -4562.472029
708.000000 152.097611 -4.873955 -45739.078380
709.000000 152.115561 -5.471523 -13540.628790
710.000000 152.147526 -5.622326 -9051.550410
711.000000 152.155389 -5.142157 -27217.235141
712.000000 152.179492 -5.773128 -4562.472029
713.000000 152.190233 -4.690222 -55000.000000
714.000000 152.197884 -4.845080 -45733.514663
715.000000 152.216244 -5.427060 -13467.235141
716.000000 152.226773 -4.979180 -36472.593044
717.000000 152.226846 -5.907368 -0.000000
718.000000 152.255662 -5.113281 -27211.671424
719.000000 152.280175 -5.728664 -4489.078380
720.000000 152.284551 -5.247382 -17950.749805
721.000000 152.297596 -5.415670 -13467.235141
722.000000 152.319395 -4.795447 -45733.514663
723.000000 152.329562 -5.566473 -8978.156761
724.000000 152.355935 -5.084405 -27206.107707
725.000000 152.361527 -5.717275 -4489.078380
726.000000 152.393493 -5.868078 -0.000000
727.000000 152.397869 -5.386795 -13461.671424
728.000000 152.433254 -4.590956 -55000.000000
729.000000 152.440905 -4.745814 -45733.514663
730.000000 152.442880 -5.705886 -4489.078380
731.000000 152.448557 -4.900672 -36467.029326
732.000000 152.456208 -5.055530 -27200.543989
733.000000 152.485097 -5.189630 -17939.622370
734.000000 152.498142 -5.357919 -13456.107707
735.000000 152.511187 -5.526208 -8972.593044
736.000000 152.524233 -5.694496 -4489.078380
737.000000 152.556198 -5.845299 -0.000000
738.000000 152.562416 -4.696181 -45733.514663
739.000000 152.577719 -5.005897 -27200.543989
740.000000 152.598416 -5.329044 -13450.543989
741.000000 152.624506 -5.665621 -4483.514663
742.000000 152.664346 -4.690658 -46125.744130
743.000000 152.671508 -5.318811 -13450.543989
744.000000 152.671997 -4.845516 -36859.258794
745.000000 152.679649 -5.000374 -27592.773457
746.000000 152.684553 -5.487099 -8967.029326
747.000000 152.687300 -5.155232 -18326.288120
748.000000 152.692162 -4.540124 -55000.000000
749.000000 152.697598 -5.655388 -4483.514663
750.000000 152.710643 -5.823677 -0.000000
751.000000 152.770690 -5.645155 -4483.514663
752.000000 152.773437 -5.313288 -13842.773457
753.000000 152.781578 -4.994851 -27985.002924
754.000000 152.801743 -4.689459 -46125.744130
755.000000 152.843782 -5.634922 -4483.514663
756.000000 152.856827 -5.803211 -0.000000
757.000000 152.859575 -5.471344 -9359.258794
758.000000 152.875367 -5.307765 -14235.002924
759.000000 152.883508 -4.989329 -28377.232391
760.000000 152.891159 -5.144186 -19110.747054
761.000000 152.911324 -4.838794 -37251.488261
762.000000 152.939140 -4.688260 -46125.744130
763.000000 152.945712 -5.629399 -4875.744130
764.000000 152.966956 -4.537725 -55000.000000
765.000000 152.977297 -5.302242 -14627.232391
766.000000 152.997755 -5.804725 -0.000000
767.000000 153.020905 -4.988129 -28377.232391
768.000000 153.040492 -5.664352 -4398.125285
769.000000 153.056284 -5.500773 -9273.869415
770.000000 153.072077 -5.337195 -14149.613545
771.000000 153.076538 -4.687061 -46125.744130
772.000000 153.087869 -5.173616 -19025.357676
773.000000 153.108328 -5.676099 -4398.125285
774.000000 153.133426 -5.828220 -0.000000
775.000000 153.135461 -5.055056 -28377.232391
776.000000 153.163277 -4.904522 -37251.488261
777.000000 153.166857 -5.372148 -13671.994700
778.000000 153.176163 -5.687847 -4398.125285
779.000000 153.191094 -4.753987 -46125.744130
780.000000 153.218900 -5.547473 -8796.250569
781.000000 153.218910 -4.603453 -55000.000000
782.000000 153.230241 -5.090009 -27899.613545
783.000000 153.243998 -5.699594 -4398.125285
784.000000 153.261637 -5.407100 -13194.375854
785.000000 153.271573 -5.873003 -0.000000
786.000000 153.277430 -5.243522 -18070.119984
787.000000 153.305649 -4.820914 -46125.744130
788.000000 153.325022 -5.124961 -27421.994700
789.000000 153.328395 -5.755786 -3925.634589
790.000000 153.329473 -5.418848 -13194.375854
791.000000 153.371132 -5.615413 -8323.759873
792.000000 153.372614 -5.006401 -36773.869415
793.000000 153.398706 -5.788822 -3925.634589
794.000000 153.412196 -5.939076 -0.000000
795.000000 153.413869 -5.475039 -12721.885158
796.000000 153.419802 -5.159914 -26944.375854
797.000000 153.420205 -4.887840 -46125.744130
798.000000 153.448022 -4.737306 -55000.000000
799.000000 153.456606 -5.334666 -17120.010442
800.000000 153.469018 -5.821858 -3925.634589
801.000000 153.498265 -5.531231 -12249.394462
802.000000 153.507621 -5.245722 -26944.375854
803.000000 153.514986 -4.922793 -45648.125285
804.000000 153.525840 -5.704641 -7851.269177
805.000000 153.539330 -5.854894 -3925.634589
806.000000 153.555213 -5.127162 -36296.250569
807.000000 153.558018 -6.015974 -0.000000
808.000000 153.582661 -5.587423 -11776.903766
809.000000 153.592017 -5.301914 -26471.885158
810.000000 153.602805 -5.008601 -45648.125285
811.000000 153.621747 -5.917599 -3843.092669
812.000000 153.625399 -5.447050 -16175.029050
813.000000 153.650397 -4.890041 -55000.000000
814.000000 153.652973 -5.620460 -11776.903766
815.000000 153.676413 -5.358106 -25999.394462
816.000000 153.678569 -5.800381 -7768.727257
817.000000 153.690624 -5.094409 -45648.125285
818.000000 153.697258 -5.961460 -3843.092669
819.000000 153.709039 -6.103697 -0.000000
820.000000 153.727428 -5.269162 -35823.759873
821.000000 153.735390 -5.683164 -11694.361846
822.000000 153.760810 -5.414298 -25526.903766
823.000000 153.772768 -6.005322 -3843.092669
824.000000 153.778443 -5.180217 -45648.125285
825.000000 153.792212 -5.565946 -15619.996434
826.000000 153.817808 -5.745868 -11611.819926
827.000000 153.826035 -5.061657 -55000.000000
828.000000 153.836497 -5.906947 -7686.185337
829.000000 153.839018 -5.496540 -25526.903766
830.000000 153.848278 -6.049184 -3843.092669
831.000000 153.859714 -6.203817 -0.000000
832.000000 153.862839 -5.236409 -45175.634589
833.000000 153.890033 -5.407596 -35351.269177
834.000000 153.900225 -5.808572 -11529.278006
835.000000 153.921435 -5.559245 -25444.361846
836.000000 153.930191 -6.116644 -3685.182467
837.000000 153.941047 -5.318652 -45175.634589
838.000000 153.957047 -5.691355 -15454.912594
839.000000 153.975736 -5.852434 -11529.278006
840.000000 153.992062 -5.229707 -55000.000000
841.000000 153.993920 -6.018269 -7528.275135
842.000000 154.003853 -5.621949 -25361.819926
843.000000 154.005355 -6.172903 -3685.182467
844.000000 154.010041 -6.316335 -0.000000
845.000000 154.019256 -5.400894 -45175.634589
846.000000 154.050659 -5.552543 -35268.727257
847.000000 154.057648 -5.919894 -11371.367804
848.000000 154.080519 -6.229161 -3685.182467
849.000000 154.086270 -5.684653 -25279.278006
850.000000 154.097464 -5.483137 -45175.634589
851.000000 154.121377 -5.821519 -15214.460472
852.000000 154.139561 -5.987354 -11213.457602
853.000000 154.148479 -5.394192 -55000.000000
854.000000 154.150996 -6.141988 -7370.364934
855.000000 154.155683 -6.285420 -3685.182467
856.000000 154.162591 -6.438488 -0.000000
857.000000 154.167326 -5.762815 -25279.278006
858.000000 154.179882 -5.545841 -45093.092669
859.000000 154.214132 -5.693409 -35186.185337
860.000000 154.221474 -6.054814 -11055.547401
861.000000 154.233068 -6.351315 -3685.182467
862.000000 154.249239 -5.830275 -25121.367804
863.000000 154.260938 -5.624003 -45093.092669
864.000000 154.285203 -5.956440 -14898.640069
865.000000 154.296638 -6.111073 -11055.547401
866.000000 154.303546 -6.264141 -7370.364934
867.000000 154.307743 -5.554597 -55000.000000
868.000000 154.310454 -6.417209 -3685.182467
869.000000 154.317361 -6.570277 -0.000000
870.000000 154.331151 -5.897735 -24963.457602
871.000000 154.341993 -5.702165 -45093.092669
872.000000 154.374023 -6.176968 -11055.547401
873.000000 154.377100 -5.839031 -35028.275135
874.000000 154.387839 -6.483104 -3685.182467
875.000000 154.413064 -5.965196 -24805.547401
876.000000 154.423049 -5.780327 -45093.092669
877.000000 154.449324 -6.095770 -14900.254852
878.000000 154.456232 -6.248838 -11215.072385
879.000000 154.463140 -6.401906 -7529.889919
880.000000 154.469430 -6.717585 -0.000000
881.000000 154.469855 -5.710921 -55000.000000
882.000000 154.470048 -6.554974 -3844.707452
883.000000 154.497492 -6.039164 -24805.547401
884.000000 154.504962 -5.847787 -44935.182467
885.000000 154.538441 -6.320708 -11374.597370
886.000000 154.543441 -5.980460 -34870.364934
887.000000 154.547064 -6.635708 -3777.123740
888.000000 154.579701 -6.111034 -24965.072385
889.000000 154.589390 -5.921755 -44935.182467
890.000000 154.613742 -6.239511 -15219.304822
891.000000 154.618795 -6.880411 -0.000000
892.000000 154.620650 -6.392579 -11534.122355
893.000000 154.621746 -6.717121 -3777.123740
894.000000 154.622365 -6.554510 -7621.831192
895.000000 154.635339 -5.863051 -55000.000000
896.000000 154.661910 -6.182904 -25124.597370
897.000000 154.673818 -5.995724 -44935.182467
898.000000 154.696429 -6.798534 -3777.123740
899.000000 154.697666 -6.473313 -11466.538643
900.000000 154.710078 -6.126298 -35029.889919
901.000000 154.744119 -6.254775 -25284.122355
902.000000 154.758247 -6.069692 -44935.182467
903.000000 154.771112 -6.879947 -3777.123740
904.000000 154.772967 -6.392115 -15311.246095
905.000000 154.774063 -6.716657 -7554.247480
906.000000 154.774681 -6.554047 -11398.954931
907.000000 154.783079 -7.051140 -0.000000
908.000000 154.804195 -6.010988 -55000.000000
909.000000 154.823284 -6.334228 -25284.122355
910.000000 154.840455 -6.141562 -45094.707452
911.000000 154.851697 -6.634781 -11331.371220
912.000000 154.853410 -6.956787 -3559.098462
913.000000 154.871452 -6.277622 -35189.414903
914.000000 154.900300 -6.414962 -25216.538643
915.000000 154.919620 -6.221016 -45094.707452
916.000000 154.926380 -6.716193 -11331.371220
917.000000 154.926998 -6.553583 -15176.078671
918.000000 154.931044 -6.874910 -7336.222202
919.000000 154.943011 -7.046103 -3559.098462
920.000000 154.962282 -7.229772 -0.000000
921.000000 154.967788 -6.164409 -55000.000000
922.000000 154.977316 -6.495696 -25148.954931
923.000000 154.998785 -6.300469 -45094.707452
924.000000 155.008678 -6.793033 -11113.345942
925.000000 155.027633 -6.437810 -35121.831192
926.000000 155.032613 -7.135419 -3559.098462
927.000000 155.054331 -6.576430 -25081.371220
928.000000 155.077950 -6.379923 -45094.707452
929.000000 155.086312 -6.711156 -14890.469682
930.000000 155.090976 -6.869873 -10895.320664
931.000000 155.102943 -7.041066 -7118.196924
932.000000 155.122215 -7.224735 -3559.098462
933.000000 155.126118 -6.323317 -55000.000000
934.000000 155.138486 -6.650437 -25081.371220
935.000000 155.154966 -6.460657 -45027.123740
936.000000 155.161779 -7.364085 -0.000000
937.000000 155.173274 -6.946713 -10677.295386
938.000000 155.188803 -6.592550 -35054.247480
939.000000 155.220784 -6.727277 -24863.345942
940.000000 155.232110 -7.269732 -3559.098462
941.000000 155.239121 -6.534664 -45027.123740
942.000000 155.250908 -6.864836 -14454.419126
943.000000 155.262876 -7.036029 -10677.295386
944.000000 155.289438 -6.476777 -55000.000000
945.000000 155.302440 -7.175379 -7118.196924
946.000000 155.303082 -6.804117 -24645.320664
947.000000 155.323275 -6.608671 -45027.123740
948.000000 155.342005 -7.314729 -3559.098462
949.000000 155.355256 -6.743397 -34836.222202
950.000000 155.372771 -7.081026 -10677.295386
951.000000 155.381570 -7.454079 -0.000000
952.000000 155.385380 -6.880956 -24427.295386
953.000000 155.407430 -6.682678 -45027.123740
954.000000 155.428889 -7.002300 -15177.613498
955.000000 155.451900 -7.359726 -3559.098462
956.000000 155.457747 -6.624791 -55000.000000
957.000000 155.468453 -7.141650 -11618.515035
958.000000 155.481063 -6.941581 -25368.515035
959.000000 155.489728 -6.759518 -44809.098462
960.000000 155.508018 -7.281000 -8059.416573
961.000000 155.533237 -6.880862 -35559.416573
962.000000 155.547583 -7.420350 -4500.318111
963.000000 155.564136 -7.202275 -12559.734685
964.000000 155.576745 -7.002206 -26309.734685
965.000000 155.585411 -6.820142 -45750.318111
966.000000 155.589108 -7.551614 -0.000000
967.000000 155.620254 -7.123550 -17060.052796
968.000000 155.628851 -6.770623 -55000.000000
969.000000 155.645226 -7.472888 -4500.318111
970.000000 155.659819 -7.262900 -13500.954334
971.000000 155.672360 -6.891967 -45750.318111
972.000000 155.672428 -7.062830 -27250.954334
973.000000 155.701344 -7.394163 -9000.636223
974.000000 155.715869 -7.013311 -36500.636223
975.000000 155.742868 -7.525426 -4500.318111
976.000000 155.757462 -7.315438 -13500.954334
977.000000 155.759309 -6.963793 -45750.318111
978.000000 155.759377 -7.134656 -27250.954334
979.000000 155.784393 -7.656689 -0.000000
980.000000 155.802749 -6.914274 -55000.000000
981.000000 155.805450 -7.254948 -18945.861319
982.000000 155.840052 -7.213652 -27250.954334
983.000000 155.840511 -7.577964 -4500.318111
984.000000 155.846258 -7.035618 -45750.318111
985.000000 155.846975 -7.386211 -14445.543208
986.000000 155.883493 -7.164133 -36500.636223
987.000000 155.888499 -7.517474 -9945.225097
988.000000 155.926933 -7.114614 -45750.318111
989.000000 155.929565 -7.284426 -28195.543208
990.000000 155.930024 -7.648738 -5444.906985
991.000000 155.936488 -7.456985 -15390.132082
992.000000 155.962418 -7.787627 -0.000000
993.000000 155.970374 -7.065095 -55000.000000
994.000000 155.984476 -7.396496 -20835.039067
995.000000 156.007608 -7.193611 -45750.318111
996.000000 156.016084 -7.724249 -5016.015428
997.000000 156.019078 -7.355200 -29140.132082
998.000000 156.026001 -7.527759 -16334.720956
999.000000 156.053681 -7.313903 -37445.225097
1000.000000 156.064072 -7.663760 -10460.922413
1001.000000 156.088284 -7.272607 -45750.318111
1002.000000 156.096466 -7.802649 -5016.015428
1003.000000 156.108592 -7.425973 -30084.720956
1004.000000 156.112060 -7.603270 -15905.829398
1005.000000 156.123182 -7.944427 -0.000000
1006.000000 156.131724 -7.223088 -55000.000000
1007.000000 156.160048 -7.542781 -21350.736384
1008.000000 156.176848 -7.881049 -5016.015428
1009.000000 156.177797 -7.343381 -46694.906985
1010.000000 156.193939 -7.499182 -30084.720956
1011.000000 156.198120 -7.678782 -15476.937841
1012.000000 156.228542 -7.457885 -38389.813971
1013.000000 156.230513 -7.817671 -10032.030856
1014.000000 156.257229 -7.959449 -5016.015428
1015.000000 156.263144 -7.416589 -46694.906985
1016.000000 156.279999 -7.574693 -29655.829398
1017.000000 156.284179 -7.754293 -15048.046284
1018.000000 156.287725 -8.117000 -0.000000
1019.000000 156.297747 -7.375293 -55000.000000
1020.000000 156.332168 -7.693804 -20492.953269
1021.000000 156.345340 -8.038552 -4330.996143
1022.000000 156.348492 -7.489798 -46694.906985
1023.000000 156.364561 -7.832693 -15048.046284
1024.000000 156.366058 -7.650204 -29226.937841
1025.000000 156.399006 -7.975174 -9347.011571
1026.000000 156.399949 -7.606605 -37960.922413
1027.000000 156.429502 -8.132726 -4330.996143
1028.000000 156.433839 -7.563006 -46694.906985
1029.000000 156.452118 -7.725716 -28798.046284
1030.000000 156.452672 -7.911797 -14363.026998
1031.000000 156.456049 -8.305347 -0.000000
1032.000000 156.468442 -7.521710 -55000.000000
1033.000000 156.506338 -7.848419 -19379.042426
1034.000000 156.513664 -8.226899 -4330.996143
1035.000000 156.519899 -7.638517 -46266.015428
1036.000000 156.540783 -7.990900 -13678.007713
1037.000000 156.541467 -7.795021 -28798.046284
1038.000000 156.571279 -8.148451 -8661.992285
1039.000000 156.575358 -7.751421 -37532.030856
1040.000000 156.597826 -8.321073 -4330.996143
1041.000000 156.609248 -7.707822 -46266.015428
1042.000000 156.628894 -8.070003 -12992.988428
1043.000000 156.629578 -7.874124 -28113.026998
1044.000000 156.643139 -7.664223 -55000.000000
1045.000000 156.659016 -8.460191 -0.000000
1046.000000 156.682560 -8.006626 -18009.003856
1047.000000 156.698598 -7.777127 -46266.015428
1048.000000 156.713056 -8.164177 -12992.988428
1049.000000 156.716631 -8.381743 -4330.996143
1050.000000 156.717690 -7.953227 -27428.007713
1051.000000 156.752819 -7.899829 -36847.011571
1052.000000 156.774246 -8.303295 -8661.992285
1053.000000 156.787948 -7.846431 -46266.015428
1054.000000 156.805801 -8.032331 -26742.988428
1055.000000 156.821838 -7.802832 -55000.000000
1056.000000 156.831862 -8.224847 -12992.988428
1057.000000 156.835437 -8.442413 -4330.996143
1058.000000 156.876059 -7.925535 -45580.996143
1059.000000 156.876597 -8.140761 -17454.259814
1060.000000 156.896627 -8.581531 -0.000000
1061.000000 156.911726 -8.087363 -26873.263671
1062.000000 156.937787 -8.279879 -13123.263671
1063.000000 156.946855 -8.033965 -36292.267528
1064.000000 156.954242 -8.503083 -4330.996143
1065.000000 156.981984 -7.980567 -45711.271385
1066.000000 156.998978 -8.418997 -8792.267528
1067.000000 157.011104 -7.925733 -55000.000000
1068.000000 157.017651 -8.142395 -27003.538913
1069.000000 157.043713 -8.334911 -13253.538913
1070.000000 157.060168 -8.558115 -4461.271385
1071.000000 157.081900 -8.034163 -45711.271385
1072.000000 157.088448 -8.250826 -17714.810299
1073.000000 157.118797 -8.703106 -0.000000
1074.000000 157.123577 -8.197428 -27133.814156
1075.000000 157.149638 -8.389944 -13383.814156
1076.000000 157.152696 -8.142593 -36422.542771
1077.000000 157.165453 -8.611176 -3926.319974
1078.000000 157.181815 -8.087759 -45711.271385
1079.000000 157.210188 -8.527090 -8387.591359
1080.000000 157.210934 -8.032925 -55000.000000
1081.000000 157.223492 -8.251024 -27133.814156
1082.000000 157.254923 -8.443004 -12848.862744
1083.000000 157.268818 -8.672081 -3926.319974
1084.000000 157.281731 -8.141356 -45711.271385
1085.000000 157.299658 -8.358919 -17310.134130
1086.000000 157.325526 -8.824915 -0.000000
1087.000000 157.328778 -8.304085 -26598.862744
1088.000000 157.357897 -8.249250 -35887.591359
1089.000000 157.360209 -8.496065 -12313.911333
1090.000000 157.372182 -8.732985 -3926.319974
1091.000000 157.387016 -8.194416 -45176.319974
1092.000000 157.414290 -8.134913 -55000.000000
1093.000000 157.418838 -8.641056 -7852.639947
1094.000000 157.434063 -8.357145 -26063.911333
1095.000000 157.465494 -8.549126 -11778.959921
1096.000000 157.475546 -8.793890 -3926.319974
1097.000000 157.490456 -8.242808 -45176.319974
1098.000000 157.510229 -8.465040 -16240.231306
1099.000000 157.530252 -8.937082 -0.000000
1100.000000 157.539348 -8.410206 -25528.959921
1101.000000 157.566622 -8.350703 -35352.639947
1102.000000 157.568858 -8.610031 -11778.959921
1103.000000 157.576908 -8.845152 -3926.319974
1104.000000 157.593896 -8.291200 -45176.319974
1105.000000 157.621171 -8.231697 -55000.000000
1106.000000 157.623564 -8.753223 -7852.639947
1107.000000 157.642788 -8.458598 -25528.959921
1108.000000 157.670220 -8.661293 -11778.959921
1109.000000 157.678270 -8.896414 -3926.319974
1110.000000 157.697337 -8.339592 -45176.319974
1111.000000 157.723727 -8.561047 -15438.386745
1112.000000 157.732976 -9.039606 -0.000000
1113.000000 157.751001 -8.501543 -25262.066771
1114.000000 157.778276 -8.442040 -35085.746798
1115.000000 157.778433 -8.704238 -11512.066771
1116.000000 157.779632 -8.947677 -3926.319974
1117.000000 157.805550 -8.382537 -44909.426824
1118.000000 157.833139 -8.847430 -7585.746798
1119.000000 157.835448 -8.312245 -55000.000000
1120.000000 157.859215 -8.544489 -24995.173621
1121.000000 157.886646 -8.747184 -11245.173621
1122.000000 157.887845 -8.990622 -3659.426824
1123.000000 157.916387 -8.414694 -44909.426824
1124.000000 157.933655 -9.155777 -0.000000
1125.000000 157.940154 -8.646937 -14904.600445
1126.000000 157.967428 -8.587434 -24728.280471
1127.000000 157.991276 -9.047068 -3359.919478
1128.000000 157.994859 -8.790129 -10978.280471
1129.000000 157.997326 -8.517142 -34818.853648
1130.000000 158.027223 -8.446850 -44909.426824
1131.000000 158.044783 -8.946822 -7019.346302
1132.000000 158.057121 -8.376558 -55000.000000
1133.000000 158.078265 -8.619591 -24728.280471
1134.000000 158.090594 -9.111977 -3359.919478
1135.000000 158.098291 -8.846576 -10678.773126
1136.000000 158.132291 -9.285594 -0.000000
1137.000000 158.138060 -8.479007 -44909.426824
1138.000000 158.151798 -8.746329 -14338.199949
1139.000000 158.187678 -8.668717 -24728.280471
1140.000000 158.189912 -9.176886 -3359.919478
1141.000000 158.201722 -8.903022 -10379.265780
1142.000000 158.217576 -8.598425 -34818.853648
1143.000000 158.247473 -8.528133 -44909.426824
1144.000000 158.247532 -9.068177 -6719.838956
1145.000000 158.277371 -8.457841 -55000.000000
1146.000000 158.289230 -9.241794 -3359.919478
1147.000000 158.291109 -8.725164 -24428.773126
1148.000000 158.305153 -8.959468 -10079.758434
1149.000000 158.340682 -9.397584 -0.000000
1150.000000 158.356887 -8.577260 -44909.426824
1151.000000 158.358660 -8.859222 -13739.185258
1152.000000 158.394540 -8.781610 -24129.265780
1153.000000 158.398303 -9.288875 -3359.919478
1154.000000 158.404471 -9.024377 -10079.758434
1155.000000 158.430420 -8.703998 -34519.346302
1156.000000 158.455923 -9.180167 -6719.838956
1157.000000 158.466300 -8.626386 -44909.426824
1158.000000 158.496198 -8.556094 -55000.000000
1159.000000 158.497971 -8.838056 -23829.758434
1160.000000 158.507376 -9.335956 -3359.919478
1161.000000 158.513544 -9.071458 -10079.758434
1162.000000 158.558828 -9.491746 -0.000000
1163.000000 158.569731 -8.682832 -44609.919478
1164.000000 158.571003 -8.961527 -13526.372274
1165.000000 158.606883 -8.883915 -23916.452796
1166.000000 158.616449 -9.383037 -3359.919478
1167.000000 158.622455 -9.117316 -10166.452796
1168.000000 158.642763 -8.806303 -34306.533318
1169.000000 158.673908 -9.273106 -6806.533318
1170.000000 158.678642 -8.728691 -44696.613840
1171.000000 158.715794 -8.929773 -24003.147158
1172.000000 158.718780 -8.650174 -55000.000000
1173.000000 158.725360 -9.428896 -3446.613840
1174.000000 158.731366 -9.163175 -10253.147158
1175.000000 158.770412 -9.574407 -0.000000
1176.000000 158.788825 -9.053243 -13699.760998
1177.000000 158.791811 -8.773645 -44696.613840
1178.000000 158.824705 -8.975631 -24089.841521
1179.000000 158.827871 -9.464476 -3446.613840
1180.000000 158.840278 -9.209033 -10339.841521
1181.000000 158.864842 -8.897115 -34393.227680
1182.000000 158.885330 -9.354545 -6893.227680
1183.000000 158.904980 -8.818599 -44696.613840
1184.000000 158.930382 -9.500056 -3446.613840
1185.000000 158.937874 -9.020586 -24089.841521
1186.000000 158.942788 -9.244613 -10339.841521
1187.000000 158.945117 -8.740083 -55000.000000
1188.000000 158.975434 -9.645567 -0.000000
1189.000000 159.003243 -9.146455 -14334.004242
1190.000000 159.018149 -8.863553 -44696.613840
1191.000000 159.032892 -9.535636 -3446.613840
1192.000000 159.043381 -9.067938 -24637.390402
1193.000000 159.048295 -9.291966 -10887.390402
1194.000000 159.083518 -8.989422 -34940.776562
1195.000000 159.093347 -9.437477 -7440.776562
1196.000000 159.123656 -8.910906 -45244.162722
1197.000000 159.138399 -9.582989 -3994.162722
1198.000000 159.148888 -9.115291 -25184.939284
1199.000000 159.153803 -9.339319 -11434.939284
1200.000000 159.167962 -9.749873 -0.000000
1201.000000 159.169889 -8.841862 -55000.000000
1202.000000 159.214258 -9.241161 -15429.102006
1203.000000 159.232504 -9.658222 -4053.305679
1204.000000 159.235258 -8.967731 -45244.162722
1205.000000 159.254395 -9.162644 -25732.488165
1206.000000 159.259310 -9.386672 -11982.488165
1207.000000 159.292959 -9.560064 -8047.468401
1208.000000 159.300628 -9.093600 -35488.325444
1209.000000 159.322522 -9.726948 -4053.305679
1210.000000 159.346861 -9.024556 -45244.162722
1211.000000 159.347998 -9.887325 -0.000000
1212.000000 159.353414 -9.461905 -12041.631122
1213.000000 159.365998 -9.219470 -25732.488165
1214.000000 159.393094 -8.955513 -55000.000000
1215.000000 159.412540 -9.795675 -4053.305679
1216.000000 159.413869 -9.363747 -16035.793844
1217.000000 159.447519 -9.537139 -12100.774079
1218.000000 159.458463 -9.081382 -45244.162722
1219.000000 159.460186 -9.300620 -25732.488165
1220.000000 159.477082 -9.704024 -8106.611358
1221.000000 159.502558 -9.864401 -4053.305679
1222.000000 159.506418 -9.231576 -35488.325444
1223.000000 159.541623 -9.612373 -12159.917036
1224.000000 159.545694 -10.024182 -0.000000
1225.000000 159.552651 -9.162532 -45244.162722
1226.000000 159.554290 -9.375853 -25791.631122
1227.000000 159.598884 -9.093488 -55000.000000
1228.000000 159.602078 -9.514214 -16154.079758
1229.000000 159.610236 -9.932531 -4053.305679
1230.000000 159.631641 -9.681099 -12159.917036
1231.000000 159.646839 -9.243682 -45244.162722
1232.000000 159.648395 -9.451087 -25850.774079
1233.000000 159.674777 -9.840880 -8106.611358
1234.000000 159.694711 -9.387959 -35547.468401
1235.000000 159.717914 -10.000662 -4053.305679
1236.000000 159.739319 -9.749229 -12159.917036
1237.000000 159.741027 -9.324832 -45244.162722
1238.000000 159.742499 -9.526320 -25909.917036
1239.000000 159.761050 -10.160444 -0.000000
1240.000000 159.787260 -9.255788 -55000.000000
1241.000000 159.796803 -9.658162 -15973.704137
1242.000000 159.825592 -10.068793 -4053.305679
1243.000000 159.833779 -9.600332 -25909.917036
1244.000000 159.835132 -9.400065 -45303.305679
1245.000000 159.839940 -9.817943 -11920.398458
1246.000000 159.880096 -9.537204 -35606.611358
1247.000000 159.883076 -9.977725 -7867.092779
1248.000000 159.926212 -10.137507 -3813.787100
1249.000000 159.926412 -9.474077 -45303.305679
1250.000000 159.934400 -9.669046 -25670.398458
1251.000000 159.940560 -9.886657 -11680.879880
1252.000000 159.965289 -10.293381 -0.000000
1253.000000 159.972728 -9.410949 -55000.000000
1254.000000 159.998044 -9.795590 -15494.666980
1255.000000 160.017692 -9.548088 -45303.305679
1256.000000 160.022774 -10.202313 -3813.787100
1257.000000 160.035020 -9.737760 -25430.879880
1258.000000 160.041181 -9.955371 -11441.361301
1259.000000 160.071996 -9.679930 -35367.092779
1260.000000 160.080258 -10.111245 -7627.574201
1261.000000 160.108972 -9.622100 -45303.305679
1262.000000 160.119335 -10.267120 -3813.787100
1263.000000 160.135641 -9.806474 -25191.361301
1264.000000 160.137742 -10.020178 -11441.361301
1265.000000 160.155288 -9.558972 -55000.000000
1266.000000 160.158412 -10.422994 -0.000000
1267.000000 160.198437 -9.922207 -14983.125118
1268.000000 160.209592 -9.690814 -45063.787100
1269.000000 160.215896 -10.331926 -3813.787100
1270.000000 160.235412 -9.864376 -24919.338018
1271.000000 160.237514 -10.078081 -11169.338018
1272.000000 160.272388 -9.806546 -34855.550917
1273.000000 160.276591 -10.233955 -7355.550917
1274.000000 160.309364 -9.748716 -44791.763817
1275.000000 160.315668 -10.389829 -3541.763817
1276.000000 160.335184 -9.922279 -24647.314735
1277.000000 160.337285 -10.135983 -10897.314735
1278.000000 160.348992 -9.683983 -55000.000000
1279.000000 160.353069 -10.537532 -0.000000
1280.000000 160.397980 -10.038012 -14439.078552
1281.000000 160.411788 -9.799716 -44791.763817
1282.000000 160.413764 -10.439560 -3541.763817
1283.000000 160.434956 -9.980182 -24375.291451
1284.000000 160.437057 -10.193886 -10625.291451
1285.000000 160.474458 -10.341589 -7083.527634
1286.000000 160.474584 -9.915449 -34583.527634
1287.000000 160.511860 -10.489292 -3541.763817
1288.000000 160.514212 -9.850716 -44791.763817
1289.000000 160.535153 -10.243618 -10625.291451
1290.000000 160.537380 -10.031182 -24375.291451
1291.000000 160.549261 -10.636995 -0.000000
1292.000000 160.553840 -9.785983 -55000.000000
1293.000000 160.593561 -10.152261 -14543.076865
1294.000000 160.609955 -10.539024 -3541.763817
1295.000000 160.616636 -9.901716 -44791.763817
1296.000000 160.630849 -10.090843 -24375.291451
1297.000000 160.630962 -10.299964 -11001.313048
1298.000000 160.668363 -10.447667 -7459.549231
1299.000000 160.670477 -10.026110 -34583.527634
1300.000000 160.705764 -10.595370 -3917.785414
1301.000000 160.710105 -9.961377 -44791.763817
1302.000000 160.726658 -10.147189 -24751.313048
1303.000000 160.726771 -10.356310 -11377.334645
1304.000000 160.731639 -10.765333 -0.000000
1305.000000 160.749734 -9.896644 -55000.000000
1306.000000 160.785179 -10.264953 -15295.120059
1307.000000 160.793169 -10.661189 -3660.404261
1308.000000 160.803575 -10.021037 -44791.763817
1309.000000 160.822467 -10.203535 -25127.334645
1310.000000 160.822580 -10.412656 -11753.356242
1311.000000 160.851577 -10.569832 -7578.189675
1312.000000 160.859756 -10.142116 -34959.549231
1313.000000 160.877451 -10.739795 -3660.404261
1314.000000 160.897044 -10.080698 -44791.763817
1315.000000 160.900203 -10.922545 -0.000000
1316.000000 160.909985 -10.478475 -11495.975089
1317.000000 160.918277 -10.259881 -25503.356242
1318.000000 160.936672 -10.015965 -55000.000000
1319.000000 160.961733 -10.818401 -3660.404261
1320.000000 160.968393 -10.387118 -15413.760503
1321.000000 160.992853 -10.137044 -45167.785414
1322.000000 160.997390 -10.544294 -11238.593936
1323.000000 161.007935 -10.310929 -25503.356242
1324.000000 161.023264 -10.714257 -7320.808522
1325.000000 161.045223 -10.249511 -35335.570828
1326.000000 161.046016 -10.897007 -3660.404261
1327.000000 161.082511 -10.188093 -45167.785414
1328.000000 161.084795 -10.610113 -10981.212782
1329.000000 161.095340 -10.376748 -25245.975089
1330.000000 161.106474 -11.054965 -0.000000
1331.000000 161.119800 -10.126675 -55000.000000
1332.000000 161.143203 -10.518756 -14898.998196
1333.000000 161.168005 -10.950821 -3660.404261
1334.000000 161.169077 -10.688719 -10981.212782
1335.000000 161.172170 -10.239141 -45167.785414
1336.000000 161.182745 -10.442567 -24988.593936
1337.000000 161.222286 -10.366378 -35078.189675
1338.000000 161.229535 -10.846677 -7320.808522
1339.000000 161.261828 -10.290189 -45167.785414
1340.000000 161.270150 -10.508386 -24731.212782
1341.000000 161.289994 -11.004635 -3660.404261
1342.000000 161.291066 -10.742533 -10981.212782
1343.000000 161.299116 -10.228771 -55000.000000
1344.000000 161.332238 -10.630986 -14840.277757
1345.000000 161.349233 -10.356008 -44910.404261
1346.000000 161.350452 -11.162593 -0.000000
1347.000000 161.363329 -10.550854 -24731.212782
1348.000000 161.392696 -10.788944 -11179.873497
1349.000000 161.402871 -10.474665 -34820.808522
1350.000000 161.411983 -11.058449 -3660.404261
1351.000000 161.442413 -10.398476 -44910.404261
1352.000000 161.453154 -10.946902 -7519.469236
1353.000000 161.464959 -10.597265 -24929.873497
1354.000000 161.481954 -10.322287 -55000.000000
1355.000000 161.494326 -10.835355 -11378.534211
1356.000000 161.513613 -11.104860 -3859.064975
1357.000000 161.535498 -10.723808 -15237.599186
1358.000000 161.535592 -10.440945 -44910.404261
1359.000000 161.566589 -10.643677 -25128.534211
1360.000000 161.595956 -10.881766 -11577.194925
1361.000000 161.597680 -10.563545 -35019.469236
1362.000000 161.601845 -11.262445 -0.000000
1363.000000 161.622064 -11.140481 -3314.431714
1364.000000 161.628772 -10.483413 -44910.404261
1365.000000 161.663236 -11.028934 -7173.496689
1366.000000 161.668219 -10.690088 -25327.194925
1367.000000 161.668313 -10.407224 -55000.000000
1368.000000 161.704408 -10.917387 -11032.561664
1369.000000 161.730402 -10.529824 -45109.064975
1370.000000 161.745579 -10.805840 -14891.626639
1371.000000 161.751468 -11.186519 -3314.431714
1372.000000 161.765334 -10.722341 -25327.194925
1373.000000 161.796425 -10.642209 -35218.129950
1374.000000 161.812859 -10.953008 -10487.928403
1375.000000 161.827517 -10.562078 -45109.064975
1376.000000 161.858608 -10.481946 -55000.000000
1377.000000 161.860653 -11.354522 -0.000000
1378.000000 161.873786 -10.757962 -24782.561664
1379.000000 161.880872 -11.232557 -3314.431714
1380.000000 161.901092 -11.110593 -6628.863428
1381.000000 161.921311 -10.988628 -9943.295142
1382.000000 161.924632 -10.594331 -45109.064975
1383.000000 161.962483 -10.877082 -13802.360117
1384.000000 161.982238 -10.793583 -24237.928403
1385.000000 162.001992 -10.710084 -34673.496689
1386.000000 162.010276 -11.278596 -3314.431714
1387.000000 162.021747 -10.626585 -45109.064975
1388.000000 162.050715 -11.034667 -9943.295142
1389.000000 162.052839 -10.546453 -55000.000000
1390.000000 162.090689 -10.829203 -23693.295142
1391.000000 162.123993 -11.396415 -0.000000
1392.000000 162.130199 -10.662206 -44564.431714
1393.000000 162.144212 -11.274450 -3314.431714
1394.000000 162.164432 -11.152486 -6628.863428
1395.000000 162.184651 -11.030521 -9943.295142
1396.000000 162.185422 -10.921334 -13728.578619
1397.000000 162.205177 -10.837835 -24164.146905
1398.000000 162.224932 -10.754336 -34599.715190
1399.000000 162.244687 -10.670838 -45035.283476
1400.000000 162.249980 -10.597851 -55000.000000
1401.000000 162.278149 -11.270305 -3314.431714
1402.000000 162.299139 -11.039153 -10414.146905
1403.000000 162.319665 -10.846467 -24634.998667
1404.000000 162.344713 -10.689982 -45035.283476
1405.000000 162.391866 -11.388124 -0.000000
1406.000000 162.412085 -11.266160 -3314.431714
1407.000000 162.412856 -11.156972 -7099.715190
1408.000000 162.413627 -11.047785 -10884.998667
1409.000000 162.414398 -10.938598 -14670.282143
1410.000000 162.434153 -10.855099 -25105.850429
1411.000000 162.439446 -10.782113 -35070.566953
1412.000000 162.444739 -10.709126 -45035.283476
1413.000000 162.450032 -10.636140 -55000.000000
1414.000000 162.526573 -11.274791 -3785.283476
1415.000000 162.528115 -11.056417 -11355.850429
1416.000000 162.534179 -10.874243 -25105.850429
1417.000000 162.544765 -10.728271 -45035.283476
1418.000000 162.642263 -10.939779 -15651.433154
1419.000000 162.647315 -11.371632 -0.000000
1420.000000 162.647556 -10.866793 -25616.149678
1421.000000 162.648086 -11.262445 -3785.283476
1422.000000 162.648857 -11.153257 -7570.566953
1423.000000 162.649628 -11.044070 -11355.850429
1424.000000 162.652849 -10.793807 -35580.866202
1425.000000 162.655000 -10.647281 -55000.000000
1426.000000 162.658142 -10.720820 -45545.582725
1427.000000 162.760934 -10.859343 -26126.448927
1428.000000 162.763005 -11.036620 -11866.149678
1429.000000 162.763085 -10.712817 -45545.582725
1430.000000 162.769599 -11.250098 -3785.283476
1431.000000 162.864886 -10.631273 -55000.000000
1432.000000 162.868028 -10.704813 -45545.582725
1433.000000 162.869019 -10.924879 -16672.031652
1434.000000 162.871169 -10.778353 -36091.165450
1435.000000 162.874311 -10.851892 -26636.748175
1436.000000 162.876383 -11.029170 -12376.448927
1437.000000 162.883747 -11.133460 -8080.866202
1438.000000 162.890341 -11.346939 -0.000000
1439.000000 162.891111 -11.237751 -3785.283476
1440.000000 162.972970 -10.696809 -45545.582725
1441.000000 162.979254 -10.843889 -26636.748175
1442.000000 162.989760 -11.021719 -12886.748175
1443.000000 163.004489 -11.230301 -4295.582725
1444.000000 163.075763 -10.610598 -55000.000000
1445.000000 163.083428 -10.681746 -45722.667241
1446.000000 163.086570 -10.755286 -36268.249967
1447.000000 163.089712 -10.828826 -26813.832692
1448.000000 163.092854 -10.902366 -17359.415417
1449.000000 163.106074 -11.002446 -12886.748175
1450.000000 163.113438 -11.106737 -8591.165450
1451.000000 163.120803 -11.211028 -4295.582725
1452.000000 163.128167 -11.315319 -0.000000
1453.000000 163.189363 -10.669075 -45722.667241
1454.000000 163.200171 -10.813763 -26990.917208
1455.000000 163.216532 -10.987383 -13063.832692
1456.000000 163.237117 -11.191755 -4295.582725
1457.000000 163.287633 -10.585256 -55000.000000
1458.000000 163.295298 -10.656404 -45722.667241
1459.000000 163.302964 -10.727552 -36445.334483
1460.000000 163.310629 -10.798700 -27168.001724
1461.000000 163.313771 -10.872240 -17713.584449
1462.000000 163.326991 -10.972321 -13240.917208
1463.000000 163.340211 -11.072401 -8768.249967
1464.000000 163.353430 -11.172482 -4295.582725
1465.000000 163.360795 -11.276772 -0.000000
1466.000000 163.401233 -10.643733 -45722.667241
1467.000000 163.416564 -10.786029 -27168.001724
1468.000000 163.437449 -10.957258 -13418.001724
1469.000000 163.463889 -11.157419 -4472.667241
1470.000000 163.500258 -10.559823 -55000.000000
1471.000000 163.507923 -10.630971 -45722.667241
1472.000000 163.515588 -10.702120 -36445.334483
1473.000000 163.523254 -10.773268 -27168.001724
1474.000000 163.533465 -10.842481 -18077.404194
1475.000000 163.546684 -10.942562 -13604.736952
1476.000000 163.559904 -11.042642 -9132.069711
1477.000000 163.573124 -11.142723 -4659.402469
1478.000000 163.589471 -11.238881 -0.000000
1479.000000 163.614613 -10.618210 -45722.667241
1480.000000 163.632489 -10.758572 -27354.736952
1481.000000 163.655920 -10.927866 -13791.472180
1482.000000 163.685487 -11.124104 -4659.402469
1483.000000 163.713637 -10.534300 -55000.000000
1484.000000 163.721303 -10.605449 -45722.667241
1485.000000 163.731514 -10.674662 -36632.069711
1486.000000 163.741724 -10.743876 -27541.472180
1487.000000 163.751935 -10.813089 -18450.874650
1488.000000 163.765155 -10.913170 -13978.207408
1489.000000 163.781502 -11.009328 -9318.804939
1490.000000 163.797849 -11.105486 -4659.402469
1491.000000 163.814196 -11.201644 -0.000000
1492.000000 163.830538 -10.590753 -45909.402469
1493.000000 163.850960 -10.729180 -27728.207408
1494.000000 163.877518 -10.894551 -13978.207408
1495.000000 163.910212 -11.086868 -4659.402469
1496.000000 163.926130 -10.508884 -55000.000000
1497.000000 163.936340 -10.578097 -45909.402469
1498.000000 163.946551 -10.647311 -36818.804939
1499.000000 163.956762 -10.716524 -27728.207408
1500.000000 163.973872 -10.782831 -18906.949520
1501.000000 163.990219 -10.878989 -14247.547051
1502.000000 164.006566 -10.975147 -9588.144582
1503.000000 164.022913 -11.071305 -4928.742112
1504.000000 164.042143 -10.565442 -45909.402469
1505.000000 164.046875 -11.163089 -0.000000
1506.000000 164.069463 -10.700962 -27997.547051
1507.000000 164.102920 -10.863427 -14516.886694
1508.000000 164.137734 -10.483573 -55000.000000
1509.000000 164.143229 -11.051369 -4928.742112
1510.000000 164.147945 -10.552787 -45909.402469
1511.000000 164.165055 -10.619093 -37088.144582
1512.000000 164.182164 -10.685400 -28266.886694
1513.000000 164.199274 -10.751706 -19445.628806
1514.000000 164.215620 -10.847864 -14786.226337
1515.000000 164.239583 -10.939648 -9857.484225
1516.000000 164.260646 -10.537224 -46178.742112
1517.000000 164.263545 -11.031433 -4928.742112
1518.000000 164.287508 -11.123217 -0.000000
1519.000000 164.294865 -10.669837 -28536.226337
1520.000000 164.335937 -10.827928 -14786.226337
1521.000000 164.383862 -11.011496 -4928.742112
