1 39 1218 1227
2 51 1105 1110
3 89 765 772
4 36 1237 1244
5 29 1280 1284
6 33 1265 1261
7 57 1055 1053
8 82 811 805
9 52 1070 1064
10 125 449 456
11 24 1343 1339
12 123 466 469
13 21 1369 1376
14 69 959 965
15 113 559 564
16 113 553 559
17 128 430 434
18 116 537 536
19 116 533 537
20 111 569 571
21 105 617 627
22 111 577 583
23 88 755 756
24 83 825 829
25 87 797 803
26 79 830 819
27 80 839 851
28 119 513 511
29 75 908 902
30 81 858 867
31 68 942 937
32 58 1018 1021
33 40 1175 1173
34 38 1202 1206
35 35 1230 1236
36 23 1344 1347
37 11 1442 1449
38 31 1252 1248
39 20 1360 1370
40 14 1416 1410
41 14 1418 1416
42 17 1381 1388
43 2 1519 1513
44 122 473 474
45 123 469 475
46 126 442 448
47 119 511 502
48 121 486 482
49 119 502 498
50 118 514 510
51 109 591 587
52 65 970 976
53 62 994 998
54 68 943 950
55 110 586 592
56 71 929 934
57 70 907 912
58 73 882 874
59 74 904 909
60 73 880 887
61 74 909 901
62 71 934 927
63 77 877 883
64 73 887 882
65 94 712 717
66 76 855 844
67 107 603 612
68 111 571 577
69 107 612 618
70 101 654 663
71 129 426 427
72 120 491 493
73 121 492 486
74 118 523 514
75 116 528 522
76 116 536 528
77 97 689 692
78 104 626 628
79 104 641 632
80 98 685 678
81 108 593 602
82 103 647 639
83 103 655 647
84 92 732 733
85 105 634 630
86 99 686 684
87 102 653 660
88 97 696 689
89 95 704 706
90 84 827 824
91 93 738 742
92 96 714 713
93 93 742 748
94 90 771 781
95 86 799 802
96 86 790 799
97 84 832 840
98 83 808 814
99 92 733 740
100 86 784 790
101 89 760 765
102 95 715 721
103 95 706 715
104 80 851 857
105 76 856 855
106 46 1122 1116
107 56 1046 1042
108 49 1099 1096
109 63 1006 1001
110 50 1100 1098
111 41 1189 1185
112 61 992 996
113 52 1064 1060
114 53 1081 1074
115 62 998 1007
116 69 965 968
117 68 950 954
118 60 1028 1035
119 63 1001 1009
120 60 1032 1028
121 56 1054 1046
122 53 1074 1072
123 50 1111 1107
124 44 1159 1151
125 52 1077 1070
126 52 1073 1077
127 48 1132 1137
128 45 1158 1157
129 42 1187 1190
130 39 1214 1218
131 46 1127 1122
132 41 1176 1180
133 41 1178 1176
134 43 1146 1136
135 40 1166 1162
136 32 1263 1254
137 26 1310 1320
138 11 1448 1441
139 8 1473 1467
140 5 1499 1493
141 24 1345 1354
142 25 1304 1307
143 32 1267 1263
144 24 1339 1345
145 27 1318 1314
146 38 1206 1216
147 29 1293 1296
148 35 1223 1230
149 35 1236 1241
150 26 1306 1310
151 33 1274 1278
152 28 1279 1275
153 18 1392 1399
154 20 1357 1360
155 17 1388 1395
156 18 1387 1392
157 23 1334 1342
158 17 1395 1396
159 13 1419 1414
160 8 1468 1474
161 15 1426 1425
162 14 1423 1418
163 12 1445 1444
164 11 1449 1448
165 8 1474 1473
166 7 1478 1477
167 4 1503 1495
168 1 1521 1518
169 38 1219 1213
170 54 1091 1092
171 88 768 763
172 38 1216 1219
173 32 1264 1267
174 36 1244 1253
175 60 1035 1044
176 80 838 834
177 53 1072 1075
178 127 441 440
179 27 1321 1331
180 126 448 453
181 20 1372 1366
182 68 954 952
183 112 570 563
184 115 548 545
185 127 440 433
186 113 554 550
187 115 545 538
188 114 552 556
189 108 608 604
190 110 590 581
191 92 740 743
192 80 849 838
193 89 772 775
194 80 834 839
195 79 836 830
196 115 538 532
197 78 884 895
198 80 857 849
199 71 916 929
200 55 1040 1031
201 37 1191 1188
202 41 1186 1189
203 34 1224 1221
204 20 1366 1357
205 10 1452 1443
206 28 1269 1266
207 19 1363 1356
208 15 1413 1417
209 11 1435 1433
210 19 1362 1363
211 3 1510 1516
212 125 456 460
213 125 460 459
214 128 434 432
215 116 522 524
216 122 474 481
217 120 493 499
218 119 501 508
219 110 579 586
220 64 966 962
221 65 976 981
222 67 936 932
223 109 601 591
224 68 952 942
225 67 932 920
226 74 890 892
227 71 927 917
228 70 903 891
229 72 933 928
230 69 956 953
231 74 901 890
232 71 917 911
233 98 690 695
234 77 860 865
235 110 592 590
236 113 564 562
237 106 629 619
238 104 645 641
239 128 432 428
240 123 475 479
241 119 498 501
242 115 532 535
243 117 516 525
244 114 543 544
245 101 663 670
246 108 602 608
247 101 650 654
248 99 669 679
249 111 583 580
250 104 628 638
251 100 665 668
252 96 708 714
253 101 658 650
254 95 711 704
255 101 667 658
256 98 680 690
257 99 679 686
258 87 803 813
259 92 747 739
260 92 739 732
261 89 767 759
262 89 775 767
263 83 822 812
264 85 789 783
265 83 829 822
266 85 785 789
267 95 721 720
268 88 766 768
269 92 743 747
270 94 726 719
271 98 695 694
272 77 875 864
273 73 874 869
274 47 1125 1128
275 59 1023 1033
276 46 1116 1112
277 66 984 993
278 54 1084 1091
279 38 1205 1202
280 58 1014 1005
281 56 1048 1056
282 54 1080 1084
283 61 996 990
284 65 978 972
285 64 962 955
286 62 1007 1010
287 65 981 982
288 63 1009 1019
289 57 1053 1058
290 57 1058 1065
291 47 1126 1125
292 45 1157 1163
293 50 1098 1095
294 49 1096 1086
295 51 1117 1119
296 48 1137 1145
297 45 1170 1172
298 42 1196 1201
299 44 1151 1148
300 44 1161 1164
301 45 1163 1170
302 44 1148 1154
303 44 1154 1161
304 33 1261 1268
305 25 1307 1300
306 8 1460 1461
307 6 1483 1484
308 3 1508 1510
309 23 1347 1340
310 22 1326 1315
311 29 1283 1280
312 26 1320 1323
313 30 1295 1305
314 37 1203 1197
315 26 1317 1306
316 37 1200 1203
317 31 1248 1242
318 29 1289 1293
319 29 1290 1283
320 25 1294 1291
321 17 1396 1390
322 23 1342 1344
323 16 1391 1386
324 20 1370 1372
325 22 1330 1326
326 13 1414 1406
327 10 1439 1438
328 7 1477 1469
329 11 1441 1435
330 10 1443 1439
331 8 1467 1460
332 7 1469 1464
333 5 1493 1487
334 4 1495 1491
335 2 1513 1514
336 2 1514 1520
337 343 1222 1225
338 311 1097 1104
339 221 769 770
340 346 1226 1234
341 358 1271 1277
342 355 1249 1255
343 298 1041 1047
344 237 826 816
345 304 1069 1066
346 135 446 450
347 375 1327 1335
348 139 455 462
349 383 1373 1375
350 273 958 961
351 166 567 566
352 163 551 555
353 131 437 436
354 162 549 541
355 159 542 540
356 167 558 565
357 180 614 621
358 171 588 585
359 216 746 751
360 239 842 835
361 226 782 792
362 240 828 823
363 240 841 847
364 156 529 520
365 258 889 897
366 245 859 863
367 267 924 930
368 291 1034 1027
369 334 1184 1179
370 337 1193 1199
371 345 1229 1233
372 379 1359 1353
373 404 1451 1450
374 354 1262 1256
375 381 1365 1368
376 397 1412 1411
377 398 1427 1420
378 385 1371 1380
379 424 1511 1512
380 141 461 468
381 140 465 470
382 133 438 444
383 155 515 509
384 145 476 478
385 150 495 497
386 153 503 506
387 174 582 584
388 275 969 973
389 281 985 991
390 268 940 945
391 174 598 595
392 267 946 939
393 262 926 919
394 255 885 879
395 261 922 914
396 254 898 893
397 263 923 913
398 270 947 938
399 253 896 888
400 257 906 894
401 205 699 707
402 247 854 848
403 176 599 606
404 168 568 573
405 181 625 622
406 190 651 657
407 130 431 429
408 146 480 487
409 149 494 490
410 158 526 519
411 157 518 521
412 161 539 534
413 198 674 683
414 182 610 620
415 190 644 637
416 199 673 675
417 173 589 596
418 189 631 636
419 193 659 652
420 210 716 724
421 188 648 640
422 203 703 693
423 192 664 662
424 202 682 687
425 203 688 697
426 236 810 817
427 214 745 744
428 210 731 722
429 217 761 754
430 222 776 779
431 232 815 809
432 227 791 795
433 238 833 837
434 230 793 804
435 211 727 734
436 224 773 780
437 219 752 758
438 208 725 723
439 204 702 709
440 246 870 862
441 248 868 861
442 318 1121 1118
443 295 1030 1036
444 313 1109 1103
445 285 988 995
446 310 1088 1094
447 337 1198 1192
448 284 1008 1002
449 301 1052 1057
450 307 1078 1076
451 283 1000 1004
452 276 974 971
453 272 960 957
454 290 1016 1026
455 282 989 999
456 292 1015 1022
457 300 1051 1050
458 303 1063 1068
459 316 1120 1113
460 328 1155 1152
461 308 1089 1079
462 306 1090 1083
463 319 1123 1130
464 326 1143 1150
465 333 1177 1183
466 341 1204 1210
467 322 1141 1131
468 330 1167 1174
469 331 1168 1171
470 325 1144 1140
471 329 1156 1160
472 356 1259 1257
473 367 1311 1316
474 407 1454 1447
475 413 1479 1472
476 420 1504 1498
477 377 1349 1351
478 368 1319 1313
479 358 1276 1270
480 374 1329 1337
481 369 1301 1308
482 339 1207 1212
483 365 1309 1302
484 342 1209 1220
485 349 1247 1245
486 365 1297 1303
487 359 1286 1281
488 361 1287 1282
489 390 1397 1398
490 379 1348 1355
491 389 1393 1394
492 387 1378 1385
493 373 1333 1338
494 392 1407 1402
495 401 1430 1421
496 411 1476 1475
497 400 1434 1429
498 402 1437 1428
499 406 1459 1453
500 408 1463 1455
501 414 1486 1480
502 416 1490 1482
503 422 1507 1502
504 425 1515 1517
505 346 1237 1231
506 310 1100 1101
507 224 784 777
508 344 1228 1232
509 357 1269 1273
510 350 1238 1246
511 293 1029 1039
512 239 825 821
513 302 1059 1062
514 136 454 452
515 371 1317 1325
516 137 451 457
517 387 1387 1382
518 274 967 964
519 170 579 572
520 165 560 557
521 135 449 443
522 164 552 547
523 163 553 546
524 164 554 561
525 182 626 623
526 176 603 594
527 215 741 749
528 245 858 846
529 225 786 788
530 237 811 818
531 244 860 852
532 159 533 527
533 252 875 886
534 249 876 871
535 260 903 918
536 296 1048 1038
537 336 1186 1182
538 336 1191 1195
539 347 1239 1235
540 383 1369 1361
541 409 1465 1456
542 357 1264 1260
543 385 1381 1374
544 395 1400 1404
545 400 1426 1424
546 384 1377 1379
547 420 1499 1506
548 138 458 463
549 141 473 471
550 134 447 445
551 154 505 507
552 142 464 472
553 147 484 489
554 149 492 500
555 170 570 578
556 277 979 975
557 279 983 987
558 269 951 948
559 179 615 605
560 273 959 949
561 268 943 931
562 253 877 878
563 266 935 925
564 260 916 905
565 265 921 915
566 271 944 941
567 259 910 900
568 261 904 899
569 202 696 701
570 244 836 843
571 177 611 609
572 169 576 575
573 186 642 633
574 191 665 661
575 133 442 435
576 144 477 483
577 148 485 488
578 156 513 517
579 152 504 512
580 160 530 531
581 195 672 677
582 178 607 613
583 188 634 635
584 194 656 666
585 175 600 597
586 183 616 624
587 191 645 649
588 206 711 718
589 192 653 646
590 206 708 700
591 197 680 671
592 197 667 676
593 199 685 691
594 231 796 806
595 219 760 753
596 214 738 729
597 222 771 762
598 226 797 787
599 238 832 820
600 230 808 801
601 242 850 845
602 229 794 800
603 212 736 735
604 223 774 778
605 216 755 757
606 213 737 730
607 205 712 710
608 252 884 873
609 250 872 866
610 316 1111 1115
611 289 1014 1025
612 315 1108 1106
613 280 978 986
614 307 1081 1087
615 338 1196 1194
616 289 1023 1013
617 296 1040 1049
618 305 1067 1071
619 287 1017 1011
620 280 984 977
621 275 970 963
622 288 1020 1024
623 281 994 997
624 286 1003 1012
625 297 1037 1043
626 300 1054 1061
627 317 1117 1114
628 324 1139 1147
629 309 1085 1082
630 312 1102 1093
631 317 1126 1129
632 321 1133 1142
633 331 1178 1181
634 338 1205 1208
635 323 1138 1135
636 329 1166 1169
637 328 1159 1165
638 322 1127 1134
639 325 1146 1153
640 352 1243 1250
641 370 1328 1322
642 406 1445 1446
643 412 1470 1471
644 419 1496 1497
645 380 1364 1358
646 373 1334 1324
647 359 1274 1272
648 372 1332 1336
649 364 1290 1299
650 342 1223 1217
651 371 1321 1312
652 340 1211 1215
653 353 1258 1251
654 363 1294 1298
655 364 1295 1288
656 363 1289 1285
657 393 1409 1403
658 378 1350 1352
659 391 1405 1401
660 386 1383 1384
661 376 1346 1341
662 396 1415 1408
663 402 1423 1422
664 415 1488 1481
665 403 1440 1432
666 404 1442 1436
667 410 1466 1458
668 411 1468 1462
669 417 1492 1485
670 418 1494 1489
671 421 1500 1501
672 422 1503 1509
673 343 1225 1218
674 311 1104 1105
675 221 770 765
676 346 1234 1237
677 358 1277 1280
678 355 1255 1265
679 298 1047 1055
680 237 816 811
681 304 1066 1070
682 135 450 449
683 375 1335 1343
684 139 462 466
685 383 1375 1369
686 273 961 959
687 166 566 559
688 163 555 553
689 131 436 430
690 162 541 537
691 159 540 533
692 167 565 569
693 180 621 617
694 171 585 577
695 216 751 755
696 239 835 825
697 226 792 797
698 240 823 830
699 240 847 839
700 156 520 513
701 258 897 908
702 245 863 858
703 267 930 942
704 291 1027 1018
705 334 1179 1175
706 337 1199 1202
707 345 1233 1230
708 379 1353 1344
709 404 1450 1442
710 354 1256 1252
711 381 1368 1360
712 397 1411 1416
713 398 1420 1418
714 385 1380 1381
715 424 1512 1519
716 141 468 473
717 140 470 469
718 133 444 442
719 155 509 511
720 145 478 486
721 150 497 502
722 153 506 514
723 174 584 591
724 275 973 970
725 281 991 994
726 268 945 943
727 174 595 586
728 267 939 929
729 262 919 907
730 255 879 882
731 261 914 904
732 254 893 880
733 263 913 909
734 270 938 934
735 253 888 877
736 257 894 887
737 205 707 712
738 247 848 855
739 176 606 603
740 168 573 571
741 181 622 612
742 190 657 654
743 130 429 426
744 146 487 491
745 149 490 492
746 158 519 523
747 157 521 528
748 161 534 536
749 198 683 689
750 182 620 626
751 190 637 641
752 199 675 685
753 173 596 593
754 189 636 647
755 193 652 655
756 210 724 732
757 188 640 634
758 203 693 686
759 192 662 653
760 202 687 696
761 203 697 704
762 236 817 827
763 214 744 738
764 210 722 714
765 217 754 742
766 222 779 771
767 232 809 799
768 227 795 790
769 238 837 832
770 230 804 808
771 211 734 733
772 224 780 784
773 219 758 760
774 208 723 715
775 204 709 706
776 246 862 851
777 248 861 856
778 318 1118 1122
779 295 1036 1046
780 313 1103 1099
781 285 995 1006
782 310 1094 1100
783 337 1192 1189
784 284 1002 992
785 301 1057 1064
786 307 1076 1081
787 283 1004 998
788 276 971 965
789 272 957 950
790 290 1026 1028
791 282 999 1001
792 292 1022 1032
793 300 1050 1054
794 303 1068 1074
795 316 1113 1111
796 328 1152 1159
797 308 1079 1077
798 306 1083 1073
799 319 1130 1132
800 326 1150 1158
801 333 1183 1187
802 341 1210 1214
803 322 1131 1127
804 330 1174 1176
805 331 1171 1178
806 325 1140 1146
807 329 1160 1166
808 356 1257 1263
809 367 1316 1310
810 407 1447 1448
811 413 1472 1473
812 420 1498 1499
813 377 1351 1345
814 368 1313 1304
815 358 1270 1267
816 374 1337 1339
817 369 1308 1318
818 339 1212 1206
819 365 1302 1293
820 342 1220 1223
821 349 1245 1236
822 365 1303 1306
823 359 1281 1274
824 361 1282 1279
825 390 1398 1392
826 379 1355 1357
827 389 1394 1388
828 387 1385 1387
829 373 1338 1334
830 392 1402 1395
831 401 1421 1419
832 411 1475 1468
833 400 1429 1426
834 402 1428 1423
835 406 1453 1445
836 408 1455 1449
837 414 1480 1474
838 416 1482 1478
839 422 1502 1503
840 425 1517 1521
841 346 1222 1219
842 310 1097 1091
843 224 769 768
844 344 1226 1216
845 357 1271 1264
846 350 1249 1244
847 293 1041 1035
848 239 826 838
849 302 1069 1072
850 136 446 441
851 371 1327 1321
852 137 455 448
853 387 1373 1372
854 274 958 954
855 170 567 570
856 165 551 548
857 135 437 440
858 164 549 554
859 163 542 545
860 164 558 552
861 182 614 608
862 176 588 590
863 215 746 740
864 245 842 849
865 225 782 772
866 237 828 834
867 244 841 836
868 159 529 538
869 252 889 884
870 249 859 857
871 260 924 916
872 296 1034 1040
873 336 1184 1191
874 336 1193 1186
875 347 1229 1224
876 383 1359 1366
877 409 1451 1452
878 357 1262 1269
879 385 1365 1363
880 395 1412 1413
881 400 1427 1435
882 384 1371 1362
883 420 1511 1510
884 138 461 456
885 141 465 460
886 134 438 434
887 154 515 522
888 142 476 474
889 147 495 493
890 149 503 501
891 170 582 579
892 277 969 966
893 279 985 976
894 269 940 936
895 179 598 601
896 273 946 952
897 268 926 932
898 253 885 890
899 266 922 927
900 260 898 903
901 265 923 933
902 271 947 956
903 259 896 901
904 261 906 917
905 202 699 690
906 244 854 860
907 177 599 592
908 169 568 564
909 186 625 629
910 191 651 645
911 133 431 432
912 144 480 475
913 148 494 498
914 156 526 532
915 152 518 516
916 160 539 543
917 195 674 663
918 178 610 602
919 188 644 650
920 194 673 669
921 175 589 583
922 183 631 628
923 191 659 665
924 206 716 708
925 192 648 658
926 206 703 711
927 197 664 667
928 197 682 680
929 199 688 679
930 231 810 803
931 219 745 747
932 214 731 739
933 222 761 767
934 226 776 775
935 238 815 822
936 230 791 789
937 242 833 829
938 229 793 785
939 212 727 721
940 223 773 766
941 216 752 743
942 213 725 726
943 205 702 695
944 252 870 875
945 250 868 874
946 316 1121 1125
947 289 1030 1023
948 315 1109 1116
949 280 988 984
950 307 1088 1084
951 338 1198 1205
952 289 1008 1014
953 296 1052 1048
954 305 1078 1080
955 287 1000 996
956 280 974 978
957 275 960 962
958 288 1016 1007
959 281 989 981
960 286 1015 1009
961 297 1051 1053
962 300 1063 1058
963 317 1120 1126
964 324 1155 1157
965 309 1089 1098
966 312 1090 1096
967 317 1123 1117
968 321 1143 1137
969 331 1177 1170
970 338 1204 1196
971 323 1141 1151
972 329 1167 1161
973 328 1168 1163
974 322 1144 1148
975 325 1156 1154
976 352 1259 1261
977 370 1311 1307
978 406 1454 1460
979 412 1479 1483
980 419 1504 1508
981 380 1349 1347
982 373 1319 1326
983 359 1276 1283
984 372 1329 1320
985 364 1301 1295
986 342 1207 1203
987 371 1309 1317
988 340 1209 1200
989 353 1247 1248
990 363 1297 1289
991 364 1286 1290
992 363 1287 1294
993 393 1397 1396
994 378 1348 1342
995 391 1393 1391
996 386 1378 1370
997 376 1333 1330
998 396 1407 1414
999 402 1430 1439
1000 415 1476 1477
1001 403 1434 1441
1002 404 1437 1443
1003 410 1459 1467
1004 411 1463 1469
1005 417 1486 1493
1006 418 1490 1495
1007 421 1507 1513
1008 422 1515 1514
1009 346 1231 1222
1010 310 1101 1097
1011 224 777 769
1012 344 1232 1226
1013 357 1273 1271
1014 350 1246 1249
1015 293 1039 1041
1016 239 821 826
1017 302 1062 1069
1018 136 452 446
1019 371 1325 1327
1020 137 457 455
1021 387 1382 1373
1022 274 964 958
1023 170 572 567
1024 165 557 551
1025 135 443 437
1026 164 547 549
1027 163 546 542
1028 164 561 558
1029 182 623 614
1030 176 594 588
1031 215 749 746
1032 245 846 842
1033 225 788 782
1034 237 818 828
1035 244 852 841
1036 159 527 529
1037 252 886 889
1038 249 871 859
1039 260 918 924
1040 296 1038 1034
1041 336 1182 1184
1042 336 1195 1193
1043 347 1235 1229
1044 383 1361 1359
1045 409 1456 1451
1046 357 1260 1262
1047 385 1374 1365
1048 395 1404 1412
1049 400 1424 1427
1050 384 1379 1371
1051 420 1506 1511
1052 138 463 461
1053 141 471 465
1054 134 445 438
1055 154 507 515
1056 142 472 476
1057 147 489 495
1058 149 500 503
1059 170 578 582
1060 277 975 969
1061 279 987 985
1062 269 948 940
1063 179 605 598
1064 273 949 946
1065 268 931 926
1066 253 878 885
1067 266 925 922
1068 260 905 898
1069 265 915 923
1070 271 941 947
1071 259 900 896
1072 261 899 906
1073 202 701 699
1074 244 843 854
1075 177 609 599
1076 169 575 568
1077 186 633 625
1078 191 661 651
1079 133 435 431
1080 144 483 480
1081 148 488 494
1082 156 517 526
1083 152 512 518
1084 160 531 539
1085 195 677 674
1086 178 613 610
1087 188 635 644
1088 194 666 673
1089 175 597 589
1090 183 624 631
1091 191 649 659
1092 206 718 716
1093 192 646 648
1094 206 700 703
1095 197 671 664
1096 197 676 682
1097 199 691 688
1098 231 806 810
1099 219 753 745
1100 214 729 731
1101 222 762 761
1102 226 787 776
1103 238 820 815
1104 230 801 791
1105 242 845 833
1106 229 800 793
1107 212 735 727
1108 223 778 773
1109 216 757 752
1110 213 730 725
1111 205 710 702
1112 252 873 870
1113 250 866 868
1114 316 1115 1121
1115 289 1025 1030
1116 315 1106 1109
1117 280 986 988
1118 307 1087 1088
1119 338 1194 1198
1120 289 1013 1008
1121 296 1049 1052
1122 305 1071 1078
1123 287 1011 1000
1124 280 977 974
1125 275 963 960
1126 288 1024 1016
1127 281 997 989
1128 286 1012 1015
1129 297 1043 1051
1130 300 1061 1063
1131 317 1114 1120
1132 324 1147 1155
1133 309 1082 1089
1134 312 1093 1090
1135 317 1129 1123
1136 321 1142 1143
1137 331 1181 1177
1138 338 1208 1204
1139 323 1135 1141
1140 329 1169 1167
1141 328 1165 1168
1142 322 1134 1144
1143 325 1153 1156
1144 352 1250 1259
1145 370 1322 1311
1146 406 1446 1454
1147 412 1471 1479
1148 419 1497 1504
1149 380 1358 1349
1150 373 1324 1319
1151 359 1272 1276
1152 372 1336 1329
1153 364 1299 1301
1154 342 1217 1207
1155 371 1312 1309
1156 340 1215 1209
1157 353 1251 1247
1158 363 1298 1297
1159 364 1288 1286
1160 363 1285 1287
1161 393 1403 1397
1162 378 1352 1348
1163 391 1401 1393
1164 386 1384 1378
1165 376 1341 1333
1166 396 1408 1407
1167 402 1422 1430
1168 415 1481 1476
1169 403 1432 1434
1170 404 1436 1437
1171 410 1458 1459
1172 411 1462 1463
1173 417 1485 1486
1174 418 1489 1490
1175 421 1501 1507
1176 422 1509 1515
1177 36 1240 1237
1178 50 1107 1100
1179 86 786 784
1180 35 1238 1228
1181 28 1275 1269
1182 35 1243 1238
1183 59 1037 1029
1184 83 814 825
1185 56 1056 1059
1186 124 458 454
1187 26 1323 1317
1188 125 459 451
1189 18 1389 1387
1190 65 972 967
1191 110 576 579
1192 112 563 560
1193 125 447 449
1194 114 544 552
1195 113 550 553
1196 113 562 554
1197 104 632 626
1198 107 600 603
1199 91 750 741
1200 81 850 858
1201 86 796 786
1202 82 807 811
1203 77 864 860
1204 116 524 533
1205 77 883 875
1206 78 881 876
1207 70 912 903
1208 56 1042 1048
1209 41 1180 1186
1210 37 1197 1191
1211 31 1242 1239
1212 21 1364 1369
1213 7 1464 1465
1214 32 1258 1264
1215 17 1383 1381
1216 18 1399 1400
1217 15 1417 1426
1218 16 1386 1377
1219 5 1500 1499
1220 124 464 458
1221 122 477 473
1222 125 451 447
1223 120 499 505
1224 124 467 464
1225 122 485 484
1226 121 496 492
1227 112 574 570
1228 61 983 979
1229 61 990 983
1230 64 955 951
1231 106 611 615
1232 69 953 959
1233 68 937 943
1234 77 872 877
1235 72 928 935
1236 71 911 916
1237 75 910 921
1238 72 935 944
1239 75 902 910
1240 74 892 904
1241 97 705 696
1242 79 831 836
1243 106 619 611
1244 110 581 576
1245 103 639 642
1246 100 672 665
1247 126 439 442
1248 122 484 477
1249 122 481 485
1250 119 508 513
1251 120 505 504
1252 117 525 530
1253 100 681 672
1254 107 616 607
1255 105 627 634
1256 102 660 656
1257 107 607 600
1258 107 618 616
1259 104 638 645
1260 95 720 711
1261 102 643 653
1262 96 698 708
1263 98 678 680
1264 101 670 667
1265 98 694 685
1266 86 802 796
1267 89 759 760
1268 93 728 738
1269 90 764 771
1270 87 798 797
1271 84 824 832
1272 83 812 808
1273 81 853 850
1274 82 805 794
1275 91 741 736
1276 85 783 774
1277 88 763 755
1278 91 736 737
1279 94 719 712
1280 78 876 884
1281 77 865 872
1282 50 1108 1111
1283 58 1021 1014
1284 50 1102 1108
1285 65 982 978
1286 53 1085 1081
1287 42 1190 1196
1288 59 1017 1023
1289 55 1045 1040
1290 57 1065 1067
1291 59 1020 1017
1292 66 980 984
1293 65 967 970
1294 59 1029 1020
1295 62 1003 994
1296 62 1010 1003
1297 59 1033 1037
1298 56 1059 1054
1299 51 1110 1117
1300 47 1138 1139
1301 53 1075 1085
1302 50 1095 1102
1303 47 1133 1126
1304 47 1139 1133
1305 41 1185 1178
1306 38 1213 1205
1307 47 1128 1138
1308 40 1173 1166
1309 44 1164 1159
1310 46 1124 1127
1311 43 1149 1146
1312 35 1241 1243
1313 23 1332 1328
1314 12 1440 1445
1315 9 1466 1470
1316 6 1492 1496
1317 21 1367 1364
1318 23 1328 1334
1319 33 1268 1274
1320 23 1340 1332
1321 29 1296 1290
1322 35 1228 1223
1323 27 1314 1321
1324 34 1221 1211
1325 32 1254 1258
1326 25 1300 1294
1327 30 1292 1295
1328 29 1284 1289
1329 14 1410 1409
1330 19 1356 1350
1331 13 1406 1405
1332 17 1390 1383
1333 19 1350 1346
1334 14 1409 1415
1335 14 1415 1423
1336 5 1487 1488
1337 12 1431 1440
1338 11 1433 1442
1339 9 1457 1466
1340 8 1461 1468
1341 6 1484 1492
1342 5 1488 1494
1343 5 1494 1500
1344 4 1505 1503
1345 1218 1225 1227
1346 1105 1104 1110
1347 765 770 772
1348 1237 1234 1244
1349 1280 1277 1284
1350 1265 1255 1261
1351 1055 1047 1053
1352 811 816 805
1353 1070 1066 1064
1354 449 450 456
1355 1343 1335 1339
1356 466 462 469
1357 1369 1375 1376
1358 959 961 965
1359 559 566 564
1360 553 555 559
1361 430 436 434
1362 537 541 536
1363 533 540 537
1364 569 565 571
1365 617 621 627
1366 577 585 583
1367 755 751 756
1368 825 835 829
1369 797 792 803
1370 830 823 819
1371 839 847 851
1372 513 520 511
1373 908 897 902
1374 858 863 867
1375 942 930 937
1376 1018 1027 1021
1377 1175 1179 1173
1378 1202 1199 1206
1379 1230 1233 1236
1380 1344 1353 1347
1381 1442 1450 1449
1382 1252 1256 1248
1383 1360 1368 1370
1384 1416 1411 1410
1385 1418 1420 1416
1386 1381 1380 1388
1387 1519 1512 1513
1388 473 468 474
1389 469 470 475
1390 442 444 448
1391 511 509 502
1392 486 478 482
1393 502 497 498
1394 514 506 510
1395 591 584 587
1396 970 973 976
1397 994 991 998
1398 943 945 950
1399 586 595 592
1400 929 939 934
1401 907 919 912
1402 882 879 874
1403 904 914 909
1404 880 893 887
1405 909 913 901
1406 934 938 927
1407 877 888 883
1408 887 894 882
1409 712 707 717
1410 855 848 844
1411 603 606 612
1412 571 573 577
1413 612 622 618
1414 654 657 663
1415 426 429 427
1416 491 487 493
1417 492 490 486
1418 523 519 514
1419 528 521 522
1420 536 534 528
1421 689 683 692
1422 626 620 628
1423 641 637 632
1424 685 675 678
1425 593 596 602
1426 647 636 639
1427 655 652 647
1428 732 724 733
1429 634 640 630
1430 686 693 684
1431 653 662 660
1432 696 687 689
1433 704 697 706
1434 827 817 824
1435 738 744 742
1436 714 722 713
1437 742 754 748
1438 771 779 781
1439 799 809 802
1440 790 795 799
1441 832 837 840
1442 808 804 814
1443 733 734 740
1444 784 780 790
1445 760 758 765
1446 715 723 721
1447 706 709 715
1448 851 862 857
1449 856 861 855
1450 1122 1118 1116
1451 1046 1036 1042
1452 1099 1103 1096
1453 1006 995 1001
1454 1100 1094 1098
1455 1189 1192 1185
1456 992 1002 996
1457 1064 1057 1060
1458 1081 1076 1074
1459 998 1004 1007
1460 965 971 968
1461 950 957 954
1462 1028 1026 1035
1463 1001 999 1009
1464 1032 1022 1028
1465 1054 1050 1046
1466 1074 1068 1072
1467 1111 1113 1107
1468 1159 1152 1151
1469 1077 1079 1070
1470 1073 1083 1077
1471 1132 1130 1137
1472 1158 1150 1157
1473 1187 1183 1190
1474 1214 1210 1218
1475 1127 1131 1122
1476 1176 1174 1180
1477 1178 1171 1176
1478 1146 1140 1136
1479 1166 1160 1162
1480 1263 1257 1254
1481 1310 1316 1320
1482 1448 1447 1441
1483 1473 1472 1467
1484 1499 1498 1493
1485 1345 1351 1354
1486 1304 1313 1307
1487 1267 1270 1263
1488 1339 1337 1345
1489 1318 1308 1314
1490 1206 1212 1216
1491 1293 1302 1296
1492 1223 1220 1230
1493 1236 1245 1241
1494 1306 1303 1310
1495 1274 1281 1278
1496 1279 1282 1275
1497 1392 1398 1399
1498 1357 1355 1360
1499 1388 1394 1395
1500 1387 1385 1392
1501 1334 1338 1342
1502 1395 1402 1396
1503 1419 1421 1414
1504 1468 1475 1474
1505 1426 1429 1425
1506 1423 1428 1418
1507 1445 1453 1444
1508 1449 1455 1448
1509 1474 1480 1473
1510 1478 1482 1477
1511 1503 1502 1495
1512 1521 1517 1518
1513 1219 1222 1213
1514 1091 1097 1092
1515 768 769 763
1516 1216 1226 1219
1517 1264 1271 1267
1518 1244 1249 1253
1519 1035 1041 1044
1520 838 826 834
1521 1072 1069 1075
1522 441 446 440
1523 1321 1327 1331
1524 448 455 453
1525 1372 1373 1366
1526 954 958 952
1527 570 567 563
1528 548 551 545
1529 440 437 433
1530 554 549 550
1531 545 542 538
1532 552 558 556
1533 608 614 604
1534 590 588 581
1535 740 746 743
1536 849 842 838
1537 772 782 775
1538 834 828 839
1539 836 841 830
1540 538 529 532
1541 884 889 895
1542 857 859 849
1543 916 924 929
1544 1040 1034 1031
1545 1191 1184 1188
1546 1186 1193 1189
1547 1224 1229 1221
1548 1366 1359 1357
1549 1452 1451 1443
1550 1269 1262 1266
1551 1363 1365 1356
1552 1413 1412 1417
1553 1435 1427 1433
1554 1362 1371 1363
1555 1510 1511 1516
1556 456 461 460
1557 460 465 459
1558 434 438 432
1559 522 515 524
1560 474 476 481
1561 493 495 499
1562 501 503 508
1563 579 582 586
1564 966 969 962
1565 976 985 981
1566 936 940 932
1567 601 598 591
1568 952 946 942
1569 932 926 920
1570 890 885 892
1571 927 922 917
1572 903 898 891
1573 933 923 928
1574 956 947 953
1575 901 896 890
1576 917 906 911
1577 690 699 695
1578 860 854 865
1579 592 599 590
1580 564 568 562
1581 629 625 619
1582 645 651 641
1583 432 431 428
1584 475 480 479
1585 498 494 501
1586 532 526 535
1587 516 518 525
1588 543 539 544
1589 663 674 670
1590 602 610 608
1591 650 644 654
1592 669 673 679
1593 583 589 580
1594 628 631 638
1595 665 659 668
1596 708 716 714
1597 658 648 650
1598 711 703 704
1599 667 664 658
1600 680 682 690
1601 679 688 686
1602 803 810 813
1603 747 745 739
1604 739 731 732
1605 767 761 759
1606 775 776 767
1607 822 815 812
1608 789 791 783
1609 829 833 822
1610 785 793 789
1611 721 727 720
1612 766 773 768
1613 743 752 747
1614 726 725 719
1615 695 702 694
1616 875 870 864
1617 874 868 869
1618 1125 1121 1128
1619 1023 1030 1033
1620 1116 1109 1112
1621 984 988 993
1622 1084 1088 1091
1623 1205 1198 1202
1624 1014 1008 1005
1625 1048 1052 1056
1626 1080 1078 1084
1627 996 1000 990
1628 978 974 972
1629 962 960 955
1630 1007 1016 1010
1631 981 989 982
1632 1009 1015 1019
1633 1053 1051 1058
1634 1058 1063 1065
1635 1126 1120 1125
1636 1157 1155 1163
1637 1098 1089 1095
1638 1096 1090 1086
1639 1117 1123 1119
1640 1137 1143 1145
1641 1170 1177 1172
1642 1196 1204 1201
1643 1151 1141 1148
1644 1161 1167 1164
1645 1163 1168 1170
1646 1148 1144 1154
1647 1154 1156 1161
1648 1261 1259 1268
1649 1307 1311 1300
1650 1460 1454 1461
1651 1483 1479 1484
1652 1508 1504 1510
1653 1347 1349 1340
1654 1326 1319 1315
1655 1283 1276 1280
1656 1320 1329 1323
1657 1295 1301 1305
1658 1203 1207 1197
1659 1317 1309 1306
1660 1200 1209 1203
1661 1248 1247 1242
1662 1289 1297 1293
1663 1290 1286 1283
1664 1294 1287 1291
1665 1396 1397 1390
1666 1342 1348 1344
1667 1391 1393 1386
1668 1370 1378 1372
1669 1330 1333 1326
1670 1414 1407 1406
1671 1439 1430 1438
1672 1477 1476 1469
1673 1441 1434 1435
1674 1443 1437 1439
1675 1467 1459 1460
1676 1469 1463 1464
1677 1493 1486 1487
1678 1495 1490 1491
1679 1513 1507 1514
1680 1514 1515 1520
1681 1222 1231 1225
1682 1097 1101 1104
1683 769 777 770
1684 1226 1232 1234
1685 1271 1273 1277
1686 1249 1246 1255
1687 1041 1039 1047
1688 826 821 816
1689 1069 1062 1066
1690 446 452 450
1691 1327 1325 1335
1692 455 457 462
1693 1373 1382 1375
1694 958 964 961
1695 567 572 566
1696 551 557 555
1697 437 443 436
1698 549 547 541
1699 542 546 540
1700 558 561 565
1701 614 623 621
1702 588 594 585
1703 746 749 751
1704 842 846 835
1705 782 788 792
1706 828 818 823
1707 841 852 847
1708 529 527 520
1709 889 886 897
1710 859 871 863
1711 924 918 930
1712 1034 1038 1027
1713 1184 1182 1179
1714 1193 1195 1199
1715 1229 1235 1233
1716 1359 1361 1353
1717 1451 1456 1450
1718 1262 1260 1256
1719 1365 1374 1368
1720 1412 1404 1411
1721 1427 1424 1420
1722 1371 1379 1380
1723 1511 1506 1512
1724 461 463 468
1725 465 471 470
1726 438 445 444
1727 515 507 509
1728 476 472 478
1729 495 489 497
1730 503 500 506
1731 582 578 584
1732 969 975 973
1733 985 987 991
1734 940 948 945
1735 598 605 595
1736 946 949 939
1737 926 931 919
1738 885 878 879
1739 922 925 914
1740 898 905 893
1741 923 915 913
1742 947 941 938
1743 896 900 888
1744 906 899 894
1745 699 701 707
1746 854 843 848
1747 599 609 606
1748 568 575 573
1749 625 633 622
1750 651 661 657
1751 431 435 429
1752 480 483 487
1753 494 488 490
1754 526 517 519
1755 518 512 521
1756 539 531 534
1757 674 677 683
1758 610 613 620
1759 644 635 637
1760 673 666 675
1761 589 597 596
1762 631 624 636
1763 659 649 652
1764 716 718 724
1765 648 646 640
1766 703 700 693
1767 664 671 662
1768 682 676 687
1769 688 691 697
1770 810 806 817
1771 745 753 744
1772 731 729 722
1773 761 762 754
1774 776 787 779
1775 815 820 809
1776 791 801 795
1777 833 845 837
1778 793 800 804
1779 727 735 734
1780 773 778 780
1781 752 757 758
1782 725 730 723
1783 702 710 709
1784 870 873 862
1785 868 866 861
1786 1121 1115 1118
1787 1030 1025 1036
1788 1109 1106 1103
1789 988 986 995
1790 1088 1087 1094
1791 1198 1194 1192
1792 1008 1013 1002
1793 1052 1049 1057
1794 1078 1071 1076
1795 1000 1011 1004
1796 974 977 971
1797 960 963 957
1798 1016 1024 1026
1799 989 997 999
1800 1015 1012 1022
1801 1051 1043 1050
1802 1063 1061 1068
1803 1120 1114 1113
1804 1155 1147 1152
1805 1089 1082 1079
1806 1090 1093 1083
1807 1123 1129 1130
1808 1143 1142 1150
1809 1177 1181 1183
1810 1204 1208 1210
1811 1141 1135 1131
1812 1167 1169 1174
1813 1168 1165 1171
1814 1144 1134 1140
1815 1156 1153 1160
1816 1259 1250 1257
1817 1311 1322 1316
1818 1454 1446 1447
1819 1479 1471 1472
1820 1504 1497 1498
1821 1349 1358 1351
1822 1319 1324 1313
1823 1276 1272 1270
1824 1329 1336 1337
1825 1301 1299 1308
1826 1207 1217 1212
1827 1309 1312 1302
1828 1209 1215 1220
1829 1247 1251 1245
1830 1297 1298 1303
1831 1286 1288 1281
1832 1287 1285 1282
1833 1397 1403 1398
1834 1348 1352 1355
1835 1393 1401 1394
1836 1378 1384 1385
1837 1333 1341 1338
1838 1407 1408 1402
1839 1430 1422 1421
1840 1476 1481 1475
1841 1434 1432 1429
1842 1437 1436 1428
1843 1459 1458 1453
1844 1463 1462 1455
1845 1486 1485 1480
1846 1490 1489 1482
1847 1507 1501 1502
1848 1515 1509 1517
1849 1237 1240 1231
1850 1100 1107 1101
1851 784 786 777
1852 1228 1238 1232
1853 1269 1275 1273
1854 1238 1243 1246
1855 1029 1037 1039
1856 825 814 821
1857 1059 1056 1062
1858 454 458 452
1859 1317 1323 1325
1860 451 459 457
1861 1387 1389 1382
1862 967 972 964
1863 579 576 572
1864 560 563 557
1865 449 447 443
1866 552 544 547
1867 553 550 546
1868 554 562 561
1869 626 632 623
1870 603 600 594
1871 741 750 749
1872 858 850 846
1873 786 796 788
1874 811 807 818
1875 860 864 852
1876 533 524 527
1877 875 883 886
1878 876 881 871
1879 903 912 918
1880 1048 1042 1038
1881 1186 1180 1182
1882 1191 1197 1195
1883 1239 1242 1235
1884 1369 1364 1361
1885 1465 1464 1456
1886 1264 1258 1260
1887 1381 1383 1374
1888 1400 1399 1404
1889 1426 1417 1424
1890 1377 1386 1379
1891 1499 1500 1506
1892 458 464 463
1893 473 477 471
1894 447 451 445
1895 505 499 507
1896 464 467 472
1897 484 485 489
1898 492 496 500
1899 570 574 578
1900 979 983 975
1901 983 990 987
1902 951 955 948
1903 615 611 605
1904 959 953 949
1905 943 937 931
1906 877 872 878
1907 935 928 925
1908 916 911 905
1909 921 910 915
1910 944 935 941
1911 910 902 900
1912 904 892 899
1913 696 705 701
1914 836 831 843
1915 611 619 609
1916 576 581 575
1917 642 639 633
1918 665 672 661
1919 442 439 435
1920 477 484 483
1921 485 481 488
1922 513 508 517
1923 504 505 512
1924 530 525 531
1925 672 681 677
1926 607 616 613
1927 634 627 635
1928 656 660 666
1929 600 607 597
1930 616 618 624
1931 645 638 649
1932 711 720 718
1933 653 643 646
1934 708 698 700
1935 680 678 671
1936 667 670 676
1937 685 694 691
1938 796 802 806
1939 760 759 753
1940 738 728 729
1941 771 764 762
1942 797 798 787
1943 832 824 820
1944 808 812 801
1945 850 853 845
1946 794 805 800
1947 736 741 735
1948 774 783 778
1949 755 763 757
1950 737 736 730
1951 712 719 710
1952 884 876 873
1953 872 865 866
1954 1111 1108 1115
1955 1014 1021 1025
1956 1108 1102 1106
1957 978 982 986
1958 1081 1085 1087
1959 1196 1190 1194
1960 1023 1017 1013
1961 1040 1045 1049
1962 1067 1065 1071
1963 1017 1020 1011
1964 984 980 977
1965 970 967 963
1966 1020 1029 1024
1967 994 1003 997
1968 1003 1010 1012
1969 1037 1033 1043
1970 1054 1059 1061
1971 1117 1110 1114
1972 1139 1138 1147
1973 1085 1075 1082
1974 1102 1095 1093
1975 1126 1133 1129
1976 1133 1139 1142
1977 1178 1185 1181
1978 1205 1213 1208
1979 1138 1128 1135
1980 1166 1173 1169
1981 1159 1164 1165
1982 1127 1124 1134
1983 1146 1149 1153
1984 1243 1241 1250
1985 1328 1332 1322
1986 1445 1440 1446
1987 1470 1466 1471
1988 1496 1492 1497
1989 1364 1367 1358
1990 1334 1328 1324
1991 1274 1268 1272
1992 1332 1340 1336
1993 1290 1296 1299
1994 1223 1228 1217
1995 1321 1314 1312
1996 1211 1221 1215
1997 1258 1254 1251
1998 1294 1300 1298
1999 1295 1292 1288
2000 1289 1284 1285
2001 1409 1410 1403
2002 1350 1356 1352
2003 1405 1406 1401
2004 1383 1390 1384
2005 1346 1350 1341
2006 1415 1409 1408
2007 1423 1415 1422
2008 1488 1487 1481
2009 1440 1431 1432
2010 1442 1433 1436
2011 1466 1457 1458
2012 1468 1461 1462
2013 1492 1484 1485
2014 1494 1488 1489
2015 1500 1494 1501
2016 1503 1505 1509
2017 1225 348 1227
2018 1104 314 1110
2019 770 225 772
2020 1234 350 1244
2021 1277 360 1284
2022 1255 352 1261
2023 1047 297 1053
2024 816 233 805
2025 1066 301 1064
2026 450 138 456
2027 1335 374 1339
2028 462 140 469
2029 1375 388 1376
2030 961 276 965
2031 566 169 564
2032 555 166 559
2033 436 134 434
2034 541 161 536
2035 540 162 537
2036 565 168 571
2037 621 185 627
2038 585 175 583
2039 751 218 756
2040 835 242 829
2041 792 231 803
2042 823 234 819
2043 847 246 851
2044 520 155 511
2045 897 256 902
2046 863 251 867
2047 930 264 937
2048 1027 294 1021
2049 1179 332 1173
2050 1199 339 1206
2051 1233 349 1236
2052 1353 380 1347
2053 1450 408 1449
2054 1256 353 1248
2055 1368 386 1370
2056 1411 394 1410
2057 1420 397 1416
2058 1380 389 1388
2059 1512 421 1513
2060 468 142 474
2061 470 144 475
2062 444 137 448
2063 509 150 502
2064 478 143 482
2065 497 148 498
2066 506 151 510
2067 584 172 587
2068 973 279 976
2069 991 283 998
2070 945 272 950
2071 595 177 592
2072 939 270 934
2073 919 264 912
2074 879 250 874
2075 914 263 909
2076 893 257 887
2077 913 259 901
2078 938 266 927
2079 888 256 883
2080 894 255 882
2081 707 207 717
2082 848 241 844
2083 606 181 612
2084 573 171 577
2085 622 184 618
2086 657 195 663
2087 429 132 427
2088 487 147 493
2089 490 145 486
2090 519 153 514
2091 521 154 522
2092 534 157 528
2093 683 200 692
2094 620 183 628
2095 637 185 632
2096 675 196 678
2097 596 178 602
2098 636 184 639
2099 652 189 647
2100 724 211 733
2101 640 187 630
2102 693 201 684
2103 662 196 660
2104 687 198 689
2105 697 204 706
2106 817 235 824
2107 744 217 742
2108 722 209 713
2109 754 220 748
2110 779 228 781
2111 809 235 802
2112 795 232 799
2113 837 243 840
2114 804 233 814
2115 734 215 740
2116 780 227 790
2117 758 221 765
2118 723 212 721
2119 709 208 715
2120 862 249 857
2121 861 247 855
2122 1118 315 1116
2123 1036 294 1042
2124 1103 312 1096
2125 995 282 1001
2126 1094 309 1098
2127 1192 335 1185
2128 1002 287 996
2129 1057 299 1060
2130 1076 303 1074
2131 1004 288 1007
2132 971 278 968
2133 957 274 954
2134 1026 293 1035
2135 999 286 1009
2136 1022 290 1028
2137 1050 295 1046
2138 1068 302 1072
2139 1113 314 1107
2140 1152 323 1151
2141 1079 304 1070
2142 1083 308 1077
2143 1130 321 1137
2144 1150 324 1157
2145 1183 335 1190
2146 1210 343 1218
2147 1131 318 1122
2148 1174 332 1180
2149 1171 330 1176
2150 1140 320 1136
2151 1160 327 1162
2152 1257 351 1254
2153 1316 372 1320
2154 1447 403 1441
2155 1472 410 1467
2156 1498 417 1493
2157 1351 382 1354
2158 1313 370 1307
2159 1270 356 1263
2160 1337 377 1345
2161 1308 366 1314
2162 1212 344 1216
2163 1302 366 1296
2164 1220 345 1230
2165 1245 351 1241
2166 1303 367 1310
2167 1281 362 1278
2168 1282 360 1275
2169 1398 394 1399
2170 1355 381 1360
2171 1394 392 1395
2172 1385 390 1392
2173 1338 378 1342
2174 1402 393 1396
2175 1421 396 1414
2176 1475 414 1474
2177 1429 399 1425
2178 1428 398 1418
2179 1453 405 1444
2180 1455 407 1448
2181 1480 413 1473
2182 1482 415 1477
2183 1502 418 1495
2184 1517 423 1518
2185 1222 343 1213
2186 1097 311 1092
2187 769 221 763
2188 1226 346 1219
2189 1271 358 1267
2190 1249 355 1253
2191 1041 298 1044
2192 826 237 834
2193 1069 304 1075
2194 446 135 440
2195 1327 375 1331
2196 455 139 453
2197 1373 383 1366
2198 958 273 952
2199 567 166 563
2200 551 163 545
2201 437 131 433
2202 549 162 550
2203 542 159 538
2204 558 167 556
2205 614 180 604
2206 588 171 581
2207 746 216 743
2208 842 239 838
2209 782 226 775
2210 828 240 839
2211 841 240 830
2212 529 156 532
2213 889 258 895
2214 859 245 849
2215 924 267 929
2216 1034 291 1031
2217 1184 334 1188
2218 1193 337 1189
2219 1229 345 1221
2220 1359 379 1357
2221 1451 404 1443
2222 1262 354 1266
2223 1365 381 1356
2224 1412 397 1417
2225 1427 398 1433
2226 1371 385 1363
2227 1511 424 1516
2228 461 141 460
2229 465 140 459
2230 438 133 432
2231 515 155 524
2232 476 145 481
2233 495 150 499
2234 503 153 508
2235 582 174 586
2236 969 275 962
2237 985 281 981
2238 940 268 932
2239 598 174 591
2240 946 267 942
2241 926 262 920
2242 885 255 892
2243 922 261 917
2244 898 254 891
2245 923 263 928
2246 947 270 953
2247 896 253 890
2248 906 257 911
2249 699 205 695
2250 854 247 865
2251 599 176 590
2252 568 168 562
2253 625 181 619
2254 651 190 641
2255 431 130 428
2256 480 146 479
2257 494 149 501
2258 526 158 535
2259 518 157 525
2260 539 161 544
2261 674 198 670
2262 610 182 608
2263 644 190 654
2264 673 199 679
2265 589 173 580
2266 631 189 638
2267 659 193 668
2268 716 210 714
2269 648 188 650
2270 703 203 704
2271 664 192 658
2272 682 202 690
2273 688 203 686
2274 810 236 813
2275 745 214 739
2276 731 210 732
2277 761 217 759
2278 776 222 767
2279 815 232 812
2280 791 227 783
2281 833 238 822
2282 793 230 789
2283 727 211 720
2284 773 224 768
2285 752 219 747
2286 725 208 719
2287 702 204 694
2288 870 246 864
2289 868 248 869
2290 1121 318 1128
2291 1030 295 1033
2292 1109 313 1112
2293 988 285 993
2294 1088 310 1091
2295 1198 337 1202
2296 1008 284 1005
2297 1052 301 1056
2298 1078 307 1084
2299 1000 283 990
2300 974 276 972
2301 960 272 955
2302 1016 290 1010
2303 989 282 982
2304 1015 292 1019
2305 1051 300 1058
2306 1063 303 1065
2307 1120 316 1125
2308 1155 328 1163
2309 1089 308 1095
2310 1090 306 1086
2311 1123 319 1119
2312 1143 326 1145
2313 1177 333 1172
2314 1204 341 1201
2315 1141 322 1148
2316 1167 330 1164
2317 1168 331 1170
2318 1144 325 1154
2319 1156 329 1161
2320 1259 356 1268
2321 1311 367 1300
2322 1454 407 1461
2323 1479 413 1484
2324 1504 420 1510
2325 1349 377 1340
2326 1319 368 1315
2327 1276 358 1280
2328 1329 374 1323
2329 1301 369 1305
2330 1207 339 1197
2331 1309 365 1306
2332 1209 342 1203
2333 1247 349 1242
2334 1297 365 1293
2335 1286 359 1283
2336 1287 361 1291
2337 1397 390 1390
2338 1348 379 1344
2339 1393 389 1386
2340 1378 387 1372
2341 1333 373 1326
2342 1407 392 1406
2343 1430 401 1438
2344 1476 411 1469
2345 1434 400 1435
2346 1437 402 1439
2347 1459 406 1460
2348 1463 408 1464
2349 1486 414 1487
2350 1490 416 1491
2351 1507 422 1514
2352 1515 425 1520
2353 1231 348 1225
2354 1101 314 1104
2355 777 225 770
2356 1232 350 1234
2357 1273 360 1277
2358 1246 352 1255
2359 1039 297 1047
2360 821 233 816
2361 1062 301 1066
2362 452 138 450
2363 1325 374 1335
2364 457 140 462
2365 1382 388 1375
2366 964 276 961
2367 572 169 566
2368 557 166 555
2369 443 134 436
2370 547 161 541
2371 546 162 540
2372 561 168 565
2373 623 185 621
2374 594 175 585
2375 749 218 751
2376 846 242 835
2377 788 231 792
2378 818 234 823
2379 852 246 847
2380 527 155 520
2381 886 256 897
2382 871 251 863
2383 918 264 930
2384 1038 294 1027
2385 1182 332 1179
2386 1195 339 1199
2387 1235 349 1233
2388 1361 380 1353
2389 1456 408 1450
2390 1260 353 1256
2391 1374 386 1368
2392 1404 394 1411
2393 1424 397 1420
2394 1379 389 1380
2395 1506 421 1512
2396 463 142 468
2397 471 144 470
2398 445 137 444
2399 507 150 509
2400 472 143 478
2401 489 148 497
2402 500 151 506
2403 578 172 584
2404 975 279 973
2405 987 283 991
2406 948 272 945
2407 605 177 595
2408 949 270 939
2409 931 264 919
2410 878 250 879
2411 925 263 914
2412 905 257 893
2413 915 259 913
2414 941 266 938
2415 900 256 888
2416 899 255 894
2417 701 207 707
2418 843 241 848
2419 609 181 606
2420 575 171 573
2421 633 184 622
2422 661 195 657
2423 435 132 429
2424 483 147 487
2425 488 145 490
2426 517 153 519
2427 512 154 521
2428 531 157 534
2429 677 200 683
2430 613 183 620
2431 635 185 637
2432 666 196 675
2433 597 178 596
2434 624 184 636
2435 649 189 652
2436 718 211 724
2437 646 187 640
2438 700 201 693
2439 671 196 662
2440 676 198 687
2441 691 204 697
2442 806 235 817
2443 753 217 744
2444 729 209 722
2445 762 220 754
2446 787 228 779
2447 820 235 809
2448 801 232 795
2449 845 243 837
2450 800 233 804
2451 735 215 734
2452 778 227 780
2453 757 221 758
2454 730 212 723
2455 710 208 709
2456 873 249 862
2457 866 247 861
2458 1115 315 1118
2459 1025 294 1036
2460 1106 312 1103
2461 986 282 995
2462 1087 309 1094
2463 1194 335 1192
2464 1013 287 1002
2465 1049 299 1057
2466 1071 303 1076
2467 1011 288 1004
2468 977 278 971
2469 963 274 957
2470 1024 293 1026
2471 997 286 999
2472 1012 290 1022
2473 1043 295 1050
2474 1061 302 1068
2475 1114 314 1113
2476 1147 323 1152
2477 1082 304 1079
2478 1093 308 1083
2479 1129 321 1130
2480 1142 324 1150
2481 1181 335 1183
2482 1208 343 1210
2483 1135 318 1131
2484 1169 332 1174
2485 1165 330 1171
2486 1134 320 1140
2487 1153 327 1160
2488 1250 351 1257
2489 1322 372 1316
2490 1446 403 1447
2491 1471 410 1472
2492 1497 417 1498
2493 1358 382 1351
2494 1324 370 1313
2495 1272 356 1270
2496 1336 377 1337
2497 1299 366 1308
2498 1217 344 1212
2499 1312 366 1302
2500 1215 345 1220
2501 1251 351 1245
2502 1298 367 1303
2503 1288 362 1281
2504 1285 360 1282
2505 1403 394 1398
2506 1352 381 1355
2507 1401 392 1394
2508 1384 390 1385
2509 1341 378 1338
2510 1408 393 1402
2511 1422 396 1421
2512 1481 414 1475
2513 1432 399 1429
2514 1436 398 1428
2515 1458 405 1453
2516 1462 407 1455
2517 1485 413 1480
2518 1489 415 1482
2519 1501 418 1502
2520 1509 423 1517
2521 1240 348 1231
2522 1107 314 1101
2523 786 225 777
2524 1238 350 1232
2525 1275 360 1273
2526 1243 352 1246
2527 1037 297 1039
2528 814 233 821
2529 1056 301 1062
2530 458 138 452
2531 1323 374 1325
2532 459 140 457
2533 1389 388 1382
2534 972 276 964
2535 576 169 572
2536 563 166 557
2537 447 134 443
2538 544 161 547
2539 550 162 546
2540 562 168 561
2541 632 185 623
2542 600 175 594
2543 750 218 749
2544 850 242 846
2545 796 231 788
2546 807 234 818
2547 864 246 852
2548 524 155 527
2549 883 256 886
2550 881 251 871
2551 912 264 918
2552 1042 294 1038
2553 1180 332 1182
2554 1197 339 1195
2555 1242 349 1235
2556 1364 380 1361
2557 1464 408 1456
2558 1258 353 1260
2559 1383 386 1374
2560 1399 394 1404
2561 1417 397 1424
2562 1386 389 1379
2563 1500 421 1506
2564 464 142 463
2565 477 144 471
2566 451 137 445
2567 499 150 507
2568 467 143 472
2569 485 148 489
2570 496 151 500
2571 574 172 578
2572 983 279 975
2573 990 283 987
2574 955 272 948
2575 611 177 605
2576 953 270 949
2577 937 264 931
2578 872 250 878
2579 928 263 925
2580 911 257 905
2581 910 259 915
2582 935 266 941
2583 902 256 900
2584 892 255 899
2585 705 207 701
2586 831 241 843
2587 619 181 609
2588 581 171 575
2589 639 184 633
2590 672 195 661
2591 439 132 435
2592 484 147 483
2593 481 145 488
2594 508 153 517
2595 505 154 512
2596 525 157 531
2597 681 200 677
2598 616 183 613
2599 627 185 635
2600 660 196 666
2601 607 178 597
2602 618 184 624
2603 638 189 649
2604 720 211 718
2605 643 187 646
2606 698 201 700
2607 678 196 671
2608 670 198 676
2609 694 204 691
2610 802 235 806
2611 759 217 753
2612 728 209 729
2613 764 220 762
2614 798 228 787
2615 824 235 820
2616 812 232 801
2617 853 243 845
2618 805 233 800
2619 741 215 735
2620 783 227 778
2621 763 221 757
2622 736 212 730
2623 719 208 710
2624 876 249 873
2625 865 247 866
2626 1108 315 1115
2627 1021 294 1025
2628 1102 312 1106
2629 982 282 986
2630 1085 309 1087
2631 1190 335 1194
2632 1017 287 1013
2633 1045 299 1049
2634 1065 303 1071
2635 1020 288 1011
2636 980 278 977
2637 967 274 963
2638 1029 293 1024
2639 1003 286 997
2640 1010 290 1012
2641 1033 295 1043
2642 1059 302 1061
2643 1110 314 1114
2644 1138 323 1147
2645 1075 304 1082
2646 1095 308 1093
2647 1133 321 1129
2648 1139 324 1142
2649 1185 335 1181
2650 1213 343 1208
2651 1128 318 1135
2652 1173 332 1169
2653 1164 330 1165
2654 1124 320 1134
2655 1149 327 1153
2656 1241 351 1250
2657 1332 372 1322
2658 1440 403 1446
2659 1466 410 1471
2660 1492 417 1497
2661 1367 382 1358
2662 1328 370 1324
2663 1268 356 1272
2664 1340 377 1336
2665 1296 366 1299
2666 1228 344 1217
2667 1314 366 1312
2668 1221 345 1215
2669 1254 351 1251
2670 1300 367 1298
2671 1292 362 1288
2672 1284 360 1285
2673 1410 394 1403
2674 1356 381 1352
2675 1406 392 1401
2676 1390 390 1384
2677 1350 378 1341
2678 1409 393 1408
2679 1415 396 1422
2680 1487 414 1481
2681 1431 399 1432
2682 1433 398 1436
2683 1457 405 1458
2684 1461 407 1462
2685 1484 413 1485
2686 1488 415 1489
2687 1494 418 1501
2688 1505 423 1509
