6.0000 172.187 10.789 156.233
6.5000 515.229 21.159 494.051 
6.8012 997.108 31.747 988.488
7.0737 1812.018 45.826 1851.277
7.3203 3111.183 63.882 3266.416
7.5435 5074.719 86.287 5460.991
7.7453 7898.154 113.240 8691.034
7.9280 11788.431 144.837 13236.448
8.0933 16936.419 180.959 19367.407
8.2429 23509.360 221.359 27332.004
8.3782 31626.155 265.612 37322.564
8.5007 41368.179 313.263 49484.760
8.6115 52740.956 363.687 63866.258
8.7118 65710.323 416.297 80458.414
8.8025 80164.115 470.395 99145.149
8.8846 95970.819 525.401 119776.459
8.9588 112921.750 580.628 142092.603
9.0260 130843.454 635.638  165871.385