1 29 262 296
2 7 292 273
3 38 348 370
4 17 214 228
5 39 431 444
6 32 276 301
7 36 418 429
8 38 370 392
9 5 455 448
10 5 438 449
11 13 173 166
12 10 207 185
13 11 327 337
14 23 201 226
15 16 141 148
16 26 229 258
17 20 189 204
18 16 148 146
19 22 149 152
20 19 136 140
21 19 140 137
22 22 152 145
23 25 162 168
24 28 182 188
25 31 215 196
26 34 249 227
27 30 367 386
28 28 164 182
29 35 340 368
30 31 184 206
31 26 258 269
32 23 226 234
33 17 228 224
34 15 360 383
35 37 287 264
36 30 374 367
37 35 317 340
38 40 318 328
39 41 394 415
40 33 393 409
41 42 445 450
42 4 390 364
43 4 408 390
44 14 261 281
45 8 399 387
46 10 220 207
47 10 209 220
48 18 310 341
49 6 464 469
50 9 430 446
51 2 467 468
52 3 476 477
53 26 269 247
54 8 363 354
55 37 279 287
56 14 266 237
57 38 392 397
58 31 206 215
59 35 368 375
60 35 375 355
61 6 463 464
62 4 412 408
63 14 237 219
64 14 219 233
65 8 387 363
66 20 204 191
67 13 166 151
68 23 234 216
69 17 224 198
70 17 198 180
71 20 191 170
72 16 146 138
73 20 170 165
74 23 192 187
75 23 216 192
76 26 247 218
77 32 284 276
78 35 326 317
79 29 296 305
80 25 168 157
81 32 342 319
82 28 188 175
83 24 339 307
84 21 303 270
85 18 321 294
86 11 337 324
87 38 358 348
88 32 301 333
89 34 241 249
90 38 384 358
91 38 397 384
92 32 333 342
93 41 415 417
94 8 354 382
95 5 435 438
96 11 324 289
97 9 434 430
98 11 289 274
99 7 273 244
100 14 281 266
101 5 456 455
102 8 401 399
103 5 449 456
104 6 469 471
105 75 278 286
106 93 338 306
107 91 313 343
108 66 254 242
109 116 414 428
110 71 235 265
111 113 391 413
112 105 381 388
113 130 460 454
114 119 426 440
115 59 208 186
116 64 205 195
117 99 372 352
118 60 213 222
119 45 159 153
120 65 243 250
121 58 217 211
122 51 177 158
123 49 176 161
124 43 144 142
125 47 155 143
126 52 171 156
127 54 197 181
128 61 225 203
129 71 251 223
130 81 291 257
131 96 329 357
132 50 174 178
133 94 350 359
134 56 194 200
135 82 315 290
136 74 280 255
137 76 285 252
138 98 351 369
139 91 332 299
140 102 323 345
141 81 271 308
142 97 366 347
143 110 403 410
144 106 362 389
145 124 427 441
146 109 356 361
147 119 424 406
148 80 311 295
149 117 422 405
150 73 259 231
151 68 253 236
152 84 302 322
153 130 461 465
154 117 419 432
155 131 457 462
156 134 472 475
157 86 334 312
158 99 327 316
159 87 326 335
160 84 310 275
161 115 423 425
162 67 248 256
163 108 400 407
164 113 418 402
165 129 452 453
166 123 443 442
167 66 214 199
168 59 173 183
169 112 398 377
170 69 260 239
171 55 190 169
172 78 298 272
173 72 268 238
174 58 189 172
175 60 201 179
176 48 167 154
177 49 149 147
178 54 162 160
179 65 229 202
180 75 262 232
181 77 241 230
182 87 279 267
183 92 344 349
184 57 210 193
185 106 393 378
186 63 240 221
187 100 353 325
188 88 320 288
189 89 304 277
190 104 385 376
191 97 318 309
192 85 282 314
193 77 284 297
194 110 394 373
195 116 431 421
196 102 374 380
197 121 436 439
198 93 292 331
199 118 401 404
200 98 360 330
201 122 416 411
202 80 261 246
203 83 293 263
204 90 346 336
205 131 467 466
206 118 435 433
207 128 451 458
208 133 470 473
209 75 286 262
210 93 306 292
211 91 343 348
212 66 242 214
213 116 428 431
214 71 265 276
215 113 413 418
216 105 388 370
217 130 454 455
218 119 440 438
219 59 186 173
220 64 195 207
221 99 352 327
222 60 222 201
223 45 153 141
224 65 250 229
225 58 211 189
226 51 158 148
227 49 161 149
228 43 142 136
229 47 143 140
230 52 156 152
231 54 181 162
232 61 203 182
233 71 223 215
234 81 257 249
235 96 357 367
236 50 178 164
237 94 359 340
238 56 200 184
239 82 290 258
240 74 255 226
241 76 252 228
242 98 369 360
243 91 299 287
244 102 345 374
245 81 308 317
246 97 347 318
247 110 410 394
248 106 389 393
249 124 441 445
250 109 361 390
251 119 406 408
252 80 295 261
253 117 405 399
254 73 231 220
255 68 236 209
256 84 322 310
257 130 465 464
258 117 432 430
259 131 462 467
260 134 475 476
261 86 278 269
262 99 338 363
263 87 313 279
264 84 254 266
265 115 414 392
266 67 235 206
267 108 391 368
268 113 381 375
269 129 460 463
270 123 426 412
271 66 208 237
272 59 205 219
273 112 372 387
274 69 213 204
275 55 159 166
276 78 243 234
277 72 217 224
278 58 177 198
279 60 176 191
280 48 144 146
281 49 155 170
282 54 171 192
283 65 197 216
284 75 225 247
285 77 251 284
286 87 291 326
287 92 329 296
288 57 174 168
289 106 350 342
290 63 194 188
291 100 315 339
292 88 280 303
293 89 285 321
294 104 351 337
295 97 332 358
296 85 323 301
297 77 271 241
298 110 366 384
299 116 403 397
300 102 362 333
301 121 427 415
302 93 356 354
303 118 424 435
304 98 311 324
305 122 422 434
306 80 259 289
307 83 253 273
308 90 302 281
309 131 461 456
310 118 419 401
311 128 457 449
312 133 472 469
313 86 312 278
314 99 316 338
315 87 335 313
316 84 275 254
317 115 425 414
318 67 256 235
319 108 407 391
320 113 402 381
321 129 453 460
322 123 442 426
323 66 199 208
324 59 183 205
325 112 377 372
326 69 239 213
327 55 169 159
328 78 272 243
329 72 238 217
330 58 172 177
331 60 179 176
332 48 154 144
333 49 147 155
334 54 160 171
335 65 202 197
336 75 232 225
337 77 230 251
338 87 267 291
339 92 349 329
340 57 193 174
341 106 378 350
342 63 221 194
343 100 325 315
344 88 288 280
345 89 277 285
346 104 376 351
347 97 309 332
348 85 314 323
349 77 297 271
350 110 373 366
351 116 421 403
352 102 380 362
353 121 439 427
354 93 331 356
355 118 404 424
356 98 330 311
357 122 411 422
358 80 246 259
359 83 263 253
360 90 336 302
361 131 466 461
362 118 433 419
363 128 458 457
364 133 473 472
365 27 344 334
366 11 293 327
367 35 355 326
368 18 294 310
369 36 437 423
370 29 282 248
371 33 420 400
372 36 423 418
373 9 446 452
374 1 451 443
375 17 190 214
376 13 163 173
377 12 385 398
378 21 270 260
379 17 180 190
380 24 307 298
381 21 260 268
382 20 167 189
383 23 187 201
384 20 165 167
385 22 139 149
386 25 150 162
387 26 210 229
388 29 240 262
389 34 212 241
390 37 245 279
391 27 371 344
392 26 218 210
393 33 400 393
394 29 248 240
395 27 334 353
396 24 298 320
397 21 268 304
398 12 396 385
399 40 283 318
400 29 305 282
401 32 319 284
402 41 379 394
403 39 436 431
404 30 395 374
405 39 447 436
406 7 300 292
407 8 382 401
408 15 346 360
409 12 398 416
410 14 233 261
411 11 274 293
412 15 365 346
413 2 470 467
414 5 448 435
415 1 459 451
416 2 474 470
417 262 286 296
418 292 306 273
419 348 343 370
420 214 242 228
421 431 428 444
422 276 265 301
423 418 413 429
424 370 388 392
425 455 454 448
426 438 440 449
427 173 186 166
428 207 195 185
429 327 352 337
430 201 222 226
431 141 153 148
432 229 250 258
433 189 211 204
434 148 158 146
435 149 161 152
436 136 142 140
437 140 143 137
438 152 156 145
439 162 181 168
440 182 203 188
441 215 223 196
442 249 257 227
443 367 357 386
444 164 178 182
445 340 359 368
446 184 200 206
447 258 290 269
448 226 255 234
449 228 252 224
450 360 369 383
451 287 299 264
452 374 345 367
453 317 308 340
454 318 347 328
455 394 410 415
456 393 389 409
457 445 441 450
458 390 361 364
459 408 406 390
460 261 295 281
461 399 405 387
462 220 231 207
463 209 236 220
464 310 322 341
465 464 465 469
466 430 432 446
467 467 462 468
468 476 475 477
469 269 278 247
470 363 338 354
471 279 313 287
472 266 254 237
473 392 414 397
474 206 235 215
475 368 391 375
476 375 381 355
477 463 460 464
478 412 426 408
479 237 208 219
480 219 205 233
481 387 372 363
482 204 213 191
483 166 159 151
484 234 243 216
485 224 217 198
486 198 177 180
487 191 176 170
488 146 144 138
489 170 155 165
490 192 171 187
491 216 197 192
492 247 225 218
493 284 251 276
494 326 291 317
495 296 329 305
496 168 174 157
497 342 350 319
498 188 194 175
499 339 315 307
500 303 280 270
501 321 285 294
502 337 351 324
503 358 332 348
504 301 323 333
505 241 271 249
506 384 366 358
507 397 403 384
508 333 362 342
509 415 427 417
510 354 356 382
511 435 424 438
512 324 311 289
513 434 422 430
514 289 259 274
515 273 253 244
516 281 302 266
517 456 461 455
518 401 419 399
519 449 457 456
520 469 472 471
521 278 312 286
522 338 316 306
523 313 335 343
524 254 275 242
525 414 425 428
526 235 256 265
527 391 407 413
528 381 402 388
529 460 453 454
530 426 442 440
531 208 199 186
532 205 183 195
533 372 377 352
534 213 239 222
535 159 169 153
536 243 272 250
537 217 238 211
538 177 172 158
539 176 179 161
540 144 154 142
541 155 147 143
542 171 160 156
543 197 202 181
544 225 232 203
545 251 230 223
546 291 267 257
547 329 349 357
548 174 193 178
549 350 378 359
550 194 221 200
551 315 325 290
552 280 288 255
553 285 277 252
554 351 376 369
555 332 309 299
556 323 314 345
557 271 297 308
558 366 373 347
559 403 421 410
560 362 380 389
561 427 439 441
562 356 331 361
563 424 404 406
564 311 330 295
565 422 411 405
566 259 246 231
567 253 263 236
568 302 336 322
569 461 466 465
570 419 433 432
571 457 458 462
572 472 473 475
573 334 344 312
574 327 293 316
575 326 355 335
576 310 294 275
577 423 437 425
578 248 282 256
579 400 420 407
580 418 423 402
581 452 446 453
582 443 451 442
583 214 190 199
584 173 163 183
585 398 385 377
586 260 270 239
587 190 180 169
588 298 307 272
589 268 260 238
590 189 167 172
591 201 187 179
592 167 165 154
593 149 139 147
594 162 150 160
595 229 210 202
596 262 240 232
597 241 212 230
598 279 245 267
599 344 371 349
600 210 218 193
601 393 400 378
602 240 248 221
603 353 334 325
604 320 298 288
605 304 268 277
606 385 396 376
607 318 283 309
608 282 305 314
609 284 319 297
610 394 379 373
611 431 436 421
612 374 395 380
613 436 447 439
614 292 300 331
615 401 382 404
616 360 346 330
617 416 398 411
618 261 233 246
619 293 274 263
620 346 365 336
621 467 470 466
622 435 448 433
623 451 459 458
624 470 474 473
625 286 92 296
626 306 83 273
627 343 105 370
628 242 76 228
629 428 125 444
630 265 85 301
631 413 120 429
632 388 115 392
633 454 126 448
634 440 128 449
635 186 55 166
636 195 53 185
637 352 104 337
638 222 74 226
639 153 51 148
640 250 82 258
641 211 69 204
642 158 48 146
643 161 52 152
644 142 47 140
645 143 44 137
646 156 46 145
647 181 57 168
648 203 63 188
649 223 62 196
650 257 70 227
651 357 107 386
652 178 61 182
653 359 108 368
654 200 67 206
655 290 86 269
656 255 78 234
657 252 72 224
658 369 111 383
659 299 79 264
660 345 96 367
661 308 94 340
662 347 103 328
663 410 121 415
664 389 114 409
665 441 127 450
666 361 95 364
667 406 109 390
668 295 90 281
669 405 112 387
670 231 64 207
671 236 73 220
672 322 101 341
673 465 133 469
674 432 126 446
675 462 132 468
676 475 135 477
677 278 75 247
678 338 93 354
679 313 91 287
680 254 66 237
681 414 116 397
682 235 71 215
683 391 113 375
684 381 105 355
685 460 130 464
686 426 119 408
687 208 59 219
688 205 64 233
689 372 99 363
690 213 60 191
691 159 45 151
692 243 65 216
693 217 58 198
694 177 51 180
695 176 49 170
696 144 43 138
697 155 47 165
698 171 52 187
699 197 54 192
700 225 61 218
701 251 71 276
702 291 81 317
703 329 96 305
704 174 50 157
705 350 94 319
706 194 56 175
707 315 82 307
708 280 74 270
709 285 76 294
710 351 98 324
711 332 91 348
712 323 102 333
713 271 81 249
714 366 97 358
715 403 110 384
716 362 106 342
717 427 124 417
718 356 109 382
719 424 119 438
720 311 80 289
721 422 117 430
722 259 73 274
723 253 68 244
724 302 84 266
725 461 130 455
726 419 117 399
727 457 131 456
728 472 134 471
729 312 92 286
730 316 83 306
731 335 105 343
732 275 76 242
733 425 125 428
734 256 85 265
735 407 120 413
736 402 115 388
737 453 126 454
738 442 128 440
739 199 55 186
740 183 53 195
741 377 104 352
742 239 74 222
743 169 51 153
744 272 82 250
745 238 69 211
746 172 48 158
747 179 52 161
748 154 47 142
749 147 44 143
750 160 46 156
751 202 57 181
752 232 63 203
753 230 62 223
754 267 70 257
755 349 107 357
756 193 61 178
757 378 108 359
758 221 67 200
759 325 86 290
760 288 78 255
761 277 72 252
762 376 111 369
763 309 79 299
764 314 96 345
765 297 94 308
766 373 103 347
767 421 121 410
768 380 114 389
769 439 127 441
770 331 95 361
771 404 109 406
772 330 90 295
773 411 112 405
774 246 64 231
775 263 73 236
776 336 101 322
777 466 133 465
778 433 126 432
779 458 132 462
780 473 135 475
781 344 92 312
782 293 83 316
783 355 105 335
784 294 76 275
785 437 125 425
786 282 85 256
787 420 120 407
788 423 115 402
789 446 126 453
790 451 128 442
791 190 55 199
792 163 53 183
793 385 104 377
794 270 74 239
795 180 51 169
796 307 82 272
797 260 69 238
798 167 48 172
799 187 52 179
800 165 47 154
801 139 44 147
802 150 46 160
803 210 57 202
804 240 63 232
805 212 62 230
806 245 70 267
807 371 107 349
808 218 61 193
809 400 108 378
810 248 67 221
811 334 86 325
812 298 78 288
813 268 72 277
814 396 111 376
815 283 79 309
816 305 96 314
817 319 94 297
818 379 103 373
819 436 121 421
820 395 114 380
821 447 127 439
822 300 95 331
823 382 109 404
824 346 90 330
825 398 112 411
826 233 64 246
827 274 73 263
828 365 101 336
829 470 133 466
830 448 126 433
831 459 132 458
832 474 135 473
