1.000000 162.264727 -11.545172 -1.000000
2.000000 162.318927 -11.114035 -50000.000000
3.000000 161.798335 -11.451894 -1.000000
4.000000 161.936534 -11.040498 -50000.000000
5.000000 161.354576 -11.275999 -1.000000
6.000000 161.575037 -10.868434 -50000.000000
7.000000 160.965267 -11.044164 -1.000000
8.000000 161.217394 -10.641202 -50000.000000
9.000000 160.579768 -10.812641 -1.000000
10.000000 160.841748 -10.402842 -50000.000000
11.000000 160.194966 -10.577116 -1.000000
12.000000 160.462026 -10.163195 -50000.000000
13.000000 159.808099 -10.340327 -1.000000
14.000000 160.082168 -9.923463 -50000.000000
15.000000 159.427964 -10.089715 -1.000000
16.000000 159.707428 -9.681800 -50000.000000
17.000000 159.068650 -9.818927 -1.000000
18.000000 159.330606 -9.424260 -50000.000000
19.000000 158.701423 -9.594609 -1.000000
20.000000 158.921020 -9.190718 -50000.000000
21.000000 158.311535 -9.418720 -1.000000
22.000000 158.504455 -9.002592 -50000.000000
23.000000 157.909441 -9.237324 -1.000000
24.000000 158.102960 -8.821271 -50000.000000
25.000000 157.512206 -9.056479 -1.000000
26.000000 157.709324 -8.642811 -50000.000000
27.000000 157.107952 -8.861322 -1.000000
28.000000 157.313876 -8.456872 -50000.000000
29.000000 156.683751 -8.647924 -1.000000
30.000000 156.951146 -8.265400 -50000.000000
31.000000 156.322883 -8.330445 -1.000000
32.000000 156.647155 -7.998382 -50000.000000
33.000000 156.022390 -8.009920 -1.000000
34.000000 156.332861 -7.672351 -50000.000000
35.000000 155.691619 -7.760796 -1.000000
36.000000 155.963095 -7.371241 -50000.000000
37.000000 155.318380 -7.533354 -1.000000
38.000000 155.558960 -7.112877 -50000.000000
39.000000 154.871563 -7.352177 -1.000000
40.000000 155.173476 -6.932984 -50000.000000
41.000000 154.537720 -6.979313 -1.000000
42.000000 154.864458 -6.653542 -50000.000000
43.000000 154.239493 -6.646229 -1.000000
44.000000 154.542441 -6.322518 -50000.000000
45.000000 153.901012 -6.357576 -1.000000
46.000000 154.168728 -6.012585 -50000.000000
47.000000 153.546464 -6.097205 -1.000000
48.000000 153.779525 -5.737000 -50000.000000
49.000000 153.180965 -5.878663 -1.000000
50.000000 153.358422 -5.493641 -50000.000000
51.000000 152.818995 -5.765459 -1.000000
52.000000 152.887391 -5.307618 -50000.000000
53.000000 152.441402 -5.769557 -1.000000
54.000000 152.336058 -5.307018 -50000.000000
55.000000 152.082897 -5.948810 -1.000000
56.000000 151.876355 -5.518432 -50000.000000
57.000000 151.695229 -6.142644 -1.000000
58.000000 151.445547 -5.727281 -50000.000000
59.000000 151.330521 -6.387947 -1.000000
60.000000 151.069520 -6.005541 -50000.000000
61.000000 150.935881 -6.662696 -1.000000
62.000000 150.710114 -6.260997 -50000.000000
63.000000 150.489463 -6.854036 -1.000000
64.000000 150.319777 -6.431426 -50000.000000
65.000000 150.040325 -7.015952 -1.000000
66.000000 149.913370 -6.580466 -50000.000000
67.000000 149.580729 -7.114790 -1.000000
68.000000 149.471448 -6.678100 -50000.000000
69.000000 149.144955 -7.218830 -1.000000
70.000000 149.011362 -6.806733 -50000.000000
71.000000 148.734407 -7.406254 -1.000000
72.000000 148.591516 -6.960335 -50000.000000
73.000000 148.662962 -7.183295 -25000.500000
74.000000 148.801439 -6.883534 -50000.000000
75.000000 148.868235 -7.089583 -25000.500000
76.000000 148.939681 -7.312542 -1.000000
77.000000 149.078158 -7.012782 -25000.500000
78.000000 149.241405 -6.742417 -50000.000000
79.000000 149.308201 -6.948465 -25000.500000
80.000000 149.362842 -7.166810 -1.000000
81.000000 149.526088 -6.896445 -25000.500000
82.000000 149.692409 -6.629283 -50000.000000
83.000000 149.747049 -6.847628 -25000.500000
84.000000 149.810527 -7.065371 -1.000000
85.000000 149.976847 -6.798209 -25000.500000
86.000000 150.116573 -6.505946 -50000.000000
87.000000 150.201416 -6.717251 -25000.500000
88.000000 150.264894 -6.934994 -1.000000
89.000000 150.404620 -6.642731 -25000.500000
90.000000 150.514945 -6.346211 -50000.000000
91.000000 150.599789 -6.557516 -25000.500000
92.000000 150.712672 -6.758366 -1.000000
93.000000 150.822997 -6.461847 -25000.500000
94.000000 150.889817 -6.133269 -50000.000000
95.000000 151.020317 -6.324472 -25000.500000
96.000000 151.133201 -6.525322 -1.000000
97.000000 151.200021 -6.196744 -25000.500000
98.000000 151.257534 -5.866411 -50000.000000
99.000000 151.382375 -6.074092 -25000.500000
100.000000 151.512875 -6.265295 -1.000000
101.000000 151.570388 -5.934962 -25000.500000
102.000000 151.660951 -5.622856 -50000.000000
103.000000 151.785792 -5.830538 -25000.500000
104.000000 151.889063 -6.045727 -1.000000
105.000000 151.979626 -5.733621 -25000.500000
106.000000 152.106207 -5.412725 -50000.000000
107.000000 152.158879 -5.643994 -25000.500000
108.000000 152.262149 -5.859184 -1.000000
109.000000 152.388730 -5.538287 -25000.500000
110.000000 152.611725 -5.307318 -50000.000000
111.000000 152.630198 -5.767508 -1.000000
112.000000 152.664397 -5.538588 -25000.500000
113.000000 152.853193 -5.536539 -25000.500000
114.000000 152.999980 -5.822061 -1.000000
115.000000 153.088708 -5.629550 -25000.500000
116.000000 153.122907 -5.400630 -50000.000000
117.000000 153.269693 -5.686152 -25000.500000
118.000000 153.363714 -5.987934 -1.000000
119.000000 153.480245 -5.807831 -25000.500000
120.000000 153.568973 -5.615321 -50000.000000
121.000000 153.662994 -5.917102 -25000.500000
122.000000 153.723738 -6.227391 -1.000000
123.000000 153.857596 -6.054895 -25000.500000
124.000000 153.974127 -5.874793 -50000.000000
125.000000 154.034870 -6.185081 -25000.500000
126.000000 154.070253 -6.501903 -1.000000
127.000000 154.204111 -6.329407 -25000.500000
128.000000 154.355585 -6.167551 -50000.000000
129.000000 154.388607 -6.812771 -1.000000
130.000000 154.390967 -6.484373 -25000.500000
131.000000 154.551975 -6.649885 -25000.500000
132.000000 154.701089 -6.816428 -25000.500000
133.000000 154.703449 -6.488030 -50000.000000
134.000000 154.704642 -7.165745 -1.000000
135.000000 154.855598 -6.956149 -25000.500000
136.000000 155.018967 -6.793263 -50000.000000
137.000000 155.022520 -7.142580 -25000.500000
138.000000 155.094971 -7.442765 -1.000000
139.000000 155.245928 -7.233169 -25000.500000
140.000000 155.366218 -7.022930 -50000.000000
141.000000 155.438670 -7.323115 -25000.500000
142.000000 155.504999 -7.647075 -1.000000
143.000000 155.625289 -7.436836 -25000.500000
144.000000 155.761028 -7.242059 -50000.000000
145.000000 155.827357 -7.566018 -25000.500000
146.000000 155.857004 -7.885358 -1.000000
147.000000 155.992743 -7.690581 -25000.500000
148.000000 156.147978 -7.521796 -50000.000000
149.000000 156.172636 -8.170183 -1.000000
150.000000 156.177626 -7.841135 -25000.500000
151.000000 156.334773 -8.004151 -25000.500000
152.000000 156.485019 -8.164414 -25000.500000
153.000000 156.490008 -7.835366 -50000.000000
154.000000 156.503317 -8.489185 -1.000000
155.000000 156.637014 -8.297923 -25000.500000
156.000000 156.799150 -8.131891 -50000.000000
157.000000 156.817448 -8.456662 -25000.500000
158.000000 156.895851 -8.754623 -1.000000
159.000000 157.029549 -8.563361 -25000.500000
160.000000 157.132511 -8.361136 -50000.000000
161.000000 157.210914 -8.659097 -25000.500000
162.000000 157.310079 -8.958900 -1.000000
163.000000 157.413041 -8.756676 -25000.500000
164.000000 157.511600 -8.549841 -50000.000000
165.000000 157.610765 -8.849645 -25000.500000
166.000000 157.710823 -9.146901 -1.000000
167.000000 157.809382 -8.940067 -25000.500000
168.000000 157.906142 -8.732041 -50000.000000
169.000000 158.006200 -9.029298 -25000.500000
170.000000 158.110488 -9.328022 -1.000000
171.000000 158.207247 -9.119996 -25000.500000
172.000000 158.303707 -8.911931 -50000.000000
173.000000 158.407995 -9.210656 -25000.500000
174.000000 158.506479 -9.506664 -1.000000
175.000000 158.602939 -9.298600 -25000.500000
176.000000 158.712737 -9.096655 -50000.000000
177.000000 158.811222 -9.392664 -25000.500000
178.000000 158.885037 -9.706768 -1.000000
179.000000 158.994835 -9.504823 -25000.500000
180.000000 159.125813 -9.307489 -50000.000000
181.000000 159.199628 -9.621593 -25000.500000
182.000000 159.248307 -9.954321 -1.000000
183.000000 159.388039 -9.750364 -25000.500000
184.000000 159.519017 -9.553030 -50000.000000
185.000000 159.567696 -9.885757 -25000.500000
186.000000 159.618031 -10.215021 -1.000000
187.000000 159.757764 -10.011063 -25000.500000
188.000000 159.894798 -9.802631 -50000.000000
189.000000 159.945134 -10.131895 -25000.500000
190.000000 160.001532 -10.458721 -1.000000
191.000000 160.138567 -10.250289 -25000.500000
192.000000 160.272097 -10.043329 -50000.000000
193.000000 160.328496 -10.370155 -25000.500000
194.000000 160.387367 -10.694879 -1.000000
195.000000 160.520897 -10.487918 -25000.500000
196.000000 160.651887 -10.283018 -50000.000000
197.000000 160.710758 -10.607741 -25000.500000
198.000000 160.772517 -10.928402 -1.000000
199.000000 160.903507 -10.723503 -25000.500000
200.000000 161.029571 -10.522022 -50000.000000
201.000000 161.091330 -10.842683 -25000.500000
202.000000 161.159921 -11.160082 -1.000000
203.000000 161.270152 -10.956299 -25000.500000
204.000000 161.396215 -10.754818 -50000.000000
205.000000 161.464806 -11.072217 -25000.500000
206.000000 161.576455 -11.363947 -1.000000
207.000000 161.645555 -11.158249 -25000.500000
208.000000 161.755786 -10.954466 -50000.000000
209.000000 161.867435 -11.246196 -25000.500000
210.000000 162.031531 -11.498533 -1.000000
211.000000 162.100631 -11.292835 -25000.500000
212.000000 162.127731 -11.077267 -50000.000000
213.000000 162.291827 -11.329604 -25000.500000
214.000000 148.627239 -7.071815 -37500.250000
215.000000 148.696477 -6.921935 -50000.000000
216.000000 148.698684 -7.294774 -12500.750000
217.000000 148.729876 -7.024959 -37500.250000
218.000000 148.765598 -7.136439 -25000.500000
219.000000 148.801321 -7.247918 -12500.750000
220.000000 148.834837 -6.986558 -37500.250000
221.000000 148.837044 -7.359398 -1.000000
222.000000 148.903958 -7.201063 -12500.750000
223.000000 148.906400 -6.845134 -50000.000000
224.000000 148.939798 -6.948158 -37500.250000
225.000000 148.973197 -7.051182 -25000.500000
226.000000 149.006595 -7.154207 -12500.750000
227.000000 149.042318 -7.265686 -1.000000
228.000000 149.044760 -6.909757 -37500.250000
229.000000 149.111556 -7.115806 -12500.750000
230.000000 149.126383 -6.774575 -50000.000000
231.000000 149.159781 -6.877599 -37500.250000
232.000000 149.193180 -6.980623 -25000.500000
233.000000 149.226578 -7.083648 -12500.750000
234.000000 149.253898 -7.192820 -1.000000
235.000000 149.274803 -6.845441 -37500.250000
236.000000 149.335521 -7.057638 -12500.750000
237.000000 149.356426 -6.710258 -50000.000000
238.000000 149.389824 -6.813283 -37500.250000
239.000000 149.417145 -6.922455 -25000.500000
240.000000 149.444465 -7.031627 -12500.750000
241.000000 149.471785 -7.140800 -1.000000
242.000000 149.498768 -6.787272 -37500.250000
243.000000 149.553408 -7.005617 -12500.750000
244.000000 149.581928 -6.653692 -50000.000000
245.000000 149.609248 -6.762864 -37500.250000
246.000000 149.636569 -6.872036 -25000.500000
247.000000 149.663889 -6.981209 -12500.750000
248.000000 149.695628 -7.090080 -1.000000
249.000000 149.719729 -6.738456 -37500.250000
250.000000 149.778788 -6.956499 -12500.750000
251.000000 149.802889 -6.604875 -50000.000000
252.000000 149.830209 -6.714047 -37500.250000
253.000000 149.861948 -6.822918 -25000.500000
254.000000 149.893687 -6.931790 -12500.750000
255.000000 149.925426 -7.040661 -1.000000
256.000000 149.945108 -6.689338 -37500.250000
257.000000 150.008586 -6.907080 -12500.750000
258.000000 150.014971 -6.543206 -50000.000000
259.000000 150.057393 -6.648859 -37500.250000
260.000000 150.089132 -6.757730 -25000.500000
261.000000 150.120870 -6.866601 -12500.750000
262.000000 150.152609 -6.975473 -1.000000
263.000000 150.158995 -6.611598 -37500.250000
264.000000 150.218175 -6.468686 -50000.000000
265.000000 150.233155 -6.826122 -12500.750000
266.000000 150.260597 -6.574338 -37500.250000
267.000000 150.303018 -6.679991 -25000.500000
268.000000 150.345440 -6.785643 -12500.750000
269.000000 150.362199 -6.537078 -37500.250000
270.000000 150.377179 -6.894515 -1.000000
271.000000 150.417361 -6.388819 -50000.000000
272.000000 150.447042 -6.748383 -12500.750000
273.000000 150.459783 -6.494471 -37500.250000
274.000000 150.502204 -6.600124 -25000.500000
275.000000 150.544626 -6.705776 -12500.750000
276.000000 150.557367 -6.451864 -37500.250000
277.000000 150.601068 -6.806201 -1.000000
278.000000 150.612530 -6.303604 -50000.000000
279.000000 150.654951 -6.409257 -37500.250000
280.000000 150.656230 -6.657941 -12500.750000
281.000000 150.711393 -6.509682 -25000.500000
282.000000 150.766556 -6.361422 -37500.250000
283.000000 150.767835 -6.610106 -12500.750000
284.000000 150.799966 -6.197133 -50000.000000
285.000000 150.824276 -6.710531 -1.000000
286.000000 150.865216 -6.292734 -37500.250000
287.000000 150.879439 -6.562272 -12500.750000
288.000000 150.921657 -6.393159 -25000.500000
289.000000 150.955067 -6.228870 -37500.250000
290.000000 150.978099 -6.493584 -12500.750000
291.000000 150.979669 -6.069405 -50000.000000
292.000000 151.034541 -6.594009 -1.000000
293.000000 151.044919 -6.165006 -37500.250000
294.000000 151.076759 -6.424897 -12500.750000
295.000000 151.110169 -6.260608 -25000.500000
296.000000 151.134771 -6.101142 -37500.250000
297.000000 151.163527 -5.935976 -50000.000000
298.000000 151.175419 -6.356209 -12500.750000
299.000000 151.225948 -6.039816 -37500.250000
300.000000 151.231861 -6.456634 -1.000000
301.000000 151.265271 -6.292345 -12500.750000
302.000000 151.291198 -6.135418 -25000.500000
303.000000 151.319954 -5.970251 -37500.250000
304.000000 151.351541 -5.796846 -50000.000000
305.000000 151.356448 -6.231020 -12500.750000
306.000000 151.413961 -5.900687 -37500.250000
307.000000 151.421698 -6.326621 -1.000000
308.000000 151.447625 -6.169694 -12500.750000
309.000000 151.476382 -6.004527 -25000.500000
310.000000 151.507968 -5.831122 -37500.250000
311.000000 151.538802 -6.108368 -12500.750000
312.000000 151.553249 -5.675069 -50000.000000
313.000000 151.604052 -6.203969 -1.000000
314.000000 151.615670 -5.778909 -37500.250000
315.000000 151.632809 -6.038803 -12500.750000
316.000000 151.678090 -5.882750 -25000.500000
317.000000 151.723372 -5.726697 -37500.250000
318.000000 151.740511 -5.986591 -12500.750000
319.000000 151.768653 -5.570644 -50000.000000
320.000000 151.792146 -6.094185 -1.000000
321.000000 151.831074 -5.674485 -37500.250000
322.000000 151.837428 -5.938132 -12500.750000
323.000000 151.882709 -5.782079 -25000.500000
324.000000 151.927991 -5.626026 -37500.250000
325.000000 151.934345 -5.889674 -12500.750000
326.000000 151.985980 -5.997268 -1.000000
327.000000 151.991281 -5.465578 -50000.000000
328.000000 152.017617 -5.581213 -37500.250000
329.000000 152.031261 -5.841215 -12500.750000
330.000000 152.069252 -5.688808 -25000.500000
331.000000 152.120888 -5.796402 -12500.750000
332.000000 152.132543 -5.528360 -37500.250000
333.000000 152.172523 -5.903997 -1.000000
334.000000 152.210514 -5.751589 -12500.750000
335.000000 152.221132 -5.359871 -50000.000000
336.000000 152.247468 -5.475506 -37500.250000
337.000000 152.273804 -5.591141 -25000.500000
338.000000 152.300140 -5.706776 -12500.750000
339.000000 152.351776 -5.814370 -1.000000
340.000000 152.362394 -5.422653 -37500.250000
341.000000 152.415066 -5.653922 -12500.750000
342.000000 152.473891 -5.307168 -50000.000000
343.000000 152.500227 -5.422803 -37500.250000
344.000000 152.526563 -5.538438 -25000.500000
345.000000 152.535800 -5.768533 -1.000000
346.000000 152.552899 -5.654073 -12500.750000
347.000000 152.638061 -5.422953 -37500.250000
348.000000 152.647297 -5.653048 -12500.750000
349.000000 152.724597 -5.766483 -1.000000
350.000000 152.741696 -5.652023 -12500.750000
351.000000 152.749558 -5.307468 -50000.000000
352.000000 152.758795 -5.537563 -25000.500000
353.000000 152.775894 -5.423103 -37500.250000
354.000000 152.836094 -5.650999 -12500.750000
355.000000 152.870292 -5.422078 -37500.250000
356.000000 152.909487 -5.793760 -1.000000
357.000000 152.953851 -5.697504 -12500.750000
358.000000 152.970951 -5.583044 -25000.500000
359.000000 152.988050 -5.468584 -37500.250000
360.000000 153.005149 -5.354124 -50000.000000
361.000000 153.044344 -5.725805 -12500.750000
362.000000 153.090472 -5.850362 -1.000000
363.000000 153.105807 -5.515090 -37500.250000
364.000000 153.134837 -5.754106 -12500.750000
365.000000 153.179201 -5.657851 -25000.500000
366.000000 153.223565 -5.561596 -37500.250000
367.000000 153.225329 -5.782407 -12500.750000
368.000000 153.240664 -5.447136 -50000.000000
369.000000 153.272340 -5.933298 -1.000000
370.000000 153.314057 -5.589897 -37500.250000
371.000000 153.330605 -5.843247 -12500.750000
372.000000 153.374969 -5.746992 -25000.500000
373.000000 153.419333 -5.650736 -37500.250000
374.000000 153.421980 -5.897883 -12500.750000
375.000000 153.455089 -6.042569 -1.000000
376.000000 153.463697 -5.554481 -50000.000000
377.000000 153.513354 -5.952518 -12500.750000
378.000000 153.524609 -5.711576 -37500.250000
379.000000 153.571620 -5.862467 -25000.500000
380.000000 153.604729 -6.007154 -12500.750000
381.000000 153.629885 -5.772416 -37500.250000
382.000000 153.635101 -6.162298 -1.000000
383.000000 153.674249 -5.676160 -50000.000000
384.000000 153.702030 -6.076050 -12500.750000
385.000000 153.721259 -5.827051 -37500.250000
386.000000 153.760295 -5.985999 -25000.500000
387.000000 153.790667 -6.141143 -12500.750000
388.000000 153.812375 -6.292484 -1.000000
389.000000 153.818560 -5.895948 -37500.250000
390.000000 153.876826 -5.805896 -50000.000000
391.000000 153.879304 -6.206236 -12500.750000
392.000000 153.915861 -5.964844 -37500.250000
393.000000 153.946233 -6.119988 -25000.500000
394.000000 153.967941 -6.271329 -12500.750000
395.000000 153.985633 -6.429740 -1.000000
396.000000 154.013162 -6.033740 -37500.250000
397.000000 154.052562 -6.343492 -12500.750000
398.000000 154.071427 -5.943689 -50000.000000
399.000000 154.101799 -6.098833 -37500.250000
400.000000 154.119491 -6.257244 -25000.500000
401.000000 154.137182 -6.415655 -12500.750000
402.000000 154.154873 -6.574066 -1.000000
403.000000 154.186420 -6.170996 -37500.250000
404.000000 154.221802 -6.487818 -12500.750000
405.000000 154.262156 -6.090068 -50000.000000
406.000000 154.279848 -6.248479 -37500.250000
407.000000 154.297539 -6.406890 -25000.500000
408.000000 154.314050 -6.729500 -1.000000
409.000000 154.315230 -6.565301 -12500.750000
410.000000 154.373276 -6.325962 -37500.250000
411.000000 154.395734 -6.648057 -12500.750000
412.000000 154.449013 -6.245035 -50000.000000
413.000000 154.463163 -6.896042 -1.000000
414.000000 154.466704 -6.403445 -37500.250000
415.000000 154.470291 -6.731328 -12500.750000
416.000000 154.471471 -6.567129 -25000.500000
417.000000 154.544848 -6.814599 -12500.750000
418.000000 154.547208 -6.486202 -37500.250000
419.000000 154.619404 -6.897870 -12500.750000
420.000000 154.621181 -7.072529 -1.000000
421.000000 154.622945 -6.405274 -50000.000000
422.000000 154.626532 -6.733156 -25000.500000
423.000000 154.627712 -6.568958 -37500.250000
424.000000 154.696659 -6.967731 -12500.750000
425.000000 154.708217 -6.651714 -37500.250000
426.000000 154.778343 -6.886288 -25000.500000
427.000000 154.780120 -7.060947 -12500.750000
428.000000 154.782773 -6.734985 -37500.250000
429.000000 154.783953 -6.570786 -50000.000000
430.000000 154.788102 -7.258961 -1.000000
431.000000 154.860028 -6.804845 -37500.250000
432.000000 154.863581 -7.154163 -12500.750000
433.000000 154.937282 -6.874706 -37500.250000
434.000000 154.939059 -7.049365 -25000.500000
435.000000 154.941712 -6.723402 -50000.000000
436.000000 154.947041 -7.247379 -12500.750000
437.000000 154.983267 -7.397471 -1.000000
438.000000 155.014537 -6.944566 -37500.250000
439.000000 155.058746 -7.292673 -12500.750000
440.000000 155.096221 -6.863123 -50000.000000
441.000000 155.097998 -7.037782 -37500.250000
442.000000 155.134224 -7.187875 -25000.500000
443.000000 155.170450 -7.337967 -12500.750000
444.000000 155.206676 -7.488059 -1.000000
445.000000 155.209702 -7.083076 -37500.250000
446.000000 155.269847 -6.977957 -50000.000000
447.000000 155.282154 -7.383261 -12500.750000
448.000000 155.306073 -7.128050 -37500.250000
449.000000 155.342299 -7.278142 -25000.500000
450.000000 155.378525 -7.428234 -12500.750000
451.000000 155.402444 -7.173023 -37500.250000
452.000000 155.411689 -7.590214 -1.000000
453.000000 155.462589 -7.067903 -50000.000000
454.000000 155.471835 -7.485095 -12500.750000
455.000000 155.498815 -7.217996 -37500.250000
456.000000 155.531980 -7.379976 -25000.500000
457.000000 155.565144 -7.541956 -12500.750000
458.000000 155.592125 -7.274856 -37500.250000
459.000000 155.598309 -7.703935 -1.000000
460.000000 155.658454 -7.598816 -12500.750000
461.000000 155.659994 -7.177468 -50000.000000
462.000000 155.693158 -7.339448 -37500.250000
463.000000 155.726323 -7.501427 -25000.500000
464.000000 155.759488 -7.663407 -12500.750000
465.000000 155.774312 -7.823077 -1.000000
466.000000 155.794192 -7.404039 -37500.250000
467.000000 155.842181 -7.725688 -12500.750000
468.000000 155.862061 -7.306650 -50000.000000
469.000000 155.895226 -7.468630 -37500.250000
470.000000 155.910050 -7.628300 -25000.500000
471.000000 155.924873 -7.787969 -12500.750000
472.000000 155.939697 -7.947639 -1.000000
473.000000 155.977919 -7.530911 -37500.250000
474.000000 156.007566 -7.850250 -12500.750000
475.000000 156.055537 -7.446518 -50000.000000
476.000000 156.070360 -7.606188 -37500.250000
477.000000 156.085184 -7.765858 -25000.500000
478.000000 156.097513 -8.090051 -1.000000
479.000000 156.100008 -7.925528 -12500.750000
480.000000 156.162802 -7.681466 -37500.250000
481.000000 156.178581 -8.007036 -12500.750000
482.000000 156.240420 -7.597073 -50000.000000
483.000000 156.247760 -8.250314 -1.000000
484.000000 156.253705 -8.087167 -12500.750000
485.000000 156.255244 -7.756743 -37500.250000
486.000000 156.256199 -7.922643 -25000.500000
487.000000 156.328828 -8.167298 -12500.750000
488.000000 156.333817 -7.838251 -37500.250000
489.000000 156.403951 -8.247429 -12500.750000
490.000000 156.409896 -8.084282 -25000.500000
491.000000 156.411435 -7.753858 -50000.000000
492.000000 156.412391 -7.919759 -37500.250000
493.000000 156.413100 -8.409815 -1.000000
494.000000 156.479948 -8.314184 -12500.750000
495.000000 156.490964 -8.001266 -37500.250000
496.000000 156.561017 -8.231168 -25000.500000
497.000000 156.566087 -8.081398 -37500.250000
498.000000 156.568582 -7.916874 -50000.000000
499.000000 156.570165 -8.393554 -12500.750000
500.000000 156.593534 -8.568554 -1.000000
501.000000 156.642085 -8.148152 -37500.250000
502.000000 156.660382 -8.472923 -12500.750000
503.000000 156.718082 -8.214907 -37500.250000
504.000000 156.723153 -8.065136 -50000.000000
505.000000 156.727231 -8.377292 -25000.500000
506.000000 156.750600 -8.552293 -12500.750000
507.000000 156.789801 -8.701273 -1.000000
508.000000 156.794080 -8.281661 -37500.250000
509.000000 156.856650 -8.605642 -12500.750000
510.000000 156.875148 -8.198646 -50000.000000
511.000000 156.884297 -8.361031 -37500.250000
512.000000 156.923498 -8.510011 -25000.500000
513.000000 156.962700 -8.658992 -12500.750000
514.000000 156.990347 -8.414381 -37500.250000
515.000000 157.001902 -8.807972 -1.000000
516.000000 157.041828 -8.313268 -50000.000000
517.000000 157.068750 -8.712341 -12500.750000
518.000000 157.081030 -8.462249 -37500.250000
519.000000 157.120231 -8.611229 -25000.500000
520.000000 157.159433 -8.760209 -12500.750000
521.000000 157.171712 -8.510116 -37500.250000
522.000000 157.209016 -8.910111 -1.000000
523.000000 157.223194 -8.409004 -50000.000000
524.000000 157.260497 -8.808999 -12500.750000
525.000000 157.262395 -8.557984 -37500.250000
526.000000 157.311978 -8.707886 -25000.500000
527.000000 157.361560 -8.857788 -12500.750000
528.000000 157.363459 -8.606774 -37500.250000
529.000000 157.411143 -9.007690 -1.000000
530.000000 157.412738 -8.503357 -50000.000000
531.000000 157.462321 -8.653258 -37500.250000
532.000000 157.462624 -8.906577 -12500.750000
533.000000 157.511903 -8.803160 -25000.500000
534.000000 157.561182 -8.699743 -37500.250000
535.000000 157.561486 -8.953062 -12500.750000
536.000000 157.610462 -8.596326 -50000.000000
537.000000 157.611515 -9.101690 -1.000000
538.000000 157.660044 -8.746228 -37500.250000
539.000000 157.660794 -8.998273 -12500.750000
540.000000 157.710073 -8.894856 -25000.500000
541.000000 157.759353 -8.791439 -37500.250000
542.000000 157.760103 -9.043484 -12500.750000
543.000000 157.807733 -8.687426 -50000.000000
544.000000 157.810132 -9.192113 -1.000000
545.000000 157.857762 -8.836054 -37500.250000
546.000000 157.859411 -9.088696 -12500.750000
547.000000 157.907791 -8.984682 -25000.500000
548.000000 157.956171 -8.880669 -37500.250000
549.000000 157.957820 -9.133311 -12500.750000
550.000000 158.004551 -8.776656 -50000.000000
551.000000 158.009964 -9.282673 -1.000000
552.000000 158.054580 -8.925284 -37500.250000
553.000000 158.058344 -9.178660 -12500.750000
554.000000 158.106724 -9.074647 -25000.500000
555.000000 158.155104 -8.970633 -37500.250000
556.000000 158.158868 -9.224009 -12500.750000
557.000000 158.203334 -8.866601 -50000.000000
558.000000 158.211011 -9.373371 -1.000000
559.000000 158.255477 -9.015964 -37500.250000
560.000000 158.259391 -9.269358 -12500.750000
561.000000 158.307621 -9.165326 -25000.500000
562.000000 158.355851 -9.061294 -37500.250000
563.000000 158.359765 -9.314688 -12500.750000
564.000000 158.404081 -8.957262 -50000.000000
565.000000 158.409007 -9.462692 -1.000000
566.000000 158.456225 -9.106624 -37500.250000
567.000000 158.457237 -9.358660 -12500.750000
568.000000 158.505467 -9.254628 -25000.500000
569.000000 158.553697 -9.150596 -37500.250000
570.000000 158.554709 -9.402632 -12500.750000
571.000000 158.603951 -9.550637 -1.000000
572.000000 158.608596 -9.049623 -50000.000000
573.000000 158.652181 -9.446605 -12500.750000
574.000000 158.657838 -9.197628 -37500.250000
575.000000 158.707080 -9.345632 -25000.500000
576.000000 158.756323 -9.493636 -12500.750000
577.000000 158.761980 -9.244659 -37500.250000
578.000000 158.793230 -9.650689 -1.000000
579.000000 158.816879 -9.143686 -50000.000000
580.000000 158.848129 -9.549716 -12500.750000
581.000000 158.866121 -9.291691 -37500.250000
582.000000 158.903028 -9.448743 -25000.500000
583.000000 158.939936 -9.605795 -12500.750000
584.000000 158.957928 -9.347770 -37500.250000
585.000000 158.976843 -9.762848 -1.000000
586.000000 159.023417 -9.249103 -50000.000000
587.000000 159.031743 -9.661875 -12500.750000
588.000000 159.060324 -9.406156 -37500.250000
589.000000 159.097232 -9.563208 -25000.500000
590.000000 159.134139 -9.720260 -12500.750000
591.000000 159.158478 -9.886624 -1.000000
592.000000 159.162721 -9.464541 -37500.250000
593.000000 159.228210 -9.365874 -50000.000000
594.000000 159.228345 -9.784645 -12500.750000
595.000000 159.265117 -9.522926 -37500.250000
596.000000 159.293834 -9.685979 -25000.500000
597.000000 159.318173 -9.852342 -12500.750000
598.000000 159.338135 -10.022018 -1.000000
599.000000 159.359323 -9.587312 -37500.250000
600.000000 159.408001 -9.920039 -12500.750000
601.000000 159.424812 -9.488645 -50000.000000
602.000000 159.453528 -9.651697 -37500.250000
603.000000 159.477868 -9.818060 -25000.500000
604.000000 159.497830 -9.987736 -12500.750000
605.000000 159.522997 -10.152368 -1.000000
606.000000 159.547734 -9.716082 -37500.250000
607.000000 159.592864 -10.050389 -12500.750000
608.000000 159.613223 -9.617415 -50000.000000
609.000000 159.637562 -9.783779 -37500.250000
610.000000 159.662730 -9.948410 -25000.500000
611.000000 159.687897 -10.113042 -12500.750000
612.000000 159.713065 -10.277674 -1.000000
613.000000 159.732596 -9.846432 -37500.250000
614.000000 159.782931 -10.175695 -12500.750000
615.000000 159.801113 -9.742216 -50000.000000
616.000000 159.826281 -9.906847 -37500.250000
617.000000 159.851449 -10.071479 -25000.500000
618.000000 159.876616 -10.236111 -12500.750000
619.000000 159.904816 -10.399524 -1.000000
620.000000 159.919966 -9.967263 -37500.250000
621.000000 159.973333 -10.295308 -12500.750000
622.000000 159.988483 -9.863047 -50000.000000
623.000000 160.013651 -10.027679 -37500.250000
624.000000 160.041850 -10.191092 -25000.500000
625.000000 160.070050 -10.354505 -12500.750000
626.000000 160.098249 -10.517919 -1.000000
627.000000 160.110368 -10.086876 -37500.250000
628.000000 160.166767 -10.413703 -12500.750000
629.000000 160.177133 -9.983396 -50000.000000
630.000000 160.205332 -10.146809 -37500.250000
631.000000 160.233532 -10.310222 -25000.500000
632.000000 160.261731 -10.473636 -12500.750000
633.000000 160.291167 -10.635997 -1.000000
634.000000 160.300296 -10.206742 -37500.250000
635.000000 160.357931 -10.532517 -12500.750000
636.000000 160.367061 -10.103262 -50000.000000
637.000000 160.395261 -10.266675 -37500.250000
638.000000 160.424696 -10.429037 -25000.500000
639.000000 160.454132 -10.591398 -12500.750000
640.000000 160.483567 -10.753760 -1.000000
641.000000 160.491461 -10.325556 -37500.250000
642.000000 160.550332 -10.650280 -12500.750000
643.000000 160.556956 -10.223106 -50000.000000
644.000000 160.586392 -10.385468 -37500.250000
645.000000 160.615827 -10.547830 -25000.500000
646.000000 160.645263 -10.710191 -12500.750000
647.000000 160.676143 -10.870522 -1.000000
648.000000 160.681322 -10.445380 -37500.250000
649.000000 160.741638 -10.768072 -12500.750000
650.000000 160.746818 -10.342930 -50000.000000
651.000000 160.776253 -10.505292 -37500.250000
652.000000 160.807133 -10.665622 -25000.500000
653.000000 160.838012 -10.825953 -12500.750000
654.000000 160.868892 -10.986283 -1.000000
655.000000 160.872628 -10.563172 -37500.250000
656.000000 160.934387 -10.883833 -12500.750000
657.000000 160.935660 -10.462432 -50000.000000
658.000000 160.966539 -10.622762 -37500.250000
659.000000 160.997419 -10.783093 -25000.500000
660.000000 161.028299 -10.943423 -12500.750000
661.000000 161.060451 -10.682352 -37500.250000
662.000000 161.062594 -11.102123 -1.000000
663.000000 161.117709 -11.000231 -12500.750000
664.000000 161.123482 -10.581612 -50000.000000
665.000000 161.154362 -10.741942 -37500.250000
666.000000 161.180741 -10.899491 -25000.500000
667.000000 161.215037 -11.058190 -12500.750000
668.000000 161.243773 -10.798750 -37500.250000
669.000000 161.257248 -11.218041 -1.000000
670.000000 161.306805 -10.698010 -50000.000000
671.000000 161.312364 -11.116149 -12500.750000
672.000000 161.333184 -10.855558 -37500.250000
673.000000 161.367479 -11.014258 -25000.500000
674.000000 161.409691 -11.174108 -12500.750000
675.000000 161.422594 -10.912366 -37500.250000
676.000000 161.465516 -11.319973 -1.000000
677.000000 161.485626 -10.811626 -50000.000000
678.000000 161.500065 -11.217124 -12500.750000
679.000000 161.519922 -10.970325 -37500.250000
680.000000 161.555181 -11.115233 -25000.500000
681.000000 161.610296 -11.013341 -37500.250000
682.000000 161.611005 -11.261098 -12500.750000
683.000000 161.665411 -10.911450 -50000.000000
684.000000 161.687395 -11.407920 -1.000000
685.000000 161.700670 -11.056357 -37500.250000
686.000000 161.721945 -11.305071 -12500.750000
687.000000 161.756495 -11.202222 -25000.500000
688.000000 161.791045 -11.099373 -37500.250000
689.000000 161.832885 -11.349045 -12500.750000
690.000000 161.846160 -10.997482 -50000.000000
691.000000 161.901985 -11.143347 -37500.250000
692.000000 161.914933 -11.475213 -1.000000
693.000000 161.949483 -11.372364 -12500.750000
694.000000 161.984033 -11.269516 -25000.500000
695.000000 162.018583 -11.166667 -37500.250000
696.000000 162.032133 -11.058882 -50000.000000
697.000000 162.066081 -11.395684 -12500.750000
698.000000 162.114181 -11.185051 -37500.250000
699.000000 162.148129 -11.521853 -1.000000
700.000000 162.182679 -11.419004 -12500.750000
701.000000 162.196229 -11.311219 -25000.500000
702.000000 162.209779 -11.203435 -37500.250000
703.000000 162.223329 -11.095651 -50000.000000
704.000000 162.278277 -11.437388 -12500.750000
705.000000 162.305377 -11.221819 -37500.250000
