1 15 672 718
2 37 976 965
3 33 850 879
4 27 1042 1070
5 17 1094 1095
6 78 424 422
7 78 454 424
8 73 471 450
9 63 552 536
10 83 431 436
11 72 610 570
12 39 687 641
13 69 415 394
14 52 847 871
15 50 418 449
16 81 721 677
17 43 827 784
18 8 1038 1044
19 19 807 848
20 29 704 744
21 13 1004 1010
22 37 965 995
23 9 882 922
24 17 1065 1094
25 17 1043 1039
26 28 874 867
27 29 717 704
28 58 663 618
29 49 578 538
30 61 837 852
31 82 562 587
32 58 694 663
33 36 1099 1093
34 84 356 364
35 84 369 356
36 84 364 374
37 83 436 455
38 77 544 574
39 78 425 451
40 83 455 472
41 88 486 487
42 82 587 597
43 71 742 729
44 83 480 452
45 55 429 437
46 72 570 560
47 67 629 611
48 78 476 484
49 82 597 567
50 78 484 454
51 77 619 622
52 74 377 361
53 64 463 433
54 79 362 345
55 73 450 438
56 85 330 321
57 84 388 369
58 79 345 341
59 75 326 320
60 70 353 343
61 55 402 429
62 65 383 370
63 68 495 481
64 68 521 495
65 49 559 600
66 59 528 506
67 50 449 456
68 48 712 749
69 45 457 491
70 28 904 942
71 24 746 739
72 10 715 760
73 35 583 553
74 35 535 573
75 34 707 757
76 40 499 534
77 39 658 713
78 39 630 658
79 66 789 772
80 58 606 628
81 67 670 629
82 62 753 708
83 63 608 588
84 62 769 753
85 33 893 850
86 24 739 776
87 23 896 891
88 18 958 916
89 15 718 730
90 20 674 680
91 22 1027 1022
92 18 913 945
93 14 863 824
94 10 770 748
95 14 886 897
96 9 905 873
97 19 856 820
98 18 983 958
99 9 922 905
100 13 1010 989
101 8 1026 1001
102 8 1053 1026
103 7 1141 1144
104 2 1137 1156
105 26 1127 1145
106 8 1044 1053
107 12 1117 1101
108 26 1129 1127
109 17 1039 1065
110 12 1087 1111
111 7 1134 1141
112 12 1111 1117
113 31 1112 1130
114 27 1014 1042
115 36 1093 1115
116 26 1149 1129
117 44 657 673
118 44 607 657
119 47 906 895
120 42 948 941
121 22 1022 1054
122 23 891 927
123 41 1081 1075
124 32 994 1018
125 71 729 725
126 66 772 798
127 56 919 931
128 52 857 847
129 52 871 902
130 47 920 957
131 47 895 920
132 42 964 1002
133 42 941 964
134 42 1002 1011
135 52 902 923
136 47 957 971
137 20 680 645
138 33 879 917
139 34 757 768
140 32 1056 1030
141 21 1154 1136
142 74 365 387
143 73 438 462
144 68 481 497
145 59 488 514
146 84 374 389
147 67 611 637
148 34 675 707
149 64 423 440
150 53 741 764
151 55 437 411
152 76 706 740
153 38 812 846
154 12 1101 1073
155 24 829 791
156 30 604 613
157 17 1072 1046
158 38 885 894
159 14 897 863
160 22 1086 1059
161 18 945 983
162 29 744 795
163 25 595 640
164 53 662 697
165 44 576 607
166 62 750 769
167 87 579 556
168 57 797 782
169 32 1018 1052
170 85 328 333
171 79 347 363
172 90 354 348
173 89 406 405
174 83 472 480
175 84 389 388
176 88 487 461
177 87 556 526
178 86 683 644
179 67 637 681
180 77 543 544
181 59 506 470
182 68 497 527
183 63 554 589
184 77 581 543
185 81 677 671
186 72 560 555
187 76 756 706
188 69 385 396
189 59 467 488
190 74 352 365
191 69 396 417
192 79 341 347
193 78 422 425
194 75 318 325
195 74 361 352
196 69 394 385
197 60 412 395
198 64 433 423
199 64 440 464
200 63 536 554
201 54 571 542
202 58 618 606
203 54 542 503
204 49 600 612
205 50 456 435
206 33 925 893
207 20 625 674
208 15 730 693
209 34 682 675
210 40 546 518
211 39 723 687
212 45 500 475
213 44 673 635
214 40 534 546
215 62 710 750
216 59 514 528
217 62 689 710
218 57 782 799
219 62 708 689
220 61 858 837
221 28 867 904
222 25 640 648
223 24 776 825
224 13 943 975
225 19 820 779
226 24 791 746
227 23 927 963
228 24 825 829
229 9 851 882
230 9 873 851
231 13 989 951
232 4 921 937
233 13 951 943
234 17 1046 1043
235 8 1001 986
236 12 1073 1067
237 3 1036 1050
238 2 1124 1118
239 6 1172 1165
240 7 1144 1125
241 27 1070 1074
242 7 1125 1097
243 11 1158 1155
244 22 1054 1084
245 23 963 967
246 17 1095 1072
247 11 1166 1158
248 16 1160 1146
249 32 1052 1056
250 28 942 947
251 37 1029 1033
252 21 1135 1151
253 48 777 728
254 49 612 578
255 43 806 849
256 38 846 885
257 28 947 950
258 29 795 802
259 37 995 1029
260 33 917 925
261 72 594 639
262 67 681 691
263 57 833 855
264 48 749 796
265 57 855 838
266 52 923 898
267 48 796 810
268 47 971 944
269 43 849 860
270 46 1077 1049
271 56 969 935
272 51 1035 1000
273 181 692 703
274 255 910 938
275 221 801 841
276 277 1062 1066
277 300 1138 1119
278 114 381 400
279 130 434 432
280 135 468 460
281 149 502 517
282 116 392 413
283 172 598 584
284 193 660 652
285 122 414 404
286 220 787 830
287 118 443 446
288 199 695 686
289 227 805 794
290 283 1082 1064
291 218 836 843
292 180 651 696
293 276 1055 1032
294 252 924 959
295 236 907 914
296 285 1088 1092
297 273 978 1008
298 226 788 828
299 185 632 665
300 186 650 633
301 164 565 551
302 219 786 819
303 155 582 585
304 203 754 709
305 288 1045 1069
306 99 338 350
307 105 351 355
308 102 360 367
309 120 419 439
310 143 507 539
311 115 407 427
312 129 485 478
313 139 529 508
314 169 655 621
315 196 664 698
316 143 510 479
317 126 482 459
318 153 515 537
319 167 569 591
320 142 545 513
321 174 638 601
322 146 519 489
323 183 714 666
324 110 375 368
325 132 458 447
326 103 349 346
327 123 408 420
328 98 334 327
329 115 401 384
330 96 323 332
331 97 342 329
332 106 373 358
333 111 416 421
334 113 410 391
335 134 453 465
336 151 520 509
337 152 580 590
338 157 575 540
339 133 511 483
340 182 646 700
341 125 466 474
342 242 929 934
343 195 661 702
344 194 738 747
345 173 636 592
346 148 558 566
347 193 735 745
348 137 512 522
349 179 684 699
350 160 572 616
351 209 732 751
352 157 547 586
353 189 668 649
354 213 759 734
355 178 667 626
356 219 826 790
357 242 861 854
358 192 685 733
359 234 816 853
360 260 932 926
361 204 792 765
362 195 755 720
363 268 960 993
364 237 865 909
365 236 844 832
366 222 834 793
367 249 961 930
368 251 908 889
369 243 912 866
370 273 1019 988
371 257 972 939
372 279 1047 1020
373 278 1024 1012
374 291 1096 1063
375 310 1167 1159
376 304 1147 1152
377 294 1100 1123
378 287 1104 1078
379 305 1143 1121
380 297 1080 1105
381 270 999 1034
382 289 1102 1106
383 307 1161 1153
384 303 1148 1133
385 290 1079 1107
386 263 977 1009
387 286 1060 1089
388 308 1132 1131
389 190 743 705
390 164 623 642
391 238 835 864
392 247 878 911
393 266 985 1021
394 230 842 884
395 284 1023 1051
396 259 952 987
397 187 634 679
398 200 722 763
399 240 868 899
400 224 785 817
401 232 872 887
402 245 933 946
403 231 839 883
404 256 981 991
405 244 888 928
406 275 1057 1037
407 248 955 940
408 262 1013 992
409 198 771 737
410 235 862 900
411 216 823 831
412 290 1112 1091
413 309 1157 1140
414 103 362 379
415 117 390 409
416 128 426 445
417 132 463 490
418 108 386 399
419 159 541 563
420 173 583 617
421 113 383 393
422 208 797 813
423 131 498 469
424 183 619 653
425 210 723 761
426 296 1113 1090
427 237 913 876
428 177 682 690
429 289 1087 1061
430 247 948 953
431 253 979 949
432 298 1135 1114
433 254 936 974
434 201 731 781
435 161 577 620
436 170 571 602
437 150 500 524
438 209 789 808
439 168 643 615
440 208 741 727
441 274 1006 1041
442 95 336 340
443 98 330 339
444 104 376 371
445 121 444 442
446 138 530 533
447 116 431 428
448 141 532 505
449 155 562 531
450 191 701 659
451 172 610 654
452 142 476 477
453 145 523 493
454 135 471 504
455 151 521 557
456 163 594 550
457 176 609 605
458 147 496 492
459 206 767 719
460 106 353 359
461 124 412 430
462 97 326 335
463 110 377 398
464 94 319 324
465 112 378 380
466 91 316 322
467 101 344 337
468 109 372 366
469 124 467 448
470 119 403 397
471 122 415 441
472 140 473 494
473 170 662 624
474 162 561 549
475 152 559 516
476 175 676 688
477 136 525 501
478 259 994 962
479 171 614 656
480 211 814 783
481 177 604 599
482 160 630 596
483 210 812 778
484 150 576 548
485 197 773 736
486 156 593 603
487 189 670 711
488 149 552 568
489 178 608 627
490 203 694 716
491 188 669 647
492 229 833 811
493 223 775 815
494 185 717 724
495 207 762 809
496 243 856 892
497 225 845 804
498 218 807 766
499 250 915 956
500 234 896 901
501 222 770 803
502 233 840 818
503 269 1007 970
504 241 859 875
505 249 886 877
506 276 1004 996
507 264 968 954
508 283 1038 1028
509 272 982 997
510 295 1083 1071
511 315 1173 1168
512 311 1169 1162
513 293 1116 1120
514 304 1137 1110
515 307 1134 1128
516 282 1048 1076
517 268 1027 1031
518 301 1142 1126
519 314 1171 1164
520 312 1163 1150
521 288 1099 1103
522 261 998 1003
523 284 1081 1085
524 298 1086 1109
525 215 806 758
526 182 712 678
527 215 777 821
528 227 827 869
529 263 1014 1016
530 226 874 881
531 267 984 1017
532 255 976 980
533 163 581 631
534 196 742 752
535 229 858 880
536 202 726 774
537 240 919 903
538 258 990 966
539 224 857 870
540 271 1040 1015
541 238 906 918
542 292 1098 1068
543 265 1005 973
544 281 1058 1025
545 181 703 672
546 255 938 976
547 221 841 850
548 277 1066 1042
549 300 1119 1094
550 114 400 424
551 130 432 454
552 135 460 471
553 149 517 552
554 116 413 431
555 172 584 610
556 193 652 687
557 122 404 415
558 220 830 847
559 118 446 418
560 199 686 721
561 227 794 827
562 283 1064 1038
563 218 843 807
564 180 696 704
565 276 1032 1004
566 252 959 965
567 236 914 882
568 285 1092 1065
569 273 1008 1043
570 226 828 874
571 185 665 717
572 186 633 663
573 164 551 578
574 219 819 837
575 155 585 562
576 203 709 694
577 288 1069 1099
578 99 350 356
579 105 355 369
580 102 367 364
581 120 439 436
582 143 539 544
583 115 427 425
584 129 478 455
585 139 508 486
586 169 621 587
587 196 698 742
588 143 479 480
589 126 459 429
590 153 537 570
591 167 591 629
592 142 513 476
593 174 601 597
594 146 489 484
595 183 666 619
596 110 368 377
597 132 447 463
598 103 346 362
599 123 420 450
600 98 327 330
601 115 384 388
602 96 332 345
603 97 329 326
604 106 358 353
605 111 421 402
606 113 391 383
607 134 465 495
608 151 509 521
609 152 590 559
610 157 540 528
611 133 483 449
612 182 700 712
613 125 474 457
614 242 934 904
615 195 702 746
616 194 747 715
617 173 592 583
618 148 566 535
619 193 745 707
620 137 522 499
621 179 699 658
622 160 616 630
623 209 751 789
624 157 586 606
625 189 649 670
626 213 734 753
627 178 626 608
628 219 790 769
629 242 854 893
630 192 733 739
631 234 853 896
632 260 926 958
633 204 765 718
634 195 720 674
635 268 993 1027
636 237 909 913
637 236 832 863
638 222 793 770
639 249 930 886
640 251 889 905
641 243 866 856
642 273 988 983
643 257 939 922
644 279 1020 1010
645 278 1012 1026
646 291 1063 1053
647 310 1159 1141
648 304 1152 1137
649 294 1123 1127
650 287 1078 1044
651 305 1121 1117
652 297 1105 1129
653 270 1034 1039
654 289 1106 1087
655 307 1153 1134
656 303 1133 1111
657 290 1107 1112
658 263 1009 1014
659 286 1089 1093
660 308 1131 1149
661 190 705 657
662 164 642 607
663 238 864 906
664 247 911 948
665 266 1021 1022
666 230 884 891
667 284 1051 1081
668 259 987 994
669 187 679 729
670 200 763 772
671 240 899 919
672 224 817 857
673 232 887 871
674 245 946 920
675 231 883 895
676 256 991 964
677 244 928 941
678 275 1037 1002
679 248 940 902
680 262 992 957
681 198 692 680
682 235 910 879
683 216 801 757
684 290 1062 1056
685 309 1138 1154
686 103 381 365
687 117 434 438
688 128 468 481
689 132 502 488
690 108 392 374
691 159 598 611
692 173 660 675
693 113 414 423
694 208 787 741
695 131 443 437
696 183 695 706
697 210 805 812
698 296 1082 1101
699 237 836 829
700 177 651 604
701 289 1055 1072
702 247 924 885
703 253 907 897
704 298 1088 1086
705 254 978 945
706 201 788 744
707 161 632 595
708 170 650 662
709 150 565 576
710 209 786 750
711 168 582 579
712 208 754 797
713 274 1045 1018
714 95 338 328
715 98 351 347
716 104 360 354
717 121 419 406
718 138 507 472
719 116 407 389
720 141 485 487
721 155 529 556
722 191 655 683
723 172 664 637
724 142 510 543
725 145 482 506
726 135 515 497
727 151 569 554
728 163 545 581
729 176 638 677
730 147 519 560
731 206 714 756
732 106 375 385
733 124 458 467
734 97 349 352
735 110 408 396
736 94 334 341
737 112 401 422
738 91 323 318
739 101 342 361
740 109 373 394
741 124 416 412
742 119 410 433
743 122 453 440
744 140 520 536
745 170 580 571
746 162 575 618
747 152 511 542
748 175 646 600
749 136 466 456
750 259 929 925
751 171 661 625
752 211 738 730
753 177 636 682
754 160 558 546
755 210 735 723
756 150 512 500
757 197 684 673
758 156 572 534
759 189 732 710
760 149 547 514
761 178 668 689
762 203 759 782
763 188 667 708
764 229 826 858
765 223 861 867
766 185 685 640
767 207 816 776
768 243 932 943
769 225 792 820
770 218 755 791
771 250 960 927
772 234 865 825
773 222 844 851
774 233 834 873
775 269 961 989
776 241 908 921
777 249 912 951
778 276 1019 1046
779 264 972 1001
780 283 1047 1073
781 272 1024 1036
782 295 1096 1124
783 315 1167 1172
784 311 1147 1144
785 293 1100 1070
786 304 1104 1125
787 307 1143 1158
788 282 1080 1054
789 268 999 963
790 301 1102 1095
791 314 1161 1166
792 312 1148 1160
793 288 1079 1052
794 261 977 942
795 284 1060 1029
796 298 1132 1135
797 215 743 777
798 182 623 612
799 215 835 806
800 227 878 846
801 263 985 947
802 226 842 795
803 267 1023 995
804 255 952 917
805 163 634 594
806 196 722 681
807 229 868 833
808 202 785 749
809 240 872 855
810 258 933 923
811 224 839 796
812 271 981 971
813 238 888 849
814 292 1057 1077
815 265 955 969
816 281 1013 1035
817 198 737 692
818 235 900 910
819 216 831 801
820 290 1091 1062
821 309 1140 1138
822 103 379 381
823 117 409 434
824 128 445 468
825 132 490 502
826 108 399 392
827 159 563 598
828 173 617 660
829 113 393 414
830 208 813 787
831 131 469 443
832 183 653 695
833 210 761 805
834 296 1090 1082
835 237 876 836
836 177 690 651
837 289 1061 1055
838 247 953 924
839 253 949 907
840 298 1114 1088
841 254 974 978
842 201 781 788
843 161 620 632
844 170 602 650
845 150 524 565
846 209 808 786
847 168 615 582
848 208 727 754
849 274 1041 1045
850 95 340 338
851 98 339 351
852 104 371 360
853 121 442 419
854 138 533 507
855 116 428 407
856 141 505 485
857 155 531 529
858 191 659 655
859 172 654 664
860 142 477 510
861 145 493 482
862 135 504 515
863 151 557 569
864 163 550 545
865 176 605 638
866 147 492 519
867 206 719 714
868 106 359 375
869 124 430 458
870 97 335 349
871 110 398 408
872 94 324 334
873 112 380 401
874 91 322 323
875 101 337 342
876 109 366 373
877 124 448 416
878 119 397 410
879 122 441 453
880 140 494 520
881 170 624 580
882 162 549 575
883 152 516 511
884 175 688 646
885 136 501 466
886 259 962 929
887 171 656 661
888 211 783 738
889 177 599 636
890 160 596 558
891 210 778 735
892 150 548 512
893 197 736 684
894 156 603 572
895 189 711 732
896 149 568 547
897 178 627 668
898 203 716 759
899 188 647 667
900 229 811 826
901 223 815 861
902 185 724 685
903 207 809 816
904 243 892 932
905 225 804 792
906 218 766 755
907 250 956 960
908 234 901 865
909 222 803 844
910 233 818 834
911 269 970 961
912 241 875 908
913 249 877 912
914 276 996 1019
915 264 954 972
916 283 1028 1047
917 272 997 1024
918 295 1071 1096
919 315 1168 1167
920 311 1162 1147
921 293 1120 1100
922 304 1110 1104
923 307 1128 1143
924 282 1076 1080
925 268 1031 999
926 301 1126 1102
927 314 1164 1161
928 312 1150 1148
929 288 1103 1079
930 261 1003 977
931 284 1085 1060
932 298 1109 1132
933 215 758 743
934 182 678 623
935 215 821 835
936 227 869 878
937 263 1016 985
938 226 881 842
939 267 1017 1023
940 255 980 952
941 163 631 634
942 196 752 722
943 229 880 868
944 202 774 785
945 240 903 872
946 258 966 933
947 224 870 839
948 271 1015 981
949 238 918 888
950 292 1068 1057
951 265 973 955
952 281 1025 1013
953 19 779 771
954 38 894 862
955 38 862 823
956 31 1116 1112
957 16 1142 1157
958 79 378 362
959 74 387 390
960 69 417 426
961 64 473 463
962 89 405 386
963 68 527 541
964 35 573 583
965 65 372 383
966 57 838 797
967 54 503 498
968 77 609 619
969 39 713 723
970 7 1097 1113
971 18 916 913
972 34 731 682
973 12 1067 1087
974 42 984 948
975 8 986 979
976 21 1136 1135
977 23 967 936
978 34 775 731
979 30 613 577
980 54 561 571
981 45 491 500
982 66 822 789
983 86 644 643
984 53 697 741
985 37 1033 1006
986 90 348 336
987 85 333 330
988 89 386 376
989 88 461 444
990 82 567 530
991 83 452 431
992 82 530 532
993 82 532 562
994 81 671 701
995 72 639 610
996 78 451 476
997 54 498 523
998 73 496 471
999 68 541 521
1000 72 555 594
1001 77 574 609
1002 73 462 496
1003 71 725 767
1004 70 344 353
1005 60 403 412
1006 75 325 326
1007 74 390 377
1008 80 317 319
1009 79 363 378
1010 80 319 316
1011 70 331 344
1012 65 357 372
1013 59 470 467
1014 60 382 403
1015 69 426 415
1016 64 464 473
1017 53 676 662
1018 54 523 561
1019 49 525 559
1020 53 726 676
1021 49 538 525
1022 32 998 994
1023 25 648 614
1024 14 824 814
1025 30 564 604
1026 39 641 630
1027 38 823 812
1028 44 593 576
1029 43 784 773
1030 44 635 593
1031 67 691 670
1032 63 588 552
1033 63 589 608
1034 58 669 694
1035 58 628 669
1036 57 799 833
1037 34 768 775
1038 29 762 717
1039 29 802 762
1040 19 848 856
1041 14 814 845
1042 19 771 807
1043 28 950 915
1044 23 936 896
1045 10 760 770
1046 5 800 840
1047 8 979 1007
1048 5 840 859
1049 14 845 886
1050 13 975 1004
1051 4 937 968
1052 8 1007 1038
1053 4 968 982
1054 3 1050 1083
1055 1 1169 1173
1056 1 1170 1169
1057 31 1139 1116
1058 2 1118 1137
1059 7 1113 1134
1060 27 1074 1048
1061 22 1059 1027
1062 16 1146 1142
1063 6 1165 1171
1064 11 1155 1163
1065 36 1122 1099
1066 32 1030 998
1067 41 1108 1081
1068 22 1084 1086
1069 43 773 806
1070 48 728 712
1071 48 810 777
1072 43 860 827
1073 27 1048 1014
1074 28 915 874
1075 42 1011 984
1076 37 1006 976
1077 77 622 581
1078 71 780 742
1079 61 890 858
1080 53 764 726
1081 56 935 919
1082 51 1000 990
1083 52 898 857
1084 46 1049 1040
1085 47 944 906
1086 41 1075 1098
1087 51 990 1005
1088 46 1040 1058
1089 672 703 718
1090 976 938 965
1091 850 841 879
1092 1042 1066 1070
1093 1094 1119 1095
1094 424 400 422
1095 454 432 424
1096 471 460 450
1097 552 517 536
1098 431 413 436
1099 610 584 570
1100 687 652 641
1101 415 404 394
1102 847 830 871
1103 418 446 449
1104 721 686 677
1105 827 794 784
1106 1038 1064 1044
1107 807 843 848
1108 704 696 744
1109 1004 1032 1010
1110 965 959 995
1111 882 914 922
1112 1065 1092 1094
1113 1043 1008 1039
1114 874 828 867
1115 717 665 704
1116 663 633 618
1117 578 551 538
1118 837 819 852
1119 562 585 587
1120 694 709 663
1121 1099 1069 1093
1122 356 350 364
1123 369 355 356
1124 364 367 374
1125 436 439 455
1126 544 539 574
1127 425 427 451
1128 455 478 472
1129 486 508 487
1130 587 621 597
1131 742 698 729
1132 480 479 452
1133 429 459 437
1134 570 537 560
1135 629 591 611
1136 476 513 484
1137 597 601 567
1138 484 489 454
1139 619 666 622
1140 377 368 361
1141 463 447 433
1142 362 346 345
1143 450 420 438
1144 330 327 321
1145 388 384 369
1146 345 332 341
1147 326 329 320
1148 353 358 343
1149 402 421 429
1150 383 391 370
1151 495 465 481
1152 521 509 495
1153 559 590 600
1154 528 540 506
1155 449 483 456
1156 712 700 749
1157 457 474 491
1158 904 934 942
1159 746 702 739
1160 715 747 760
1161 583 592 553
1162 535 566 573
1163 707 745 757
1164 499 522 534
1165 658 699 713
1166 630 616 658
1167 789 751 772
1168 606 586 628
1169 670 649 629
1170 753 734 708
1171 608 626 588
1172 769 790 753
1173 893 854 850
1174 739 733 776
1175 896 853 891
1176 958 926 916
1177 718 765 730
1178 674 720 680
1179 1027 993 1022
1180 913 909 945
1181 863 832 824
1182 770 793 748
1183 886 930 897
1184 905 889 873
1185 856 866 820
1186 983 988 958
1187 922 939 905
1188 1010 1020 989
1189 1026 1012 1001
1190 1053 1063 1026
1191 1141 1159 1144
1192 1137 1152 1156
1193 1127 1123 1145
1194 1044 1078 1053
1195 1117 1121 1101
1196 1129 1105 1127
1197 1039 1034 1065
1198 1087 1106 1111
1199 1134 1153 1141
1200 1111 1133 1117
1201 1112 1107 1130
1202 1014 1009 1042
1203 1093 1089 1115
1204 1149 1131 1129
1205 657 705 673
1206 607 642 657
1207 906 864 895
1208 948 911 941
1209 1022 1021 1054
1210 891 884 927
1211 1081 1051 1075
1212 994 987 1018
1213 729 679 725
1214 772 763 798
1215 919 899 931
1216 857 817 847
1217 871 887 902
1218 920 946 957
1219 895 883 920
1220 964 991 1002
1221 941 928 964
1222 1002 1037 1011
1223 902 940 923
1224 957 992 971
1225 680 692 645
1226 879 910 917
1227 757 801 768
1228 1056 1062 1030
1229 1154 1138 1136
1230 365 381 387
1231 438 434 462
1232 481 468 497
1233 488 502 514
1234 374 392 389
1235 611 598 637
1236 675 660 707
1237 423 414 440
1238 741 787 764
1239 437 443 411
1240 706 695 740
1241 812 805 846
1242 1101 1082 1073
1243 829 836 791
1244 604 651 613
1245 1072 1055 1046
1246 885 924 894
1247 897 907 863
1248 1086 1088 1059
1249 945 978 983
1250 744 788 795
1251 595 632 640
1252 662 650 697
1253 576 565 607
1254 750 786 769
1255 579 582 556
1256 797 754 782
1257 1018 1045 1052
1258 328 338 333
1259 347 351 363
1260 354 360 348
1261 406 419 405
1262 472 507 480
1263 389 407 388
1264 487 485 461
1265 556 529 526
1266 683 655 644
1267 637 664 681
1268 543 510 544
1269 506 482 470
1270 497 515 527
1271 554 569 589
1272 581 545 543
1273 677 638 671
1274 560 519 555
1275 756 714 706
1276 385 375 396
1277 467 458 488
1278 352 349 365
1279 396 408 417
1280 341 334 347
1281 422 401 425
1282 318 323 325
1283 361 342 352
1284 394 373 385
1285 412 416 395
1286 433 410 423
1287 440 453 464
1288 536 520 554
1289 571 580 542
1290 618 575 606
1291 542 511 503
1292 600 646 612
1293 456 466 435
1294 925 929 893
1295 625 661 674
1296 730 738 693
1297 682 636 675
1298 546 558 518
1299 723 735 687
1300 500 512 475
1301 673 684 635
1302 534 572 546
1303 710 732 750
1304 514 547 528
1305 689 668 710
1306 782 759 799
1307 708 667 689
1308 858 826 837
1309 867 861 904
1310 640 685 648
1311 776 816 825
1312 943 932 975
1313 820 792 779
1314 791 755 746
1315 927 960 963
1316 825 865 829
1317 851 844 882
1318 873 834 851
1319 989 961 951
1320 921 908 937
1321 951 912 943
1322 1046 1019 1043
1323 1001 972 986
1324 1073 1047 1067
1325 1036 1024 1050
1326 1124 1096 1118
1327 1172 1167 1165
1328 1144 1147 1125
1329 1070 1100 1074
1330 1125 1104 1097
1331 1158 1143 1155
1332 1054 1080 1084
1333 963 999 967
1334 1095 1102 1072
1335 1166 1161 1158
1336 1160 1148 1146
1337 1052 1079 1056
1338 942 977 947
1339 1029 1060 1033
1340 1135 1132 1151
1341 777 743 728
1342 612 623 578
1343 806 835 849
1344 846 878 885
1345 947 985 950
1346 795 842 802
1347 995 1023 1029
1348 917 952 925
1349 594 634 639
1350 681 722 691
1351 833 868 855
1352 749 785 796
1353 855 872 838
1354 923 933 898
1355 796 839 810
1356 971 981 944
1357 849 888 860
1358 1077 1057 1049
1359 969 955 935
1360 1035 1013 1000
1361 692 737 703
1362 910 900 938
1363 801 831 841
1364 1062 1091 1066
1365 1138 1140 1119
1366 381 379 400
1367 434 409 432
1368 468 445 460
1369 502 490 517
1370 392 399 413
1371 598 563 584
1372 660 617 652
1373 414 393 404
1374 787 813 830
1375 443 469 446
1376 695 653 686
1377 805 761 794
1378 1082 1090 1064
1379 836 876 843
1380 651 690 696
1381 1055 1061 1032
1382 924 953 959
1383 907 949 914
1384 1088 1114 1092
1385 978 974 1008
1386 788 781 828
1387 632 620 665
1388 650 602 633
1389 565 524 551
1390 786 808 819
1391 582 615 585
1392 754 727 709
1393 1045 1041 1069
1394 338 340 350
1395 351 339 355
1396 360 371 367
1397 419 442 439
1398 507 533 539
1399 407 428 427
1400 485 505 478
1401 529 531 508
1402 655 659 621
1403 664 654 698
1404 510 477 479
1405 482 493 459
1406 515 504 537
1407 569 557 591
1408 545 550 513
1409 638 605 601
1410 519 492 489
1411 714 719 666
1412 375 359 368
1413 458 430 447
1414 349 335 346
1415 408 398 420
1416 334 324 327
1417 401 380 384
1418 323 322 332
1419 342 337 329
1420 373 366 358
1421 416 448 421
1422 410 397 391
1423 453 441 465
1424 520 494 509
1425 580 624 590
1426 575 549 540
1427 511 516 483
1428 646 688 700
1429 466 501 474
1430 929 962 934
1431 661 656 702
1432 738 783 747
1433 636 599 592
1434 558 596 566
1435 735 778 745
1436 512 548 522
1437 684 736 699
1438 572 603 616
1439 732 711 751
1440 547 568 586
1441 668 627 649
1442 759 716 734
1443 667 647 626
1444 826 811 790
1445 861 815 854
1446 685 724 733
1447 816 809 853
1448 932 892 926
1449 792 804 765
1450 755 766 720
1451 960 956 993
1452 865 901 909
1453 844 803 832
1454 834 818 793
1455 961 970 930
1456 908 875 889
1457 912 877 866
1458 1019 996 988
1459 972 954 939
1460 1047 1028 1020
1461 1024 997 1012
1462 1096 1071 1063
1463 1167 1168 1159
1464 1147 1162 1152
1465 1100 1120 1123
1466 1104 1110 1078
1467 1143 1128 1121
1468 1080 1076 1105
1469 999 1031 1034
1470 1102 1126 1106
1471 1161 1164 1153
1472 1148 1150 1133
1473 1079 1103 1107
1474 977 1003 1009
1475 1060 1085 1089
1476 1132 1109 1131
1477 743 758 705
1478 623 678 642
1479 835 821 864
1480 878 869 911
1481 985 1016 1021
1482 842 881 884
1483 1023 1017 1051
1484 952 980 987
1485 634 631 679
1486 722 752 763
1487 868 880 899
1488 785 774 817
1489 872 903 887
1490 933 966 946
1491 839 870 883
1492 981 1015 991
1493 888 918 928
1494 1057 1068 1037
1495 955 973 940
1496 1013 1025 992
1497 771 779 737
1498 862 894 900
1499 823 862 831
1500 1112 1116 1091
1501 1157 1142 1140
1502 362 378 379
1503 390 387 409
1504 426 417 445
1505 463 473 490
1506 386 405 399
1507 541 527 563
1508 583 573 617
1509 383 372 393
1510 797 838 813
1511 498 503 469
1512 619 609 653
1513 723 713 761
1514 1113 1097 1090
1515 913 916 876
1516 682 731 690
1517 1087 1067 1061
1518 948 984 953
1519 979 986 949
1520 1135 1136 1114
1521 936 967 974
1522 731 775 781
1523 577 613 620
1524 571 561 602
1525 500 491 524
1526 789 822 808
1527 643 644 615
1528 741 697 727
1529 1006 1033 1041
1530 336 348 340
1531 330 333 339
1532 376 386 371
1533 444 461 442
1534 530 567 533
1535 431 452 428
1536 532 530 505
1537 562 532 531
1538 701 671 659
1539 610 639 654
1540 476 451 477
1541 523 498 493
1542 471 496 504
1543 521 541 557
1544 594 555 550
1545 609 574 605
1546 496 462 492
1547 767 725 719
1548 353 344 359
1549 412 403 430
1550 326 325 335
1551 377 390 398
1552 319 317 324
1553 378 363 380
1554 316 319 322
1555 344 331 337
1556 372 357 366
1557 467 470 448
1558 403 382 397
1559 415 426 441
1560 473 464 494
1561 662 676 624
1562 561 523 549
1563 559 525 516
1564 676 726 688
1565 525 538 501
1566 994 998 962
1567 614 648 656
1568 814 824 783
1569 604 564 599
1570 630 641 596
1571 812 823 778
1572 576 593 548
1573 773 784 736
1574 593 635 603
1575 670 691 711
1576 552 588 568
1577 608 589 627
1578 694 669 716
1579 669 628 647
1580 833 799 811
1581 775 768 815
1582 717 762 724
1583 762 802 809
1584 856 848 892
1585 845 814 804
1586 807 771 766
1587 915 950 956
1588 896 936 901
1589 770 760 803
1590 840 800 818
1591 1007 979 970
1592 859 840 875
1593 886 845 877
1594 1004 975 996
1595 968 937 954
1596 1038 1007 1028
1597 982 968 997
1598 1083 1050 1071
1599 1173 1169 1168
1600 1169 1170 1162
1601 1116 1139 1120
1602 1137 1118 1110
1603 1134 1113 1128
1604 1048 1074 1076
1605 1027 1059 1031
1606 1142 1146 1126
1607 1171 1165 1164
1608 1163 1155 1150
1609 1099 1122 1103
1610 998 1030 1003
1611 1081 1108 1085
1612 1086 1084 1109
1613 806 773 758
1614 712 728 678
1615 777 810 821
1616 827 860 869
1617 1014 1048 1016
1618 874 915 881
1619 984 1011 1017
1620 976 1006 980
1621 581 622 631
1622 742 780 752
1623 858 890 880
1624 726 764 774
1625 919 935 903
1626 990 1000 966
1627 857 898 870
1628 1040 1049 1015
1629 906 944 918
1630 1098 1075 1068
1631 1005 990 973
1632 1058 1040 1025
1633 703 204 718
1634 938 252 965
1635 841 235 879
1636 1066 293 1070
1637 1119 301 1095
1638 400 112 422
1639 432 114 424
1640 460 123 450
1641 517 140 536
1642 413 120 436
1643 584 153 570
1644 652 165 641
1645 404 109 394
1646 830 232 871
1647 446 133 449
1648 686 176 677
1649 794 205 784
1650 1064 287 1044
1651 843 239 848
1652 696 201 744
1653 1032 279 1010
1654 959 267 995
1655 914 257 922
1656 1092 300 1094
1657 1008 270 1039
1658 828 223 867
1659 665 180 704
1660 633 162 618
1661 551 144 538
1662 819 228 852
1663 585 169 587
1664 709 186 663
1665 1069 286 1093
1666 350 102 364
1667 355 99 356
1668 367 108 374
1669 439 129 455
1670 539 158 574
1671 427 127 451
1672 478 138 472
1673 508 141 487
1674 621 174 597
1675 698 187 729
1676 479 127 452
1677 459 131 437
1678 537 147 560
1679 591 159 611
1680 513 146 484
1681 601 158 567
1682 489 130 454
1683 666 184 622
1684 368 101 361
1685 447 119 433
1686 346 96 345
1687 420 117 438
1688 327 92 321
1689 384 105 369
1690 332 94 341
1691 329 93 320
1692 358 100 343
1693 421 126 429
1694 391 107 370
1695 465 128 481
1696 509 134 495
1697 590 175 600
1698 540 145 506
1699 483 136 456
1700 700 202 749
1701 474 144 491
1702 934 261 942
1703 702 192 739
1704 747 217 760
1705 592 154 553
1706 566 165 573
1707 745 216 757
1708 522 156 534
1709 699 205 713
1710 616 179 658
1711 751 200 772
1712 586 166 628
1713 649 167 629
1714 734 188 708
1715 626 166 588
1716 790 213 753
1717 854 221 850
1718 733 207 776
1719 853 230 891
1720 926 239 916
1721 765 211 730
1722 720 198 680
1723 993 266 1022
1724 909 254 945
1725 832 217 824
1726 793 212 748
1727 930 253 897
1728 889 233 873
1729 866 225 820
1730 988 260 958
1731 939 251 905
1732 1020 269 989
1733 1012 264 1001
1734 1063 278 1026
1735 1159 311 1144
1736 1152 313 1156
1737 1123 306 1145
1738 1078 291 1053
1739 1121 296 1101
1740 1105 294 1127
1741 1034 285 1065
1742 1106 303 1111
1743 1153 310 1141
1744 1133 305 1117
1745 1107 302 1130
1746 1009 277 1042
1747 1089 299 1115
1748 1131 297 1129
1749 705 197 673
1750 642 190 657
1751 864 231 895
1752 911 244 941
1753 1021 282 1054
1754 884 250 927
1755 1051 280 1075
1756 987 274 1018
1757 679 184 725
1758 763 214 798
1759 899 246 931
1760 817 220 847
1761 887 248 902
1762 946 262 957
1763 883 245 920
1764 991 275 1002
1765 928 256 964
1766 1037 280 1011
1767 940 258 923
1768 992 271 971
1769 692 181 645
1770 910 255 917
1771 801 221 768
1772 1062 277 1030
1773 1138 300 1136
1774 381 114 387
1775 434 130 462
1776 468 135 497
1777 502 149 514
1778 392 116 389
1779 598 172 637
1780 660 193 707
1781 414 122 440
1782 787 220 764
1783 443 118 411
1784 695 199 740
1785 805 227 846
1786 1082 283 1073
1787 836 218 791
1788 651 180 613
1789 1055 276 1046
1790 924 252 894
1791 907 236 863
1792 1088 285 1059
1793 978 273 983
1794 788 226 795
1795 632 185 640
1796 650 186 697
1797 565 164 607
1798 786 219 769
1799 582 155 556
1800 754 203 782
1801 1045 288 1052
1802 338 99 333
1803 351 105 363
1804 360 102 348
1805 419 120 405
1806 507 143 480
1807 407 115 388
1808 485 129 461
1809 529 139 526
1810 655 169 644
1811 664 196 681
1812 510 143 544
1813 482 126 470
1814 515 153 527
1815 569 167 589
1816 545 142 543
1817 638 174 671
1818 519 146 555
1819 714 183 706
1820 375 110 396
1821 458 132 488
1822 349 103 365
1823 408 123 417
1824 334 98 347
1825 401 115 425
1826 323 96 325
1827 342 97 352
1828 373 106 385
1829 416 111 395
1830 410 113 423
1831 453 134 464
1832 520 151 554
1833 580 152 542
1834 575 157 606
1835 511 133 503
1836 646 182 612
1837 466 125 435
1838 929 242 893
1839 661 195 674
1840 738 194 693
1841 636 173 675
1842 558 148 518
1843 735 193 687
1844 512 137 475
1845 684 179 635
1846 572 160 546
1847 732 209 750
1848 547 157 528
1849 668 189 710
1850 759 213 799
1851 667 178 689
1852 826 219 837
1853 861 242 904
1854 685 192 648
1855 816 234 825
1856 932 260 975
1857 792 204 779
1858 755 195 746
1859 960 268 963
1860 865 237 829
1861 844 236 882
1862 834 222 851
1863 961 249 951
1864 908 251 937
1865 912 243 943
1866 1019 273 1043
1867 972 257 986
1868 1047 279 1067
1869 1024 278 1050
1870 1096 291 1118
1871 1167 310 1165
1872 1147 304 1125
1873 1100 294 1074
1874 1104 287 1097
1875 1143 305 1155
1876 1080 297 1084
1877 999 270 967
1878 1102 289 1072
1879 1161 307 1158
1880 1148 303 1146
1881 1079 290 1056
1882 977 263 947
1883 1060 286 1033
1884 1132 308 1151
1885 743 190 728
1886 623 164 578
1887 835 238 849
1888 878 247 885
1889 985 266 950
1890 842 230 802
1891 1023 284 1029
1892 952 259 925
1893 634 187 639
1894 722 200 691
1895 868 240 855
1896 785 224 796
1897 872 232 838
1898 933 245 898
1899 839 231 810
1900 981 256 944
1901 888 244 860
1902 1057 275 1049
1903 955 248 935
1904 1013 262 1000
1905 737 204 703
1906 900 252 938
1907 831 235 841
1908 1091 293 1066
1909 1140 301 1119
1910 379 112 400
1911 409 114 432
1912 445 123 460
1913 490 140 517
1914 399 120 413
1915 563 153 584
1916 617 165 652
1917 393 109 404
1918 813 232 830
1919 469 133 446
1920 653 176 686
1921 761 205 794
1922 1090 287 1064
1923 876 239 843
1924 690 201 696
1925 1061 279 1032
1926 953 267 959
1927 949 257 914
1928 1114 300 1092
1929 974 270 1008
1930 781 223 828
1931 620 180 665
1932 602 162 633
1933 524 144 551
1934 808 228 819
1935 615 169 585
1936 727 186 709
1937 1041 286 1069
1938 340 102 350
1939 339 99 355
1940 371 108 367
1941 442 129 439
1942 533 158 539
1943 428 127 427
1944 505 138 478
1945 531 141 508
1946 659 174 621
1947 654 187 698
1948 477 127 479
1949 493 131 459
1950 504 147 537
1951 557 159 591
1952 550 146 513
1953 605 158 601
1954 492 130 489
1955 719 184 666
1956 359 101 368
1957 430 119 447
1958 335 96 346
1959 398 117 420
1960 324 92 327
1961 380 105 384
1962 322 94 332
1963 337 93 329
1964 366 100 358
1965 448 126 421
1966 397 107 391
1967 441 128 465
1968 494 134 509
1969 624 175 590
1970 549 145 540
1971 516 136 483
1972 688 202 700
1973 501 144 474
1974 962 261 934
1975 656 192 702
1976 783 217 747
1977 599 154 592
1978 596 165 566
1979 778 216 745
1980 548 156 522
1981 736 205 699
1982 603 179 616
1983 711 200 751
1984 568 166 586
1985 627 167 649
1986 716 188 734
1987 647 166 626
1988 811 213 790
1989 815 221 854
1990 724 207 733
1991 809 230 853
1992 892 239 926
1993 804 211 765
1994 766 198 720
1995 956 266 993
1996 901 254 909
1997 803 217 832
1998 818 212 793
1999 970 253 930
2000 875 233 889
2001 877 225 866
2002 996 260 988
2003 954 251 939
2004 1028 269 1020
2005 997 264 1012
2006 1071 278 1063
2007 1168 311 1159
2008 1162 313 1152
2009 1120 306 1123
2010 1110 291 1078
2011 1128 296 1121
2012 1076 294 1105
2013 1031 285 1034
2014 1126 303 1106
2015 1164 310 1153
2016 1150 305 1133
2017 1103 302 1107
2018 1003 277 1009
2019 1085 299 1089
2020 1109 297 1131
2021 758 197 705
2022 678 190 642
2023 821 231 864
2024 869 244 911
2025 1016 282 1021
2026 881 250 884
2027 1017 280 1051
2028 980 274 987
2029 631 184 679
2030 752 214 763
2031 880 246 899
2032 774 220 817
2033 903 248 887
2034 966 262 946
2035 870 245 883
2036 1015 275 991
2037 918 256 928
2038 1068 280 1037
2039 973 258 940
2040 1025 271 992
2041 779 204 737
2042 894 252 900
2043 862 235 831
2044 1116 293 1091
2045 1142 301 1140
2046 378 112 379
2047 387 114 409
2048 417 123 445
2049 473 140 490
2050 405 120 399
2051 527 153 563
2052 573 165 617
2053 372 109 393
2054 838 232 813
2055 503 133 469
2056 609 176 653
2057 713 205 761
2058 1097 287 1090
2059 916 239 876
2060 731 201 690
2061 1067 279 1061
2062 984 267 953
2063 986 257 949
2064 1136 300 1114
2065 967 270 974
2066 775 223 781
2067 613 180 620
2068 561 162 602
2069 491 144 524
2070 822 228 808
2071 644 169 615
2072 697 186 727
2073 1033 286 1041
2074 348 102 340
2075 333 99 339
2076 386 108 371
2077 461 129 442
2078 567 158 533
2079 452 127 428
2080 530 138 505
2081 532 141 531
2082 671 174 659
2083 639 187 654
2084 451 127 477
2085 498 131 493
2086 496 147 504
2087 541 159 557
2088 555 146 550
2089 574 158 605
2090 462 130 492
2091 725 184 719
2092 344 101 359
2093 403 119 430
2094 325 96 335
2095 390 117 398
2096 317 92 324
2097 363 105 380
2098 319 94 322
2099 331 93 337
2100 357 100 366
2101 470 126 448
2102 382 107 397
2103 426 128 441
2104 464 134 494
2105 676 175 624
2106 523 145 549
2107 525 136 516
2108 726 202 688
2109 538 144 501
2110 998 261 962
2111 648 192 656
2112 824 217 783
2113 564 154 599
2114 641 165 596
2115 823 216 778
2116 593 156 548
2117 784 205 736
2118 635 179 603
2119 691 200 711
2120 588 166 568
2121 589 167 627
2122 669 188 716
2123 628 166 647
2124 799 213 811
2125 768 221 815
2126 762 207 724
2127 802 230 809
2128 848 239 892
2129 814 211 804
2130 771 198 766
2131 950 266 956
2132 936 254 901
2133 760 217 803
2134 800 212 818
2135 979 253 970
2136 840 233 875
2137 845 225 877
2138 975 260 996
2139 937 251 954
2140 1007 269 1028
2141 968 264 997
2142 1050 278 1071
2143 1169 311 1168
2144 1170 313 1162
2145 1139 306 1120
2146 1118 291 1110
2147 1113 296 1128
2148 1074 294 1076
2149 1059 285 1031
2150 1146 303 1126
2151 1165 310 1164
2152 1155 305 1150
2153 1122 302 1103
2154 1030 277 1003
2155 1108 299 1085
2156 1084 297 1109
2157 773 197 758
2158 728 190 678
2159 810 231 821
2160 860 244 869
2161 1048 282 1016
2162 915 250 881
2163 1011 280 1017
2164 1006 274 980
2165 622 184 631
2166 780 214 752
2167 890 246 880
2168 764 220 774
2169 935 248 903
2170 1000 262 966
2171 898 245 870
2172 1049 275 1015
2173 944 256 918
2174 1075 280 1068
2175 990 258 973
2176 1040 271 1025
