1.000000 144.669020 41.021178 -0.000000
2.000000 144.127397 41.318527 -6973.167267
3.000000 143.598418 41.618182 -19269.529750
4.000000 143.073334 41.908319 -36113.942828
5.000000 142.538690 42.182963 -55000.000000
6.000000 144.586957 40.719185 -0.000000
7.000000 143.954452 40.932464 -6118.294579
8.000000 143.374906 41.204143 -18508.734150
9.000000 142.795762 41.471580 -34667.769692
10.000000 142.185748 41.671969 -55000.000000
11.000000 144.397313 40.399423 -0.000000
12.000000 143.782571 40.571659 -5475.106711
13.000000 143.203563 40.781581 -17982.120392
14.000000 142.655148 41.017272 -35540.291963
15.000000 142.054872 41.149649 -55000.000000
16.000000 144.281729 40.072529 -0.000000
17.000000 143.646237 40.167290 -5345.117291
18.000000 143.059095 40.346238 -17178.016715
19.000000 142.488524 40.541137 -33763.127145
20.000000 141.899775 40.660345 -55000.000000
21.000000 144.229648 39.679810 -0.000000
22.000000 143.583224 39.751123 -4958.240465
23.000000 142.979491 39.906269 -17568.689408
24.000000 142.392354 40.071229 -34721.440835
25.000000 141.792896 40.186596 -55000.000000
26.000000 144.178092 39.234621 -0.000000
27.000000 143.520658 39.326023 -4883.275498
28.000000 142.886213 39.454761 -16591.397112
29.000000 142.280171 39.612435 -34504.942772
30.000000 141.665440 39.730566 -55000.000000
31.000000 144.071933 38.794458 -0.000000
32.000000 143.419489 38.887257 -5101.039727
33.000000 142.790282 39.015732 -17445.288068
34.000000 142.180179 39.159735 -35050.237472
35.000000 141.569245 39.284597 -55000.000000
36.000000 143.951451 38.357175 -0.000000
37.000000 143.295548 38.456135 -6107.234343
38.000000 142.654922 38.576233 -17936.177681
39.000000 142.029926 38.711624 -34515.845671
40.000000 141.424381 38.865900 -55000.000000
41.000000 143.863543 37.859663 -0.000000
42.000000 143.181509 37.988968 -6218.662609
43.000000 142.514026 38.133581 -18881.015689
44.000000 141.854563 38.278886 -35359.627671
45.000000 141.212581 38.447556 -55000.000000
46.000000 143.655075 37.347454 -0.000000
47.000000 142.986609 37.540196 -6173.166814
48.000000 142.315340 37.703178 -19080.754259
49.000000 141.647694 37.859968 -35399.500435
50.000000 140.986133 38.011556 -55000.000000
51.000000 143.401248 36.881330 -0.000000
52.000000 142.788349 37.100580 -6987.543178
53.000000 142.154282 37.265317 -18587.038714
54.000000 141.522673 37.416791 -34780.679168
55.000000 140.895272 37.544365 -55000.000000
56.000000 143.065552 36.426783 -0.000000
57.000000 142.529023 36.678787 -7333.076485
58.000000 141.944940 36.840655 -19127.484978
59.000000 141.358889 36.975474 -35186.952571
60.000000 140.780714 37.102016 -55000.000000
61.000000 142.717220 36.098712 -0.000000
62.000000 142.209099 36.309287 -7494.580874
63.000000 141.671250 36.450109 -18943.519421
64.000000 141.126912 36.546978 -34490.288535
65.000000 140.614034 36.681048 -55000.000000
66.000000 142.475255 35.754048 -0.000000
67.000000 141.946817 35.920967 -7155.214444
68.000000 141.413522 36.046516 -19382.745434
69.000000 140.873374 36.126088 -35253.800084
70.000000 140.369106 36.265027 -55000.000000
71.000000 142.349744 35.392651 -0.000000
72.000000 141.767782 35.502909 -6992.393835
73.000000 141.202839 35.630813 -19263.050559
74.000000 140.632500 35.711226 -35490.953956
75.000000 140.075825 35.799470 -55000.000000
76.000000 142.279839 35.001408 -0.000000
77.000000 141.700685 35.110131 -5484.212245
78.000000 141.125786 35.196744 -16733.443772
79.000000 140.557672 35.237299 -33622.972447
80.000000 140.005012 35.227558 -55000.000000
81.000000 142.140942 34.646040 -0.000000
82.000000 141.638728 34.739677 -4987.262111
83.000000 141.134158 34.747549 -15804.529421
84.000000 140.650311 34.753977 -32678.113326
85.000000 140.198593 34.713571 -55000.000000
86.000000 142.032971 34.300000 -0.000000
87.000000 141.601547 34.300027 -5945.491825
88.000000 141.187044 34.300067 -18502.740228
89.000000 140.785762 34.300010 -34570.323007
90.000000 140.407829 34.300000 -55000.000000
91.000000 140.040418 35.513514 -55000.000000
92.000000 140.101802 34.970564 -55000.000000
93.000000 140.222465 36.032249 -55000.000000
94.000000 140.281342 35.232429 -44311.486223
95.000000 140.303211 34.506785 -55000.000000
96.000000 140.316748 35.518385 -44311.486223
97.000000 140.354162 35.755348 -45245.476978
98.000000 140.378132 34.975435 -44311.486223
99.000000 140.424452 34.733774 -43839.056663
100.000000 140.491570 36.473038 -55000.000000
101.000000 140.500803 35.988126 -45245.476978
102.000000 140.529070 34.526988 -43839.056663
103.000000 140.595086 35.474263 -34556.963201
104.000000 140.596795 34.300005 -44785.161503
105.000000 140.603991 34.995638 -33150.542886
106.000000 140.621240 36.195558 -45126.900042
107.000000 140.697374 36.891532 -55000.000000
108.000000 140.718036 34.526993 -33624.218166
109.000000 140.743704 36.403568 -45126.900042
110.000000 140.752937 35.918657 -35372.377020
111.000000 140.837993 37.323191 -55000.000000
112.000000 140.841729 35.217022 -25178.208109
113.000000 140.870473 36.614013 -44745.144267
114.000000 140.879143 35.453985 -26112.198864
115.000000 140.888049 34.975360 -24705.778549
116.000000 140.892235 34.750763 -24241.321373
117.000000 140.917669 35.671019 -27377.002257
118.000000 140.940703 37.777960 -55000.000000
119.000000 140.953813 36.824497 -44745.144267
120.000000 140.959960 34.523779 -25187.426214
121.000000 140.986403 34.300038 -26536.531617
122.000000 141.000143 36.336533 -34872.044309
123.000000 141.038107 35.878451 -27258.425322
124.000000 141.069802 37.038745 -45093.476286
125.000000 141.099357 38.229556 -55000.000000
126.000000 141.127081 37.259919 -45093.476286
127.000000 141.129972 34.972146 -16268.986596
128.000000 141.143448 36.086302 -27318.272759
129.000000 141.160601 34.523808 -17153.634824
130.000000 141.164313 35.413778 -17998.247165
131.000000 141.208972 37.480578 -44890.339584
132.000000 141.242901 36.761226 -34838.620553
133.000000 141.254403 37.714174 -44890.339584
134.000000 141.270217 36.296747 -26936.516984
135.000000 141.308181 35.838665 -19322.897996
136.000000 141.316914 37.935762 -45199.750218
137.000000 141.318481 38.656728 -55000.000000
138.000000 141.386443 34.743613 -10395.895766
139.000000 141.394296 34.300047 -12224.116026
140.000000 141.399081 36.498544 -26716.903978
141.000000 141.412886 34.519872 -11745.001169
142.000000 141.413236 35.153438 -11108.828008
143.000000 141.417422 34.928840 -10644.370833
144.000000 141.430138 38.153762 -45199.750218
145.000000 141.440781 37.196133 -34983.815870
146.000000 141.446784 35.349826 -11862.918804
147.000000 141.485311 35.566861 -13127.722197
148.000000 141.496813 39.075248 -55000.000000
149.000000 141.515070 36.712792 -27065.235996
150.000000 141.533572 38.363221 -45179.813835
151.000000 141.542386 36.248313 -19163.132427
152.000000 141.585184 37.638380 -35090.089802
153.000000 141.590652 35.774713 -13187.569634
154.000000 141.617343 39.507582 -55000.000000
155.000000 141.620138 34.519852 -5466.376968
156.000000 141.639472 38.572393 -45179.813835
157.000000 141.651915 36.908064 -27157.218774
158.000000 141.669707 34.924904 -5235.737178
159.000000 141.680170 35.983742 -13268.979939
160.000000 141.727154 38.788762 -44757.922835
161.000000 141.729168 39.958581 -55000.000000
162.000000 141.733806 37.128723 -26954.082073
163.000000 141.734234 35.306520 -6238.303040
164.000000 141.751129 38.069427 -35379.564053
165.000000 141.799586 38.998111 -44757.922835
166.000000 141.808095 36.645382 -19035.502199
167.000000 141.809034 36.185538 -13049.366932
168.000000 141.817259 34.300014 -2972.745913
169.000000 141.835850 34.519839 -2493.631056
170.000000 141.838477 37.341054 -26683.858941
171.000000 141.846336 40.423470 -55000.000000
172.000000 141.857300 35.711938 -7073.804139
173.000000 141.874712 39.222166 -45025.118736
174.000000 141.889835 34.692859 -2493.631056
175.000000 141.900988 37.562642 -26993.269575
176.000000 141.920814 34.878086 -2742.106122
177.000000 141.922810 39.445151 -45025.118736
178.000000 141.940175 36.379698 -13219.050148
179.000000 141.942245 38.495255 -34937.736671
180.000000 141.972805 39.671501 -44752.471386
181.000000 141.977323 40.904997 -55000.000000
182.000000 141.981517 37.781573 -27240.127347
183.000000 141.990262 35.055770 -2742.106122
184.000000 142.025215 35.251391 -2742.106122
185.000000 142.036534 39.899516 -44752.471386
186.000000 142.049611 37.052986 -18857.261846
187.000000 142.058763 35.447780 -3496.196918
188.000000 142.077019 36.574971 -13311.032926
189.000000 142.077958 36.115127 -7324.897659
190.000000 142.084951 37.991032 -27220.190965
191.000000 142.086956 34.473020 -0.000000
192.000000 142.092625 40.128913 -44860.720417
193.000000 142.105053 38.935680 -34783.041571
194.000000 142.120310 41.410809 -55000.000000
195.000000 142.146065 40.365787 -44860.720417
196.000000 142.148280 35.656809 -3577.607222
197.000000 142.184295 38.206234 -27120.321680
198.000000 142.194149 40.600741 -44381.563572
199.000000 142.210391 34.823724 -0.000000
200.000000 142.211036 35.837508 -3577.607222
201.000000 142.230175 39.386085 -34777.590122
202.000000 142.234811 37.484247 -18833.896486
203.000000 142.236981 36.759721 -13230.280732
204.000000 142.271698 40.845393 -44381.563572
205.000000 142.271976 38.422603 -26698.430680
206.000000 142.314792 35.197029 -0.000000
207.000000 142.336262 39.841832 -34613.191804
208.000000 142.341652 36.972052 -12960.057600
209.000000 142.342177 36.031668 -3747.290437
210.000000 142.342424 38.643929 -26226.011676
211.000000 142.355010 41.083460 -45270.145981
212.000000 142.362219 41.927466 -55000.000000
213.000000 142.369061 36.494037 -7413.828680
214.000000 142.412499 35.573349 -0.000000
215.000000 142.414683 37.918379 -18980.884974
216.000000 142.417551 38.867984 -26493.207576
217.000000 142.420448 41.344620 -45270.145981
218.000000 142.440439 40.306183 -34242.283990
219.000000 142.463159 36.204000 -3747.290437
220.000000 142.471316 37.182948 -12787.290946
221.000000 142.485231 39.087733 -26247.762770
222.000000 142.490755 41.571774 -44833.884846
223.000000 142.533196 39.307248 -25820.817292
224.000000 142.551845 37.401879 -13034.148718
225.000000 142.571836 40.779204 -34651.709554
226.000000 142.583192 39.533598 -25548.169942
227.000000 142.584474 38.354907 -18408.596685
228.000000 142.596238 35.926380 -0.000000
229.000000 142.623121 36.388750 -3666.538243
230.000000 142.629831 39.759352 -26036.816090
231.000000 142.650974 37.621687 -12626.960536
232.000000 142.658686 36.889684 -7160.309832
233.000000 142.667226 41.827272 -44833.884846
234.000000 142.685922 39.988749 -26145.065121
235.000000 142.722602 38.795983 -17690.732875
236.000000 142.725455 41.244426 -35104.030827
237.000000 142.725724 40.208733 -25949.728775
238.000000 142.750318 37.836888 -12527.091251
239.000000 142.773809 40.443687 -25470.571930
240.000000 142.797287 36.552785 -3666.538243
241.000000 142.806012 42.045641 -45556.971414
242.000000 142.838248 39.235247 -17018.342590
243.000000 142.846043 40.661359 -25872.623769
244.000000 142.847768 38.061275 -12549.839149
245.000000 142.887479 37.320388 -6580.354996
246.000000 142.891386 36.262748 -0.000000
247.000000 142.918216 38.282601 -12077.420145
248.000000 142.926950 36.763681 -3493.771589
249.000000 142.929356 40.899427 -26761.206178
250.000000 142.932852 39.680515 -17080.043260
251.000000 142.934548 41.689949 -35390.856260
252.000000 142.975235 38.516184 -12021.706012
253.000000 143.015027 41.110707 -27024.513056
254.000000 143.019293 40.126253 -17373.353061
255.000000 143.042915 38.735933 -11776.261206
256.000000 143.084059 37.764582 -6195.914712
257.000000 143.085334 41.337861 -26588.251921
258.000000 143.094799 36.990955 -3493.771589
259.000000 143.104886 38.951494 -11273.163898
260.000000 143.131329 40.563910 -17580.068554
261.000000 143.152851 39.171009 -10846.218420
262.000000 143.193928 37.210763 -3086.583407
263.000000 143.203435 39.390392 -10737.336305
264.000000 143.224120 41.556231 -27311.338489
265.000000 143.233400 36.654057 -0.000000
266.000000 143.234718 39.602942 -10774.818789
267.000000 143.238529 38.222552 -6162.948476
268.000000 143.281357 39.828696 -11263.464936
269.000000 143.289234 40.992862 -18245.427271
270.000000 143.312864 40.036779 -11456.903350
271.000000 143.320842 37.443825 -3086.583407
272.000000 143.335876 41.763250 -27691.736289
273.000000 143.352666 40.256764 -11261.567003
274.000000 143.357519 38.671696 -5604.137035
275.000000 143.418292 37.668211 -3109.331305
276.000000 143.424900 40.474436 -11663.618842
277.000000 143.470073 39.106640 -4992.157612
278.000000 143.486662 41.411162 -18889.131950
279.000000 143.493067 40.676620 -11728.613552
280.000000 143.522526 37.924316 -3109.331305
281.000000 143.528162 37.114392 -0.000000
282.000000 143.551941 39.538573 -4920.757981
283.000000 143.578739 40.887901 -11991.920430
284.000000 143.579546 38.157899 -3053.617172
285.000000 143.614731 39.959207 -5151.678878
286.000000 143.623500 38.406655 -3053.617172
287.000000 143.664679 41.068303 -12313.514364
288.000000 143.685470 38.622216 -2550.519864
289.000000 143.714404 40.369475 -5410.112001
290.000000 143.745711 38.840857 -2550.519864
291.000000 143.751152 41.261335 -12740.950708
292.000000 143.759309 37.603559 -0.000000
293.000000 143.796295 39.060241 -2441.637749
294.000000 143.849375 39.280322 -2441.637749
295.000000 143.862908 41.468354 -13121.348508
296.000000 143.868512 40.752062 -5796.700645
297.000000 143.880658 39.492872 -2479.120233
298.000000 143.906436 39.715467 -2479.120233
299.000000 143.907497 38.108419 -0.000000
300.000000 143.937942 39.923550 -2672.558646
301.000000 143.963983 40.119909 -2672.558646
302.000000 144.011692 38.575816 -0.000000
303.000000 144.032150 40.322094 -2737.553355
304.000000 144.040925 41.125496 -6545.730923
305.000000 144.089942 40.485541 -2737.553355
306.000000 144.125013 39.014540 -0.000000
307.000000 144.175883 40.665944 -3059.147289
308.000000 144.203870 39.457216 -0.000000
309.000000 144.255688 39.876169 -0.000000
310.000000 144.270705 40.825824 -3059.147289
311.000000 144.311736 40.976821 -3059.147289
312.000000 144.339521 40.235976 -0.000000
313.000000 144.398209 41.169853 -3486.583634
314.000000 144.492135 40.559304 -0.000000
315.000000 144.627989 40.870181 -0.000000
316.000000 140.022715 35.370536 -55000.000000
317.000000 140.053407 35.099061 -55000.000000
318.000000 140.058122 35.656492 -55000.000000
319.000000 140.143177 35.229993 -49655.743112
320.000000 140.149145 35.915860 -55000.000000
321.000000 140.150198 34.842067 -55000.000000
322.000000 140.160880 35.372971 -49655.743112
323.000000 140.178583 35.515950 -49655.743112
324.000000 140.191572 35.101496 -49655.743112
325.000000 140.196287 35.658928 -49655.743112
326.000000 140.214994 35.777409 -50122.738489
327.000000 140.239967 34.973000 -49655.743112
328.000000 140.250902 34.610178 -55000.000000
329.000000 140.288314 35.893798 -50122.738489
330.000000 140.288363 34.844503 -49655.743112
331.000000 140.295786 36.148638 -55000.000000
332.000000 140.299045 35.375407 -44311.486223
333.000000 140.311522 34.723672 -49419.528331
334.000000 140.329737 35.103932 -44311.486223
335.000000 140.335455 35.636867 -44778.481601
336.000000 140.355520 34.403393 -55000.000000
337.000000 140.361634 36.010188 -50122.738489
338.000000 140.363832 34.620279 -49419.528331
339.000000 140.401292 34.854604 -44075.271443
340.000000 140.416141 34.516887 -49419.528331
341.000000 140.419507 35.234864 -38967.229335
342.000000 140.427483 35.871737 -45245.476978
343.000000 140.430338 36.369032 -55000.000000
344.000000 140.434954 36.126577 -50122.738489
345.000000 140.437210 35.377842 -38967.229335
346.000000 140.455917 35.496324 -39434.224712
347.000000 140.467902 35.106367 -38967.229335
348.000000 140.468450 34.413494 -49419.528331
349.000000 140.474624 35.614805 -39901.220090
350.000000 140.476761 34.630381 -43839.056663
351.000000 140.491062 34.985536 -38731.014555
352.000000 140.493331 35.733287 -40368.215467
353.000000 140.495173 36.230292 -50063.450021
354.000000 140.502312 34.300002 -49892.580752
355.000000 140.514222 34.864706 -38494.799774
356.000000 140.537382 34.743875 -38258.584994
357.000000 140.552802 36.577043 -55000.000000
358.000000 140.556405 36.334298 -50063.450021
359.000000 140.561021 36.091842 -45186.188510
360.000000 140.562933 34.413497 -44312.109083
361.000000 140.566651 35.849676 -40368.215467
362.000000 140.576379 35.355781 -34089.967824
363.000000 140.580831 35.116469 -33386.757666
364.000000 140.589691 34.640482 -38258.584994
365.000000 140.613793 35.592744 -35023.958578
366.000000 140.617637 36.438303 -50063.450021
367.000000 140.623553 34.526991 -38731.637415
368.000000 140.626870 35.953392 -40308.926999
369.000000 140.627151 34.874807 -32914.328106
370.000000 140.655704 36.786290 -55000.000000
371.000000 140.657416 34.413499 -39204.689835
372.000000 140.678869 36.542308 -50063.450021
373.000000 140.682472 36.299563 -45126.900042
374.000000 140.684174 34.640485 -33151.165746
375.000000 140.687088 36.057107 -40249.638531
376.000000 140.691279 34.300007 -39677.742255
377.000000 140.692718 35.814942 -35431.665488
378.000000 140.699700 35.227160 -29400.590278
379.000000 140.718407 35.345642 -29867.585655
380.000000 140.722860 35.106330 -29164.375498
381.000000 140.737114 35.464124 -30334.581032
382.000000 140.739044 36.996774 -55000.000000
383.000000 140.742253 36.647531 -49872.572134
384.000000 140.746020 34.985499 -28928.160717
385.000000 140.747307 36.160823 -40190.350063
386.000000 140.751899 34.413501 -34097.270586
387.000000 140.755821 35.582605 -30801.576410
388.000000 140.769180 34.864668 -28691.945937
389.000000 140.771273 34.752370 -28459.717349
390.000000 140.775085 35.691123 -31433.978107
391.000000 140.783923 36.752773 -49872.572134
392.000000 140.805136 34.638878 -28932.769770
393.000000 140.807088 36.508791 -44936.022155
394.000000 140.808539 36.264828 -40190.350063
395.000000 140.809353 37.212604 -55000.000000
396.000000 140.813155 36.022373 -35313.088552
397.000000 140.825593 36.858015 -49872.572134
398.000000 140.835303 35.794838 -31374.689639
399.000000 140.838998 34.525386 -29405.822190
400.000000 140.860436 35.335503 -25645.203486
401.000000 140.864889 35.096191 -24941.993329
402.000000 140.866633 37.433778 -55000.000000
403.000000 140.867263 36.963257 -49872.572134
404.000000 140.871923 36.370051 -39999.472176
405.000000 140.872861 34.411894 -29878.874610
406.000000 140.886082 34.300024 -30553.427312
407.000000 140.890142 34.863061 -24473.549961
408.000000 140.895522 35.898554 -31315.401171
409.000000 140.898406 35.562502 -26744.600561
410.000000 140.912143 36.719255 -44745.144267
411.000000 140.917987 37.661163 -55000.000000
412.000000 140.925258 37.070381 -50046.738143
413.000000 140.926097 34.637271 -24714.373794
414.000000 140.935308 36.475273 -39808.594288
415.000000 140.936758 36.231311 -35062.922197
416.000000 140.953897 37.180968 -50046.738143
417.000000 140.955740 36.002269 -31256.112703
418.000000 140.963418 37.894758 -55000.000000
419.000000 140.973181 34.411909 -25861.978915
420.000000 140.977888 35.774735 -27317.713789
421.000000 140.982537 37.291555 -50046.738143
422.000000 140.983757 35.206883 -20955.825941
423.000000 140.998692 36.580496 -39617.716401
424.000000 141.002464 35.325364 -21422.821318
425.000000 141.006917 35.086052 -20719.611160
426.000000 141.008411 36.106195 -31286.036421
427.000000 141.009010 34.973753 -20487.382573
428.000000 141.011103 34.861454 -20255.153985
429.000000 141.011176 37.402142 -50046.738143
430.000000 141.011807 36.931621 -44919.310276
431.000000 141.013197 34.749156 -20022.925397
432.000000 141.021728 35.433882 -22055.223015
433.000000 141.040362 36.685738 -39617.716401
434.000000 141.040991 35.542399 -22687.624711
435.000000 141.042745 38.120556 -55000.000000
436.000000 141.047059 34.635664 -20495.977817
437.000000 141.052122 37.512471 -49945.169792
438.000000 141.060254 35.650916 -23320.026408
439.000000 141.060281 34.523793 -21170.530519
440.000000 141.063527 36.441756 -34681.166422
441.000000 141.071795 36.211418 -31095.158534
442.000000 141.073502 34.411923 -21845.083221
443.000000 141.074838 37.629269 -49945.169792
444.000000 141.086724 34.300052 -22519.635922
445.000000 141.090777 35.982376 -27288.349040
446.000000 141.097553 37.746067 -49945.169792
447.000000 141.098357 36.792862 -39791.882410
448.000000 141.098441 37.149332 -45093.476286
449.000000 141.120268 37.862865 -49945.169792
450.000000 141.120473 35.754632 -23260.737940
451.000000 141.127879 35.084445 -16501.215184
452.000000 141.132065 34.859847 -16036.758009
453.000000 141.135180 36.316640 -30904.280647
454.000000 141.145049 35.305261 -17365.845469
455.000000 141.147380 34.635678 -16479.082123
456.000000 141.151524 37.973659 -50099.875109
457.000000 141.155969 38.338556 -55000.000000
458.000000 141.156351 36.899986 -39966.048419
459.000000 141.168027 37.370249 -44991.907935
460.000000 141.173144 35.858558 -23290.661659
461.000000 141.173823 34.411937 -17828.187526
462.000000 141.183576 35.522296 -18630.648862
463.000000 141.184906 36.654102 -34664.454544
464.000000 141.198564 36.421863 -30713.402759
465.000000 141.206833 36.191525 -27127.394872
466.000000 141.208135 38.082659 -50099.875109
467.000000 141.214346 37.007110 -40140.214428
468.000000 141.225815 35.962483 -23320.585378
469.000000 141.231688 37.597376 -44890.339584
470.000000 141.242985 37.117697 -40140.214428
471.000000 141.255510 35.734739 -19292.974278
472.000000 141.260301 34.745581 -13100.212593
473.000000 141.262996 36.522761 -30603.596256
474.000000 141.264747 38.191659 -50099.875109
475.000000 141.265531 38.552142 -55000.000000
476.000000 141.269511 35.175091 -13921.135890
477.000000 141.271604 35.062792 -13688.907302
478.000000 141.273522 34.633710 -13774.765295
479.000000 141.273697 34.950493 -13456.678715
480.000000 141.275790 34.838194 -13224.450127
481.000000 141.278485 36.066409 -23350.509096
482.000000 141.283931 37.228026 -40038.646078
483.000000 141.285658 37.824968 -45045.044901
484.000000 141.286285 35.273285 -14298.181288
485.000000 141.286744 34.521840 -14449.317997
486.000000 141.290670 34.300057 -15363.428127
487.000000 141.299965 34.409969 -15123.870699
488.000000 141.300895 36.868350 -35012.786562
489.000000 141.305548 35.381802 -14930.582984
490.000000 141.320991 36.629885 -30777.762265
491.000000 141.321359 38.300659 -50099.875109
492.000000 141.324812 35.490320 -15562.984681
493.000000 141.324877 37.338355 -39937.077727
494.000000 141.334649 36.397646 -26826.710481
495.000000 141.341870 36.171632 -23159.631209
496.000000 141.344075 35.598837 -16195.386378
497.000000 141.360852 35.942590 -19352.821715
498.000000 141.365823 37.448685 -39835.509376
499.000000 141.371431 38.761314 -55000.000000
500.000000 141.373076 38.405388 -50089.906918
501.000000 141.373526 38.044762 -45199.750218
502.000000 141.378985 36.737009 -30951.928274
503.000000 141.388538 37.565482 -39835.509376
504.000000 141.396746 35.702763 -16225.310097
505.000000 141.399665 34.631742 -11070.448468
506.000000 141.399835 37.085803 -35085.384220
507.000000 141.401933 34.836226 -10520.133299
508.000000 141.403591 34.409959 -11984.558598
509.000000 141.406302 36.272530 -23049.824706
510.000000 141.415329 35.041139 -10876.599421
511.000000 141.419793 37.676277 -39990.214693
512.000000 141.426026 38.509974 -50089.906918
513.000000 141.430010 35.251632 -11485.873406
514.000000 141.436980 36.844133 -31126.094284
515.000000 141.449417 35.806689 -16255.233815
516.000000 141.451049 37.787071 -40144.920010
517.000000 141.457075 36.605668 -26891.069987
518.000000 141.460597 38.970574 -55000.000000
519.000000 141.466048 35.458344 -12495.320500
520.000000 141.470734 36.373428 -22940.018203
521.000000 141.477954 36.147414 -19272.938931
522.000000 141.478976 38.614560 -50089.906918
523.000000 141.481727 37.306462 -34882.247519
524.000000 141.481855 38.258491 -45189.782026
525.000000 141.482304 37.897865 -40299.625326
526.000000 141.497922 34.300037 -9084.803926
527.000000 141.502087 35.910614 -16285.157534
528.000000 141.505402 36.941769 -31172.085673
529.000000 141.507217 34.409950 -8845.246497
530.000000 141.512586 34.741645 -7691.578939
531.000000 141.516512 34.519862 -8605.689069
532.000000 141.525807 34.629775 -8366.131640
533.000000 141.528075 34.834259 -7815.816472
534.000000 141.531926 38.719146 -50089.906918
535.000000 141.533029 39.179923 -55000.000000
536.000000 141.535166 36.474327 -22830.211699
537.000000 141.537982 35.670787 -13157.645916
538.000000 141.538916 38.006865 -40299.625326
539.000000 141.543564 34.926872 -7940.054005
540.000000 141.546348 37.052098 -31070.517322
541.000000 141.546846 36.015129 -16325.862686
542.000000 141.553928 37.527585 -34935.384485
543.000000 141.556961 35.131784 -8296.520127
544.000000 141.559054 35.019486 -8064.291539
545.000000 141.573735 35.229979 -8673.565524
546.000000 141.575767 38.827331 -49878.961418
547.000000 141.583492 36.810428 -27111.227385
548.000000 141.586522 38.467807 -45179.813835
549.000000 141.587294 37.162428 -30968.948971
550.000000 141.590509 35.328173 -9050.610922
551.000000 141.590633 38.111595 -40289.657135
552.000000 141.593160 36.581450 -23004.377709
553.000000 141.593294 39.396089 -55000.000000
554.000000 141.606818 36.349211 -19053.325924
555.000000 141.607283 35.426368 -9427.656319
556.000000 141.610843 34.409940 -5705.934397
557.000000 141.611278 36.116027 -16216.056183
558.000000 141.611983 38.932005 -49878.961418
559.000000 141.616439 37.749174 -35244.795118
560.000000 141.626547 35.534885 -10060.058016
561.000000 141.628240 37.272757 -30867.380621
562.000000 141.629433 34.629765 -5226.819540
563.000000 141.635411 35.879227 -13228.274787
564.000000 141.641391 39.619074 -55000.000000
565.000000 141.642350 38.216324 -40279.688944
566.000000 141.648199 39.036680 -49878.961418
567.000000 141.654218 34.832291 -5111.499645
568.000000 141.661583 36.679087 -23050.369098
569.000000 141.675710 36.216925 -16106.249680
570.000000 141.679217 35.638811 -10089.981735
571.000000 141.680575 37.378923 -30732.269055
572.000000 141.683313 38.680577 -44968.868335
573.000000 141.684415 39.141354 -49878.961418
574.000000 141.685196 35.017518 -5359.974711
575.000000 141.692861 37.018394 -27055.650424
576.000000 141.694067 38.321054 -40269.720753
577.000000 141.697304 39.844574 -55000.000000
578.000000 141.699411 37.964698 -35389.532244
579.000000 141.709403 34.300020 -4459.118869
580.000000 141.711831 37.489717 -30886.974371
581.000000 141.717460 35.208326 -5861.257642
582.000000 141.718699 34.409933 -4219.561440
583.000000 141.721978 39.253382 -50012.559368
584.000000 141.723976 35.743325 -10130.686887
585.000000 141.727994 34.519846 -3980.004012
586.000000 141.730005 36.776723 -23096.360487
587.000000 141.737289 34.629758 -3740.446584
588.000000 141.739673 36.547746 -18989.510810
589.000000 141.740142 36.317824 -15996.443177
590.000000 141.743086 37.600511 -31041.679688
591.000000 141.744602 36.084640 -13159.173435
592.000000 141.746027 39.364874 -50012.559368
593.000000 141.747017 38.425639 -40269.720753
594.000000 141.751008 35.404715 -6615.348438
595.000000 141.761032 40.072589 -55000.000000
596.000000 141.763370 38.893436 -44757.922835
597.000000 141.764282 34.716268 -3740.446584
598.000000 141.768735 35.847840 -10171.392039
599.000000 141.770076 39.476366 -50012.559368
600.000000 141.774341 37.711305 -31196.385005
601.000000 141.779771 34.808882 -3864.684117
602.000000 141.786142 37.234888 -26818.970507
603.000000 141.790858 38.533824 -40058.775253
604.000000 141.794125 39.587858 -50012.559368
605.000000 141.795260 34.901495 -3988.921650
606.000000 141.798427 36.874360 -23142.351876
607.000000 141.802846 38.174157 -35369.595862
608.000000 141.805713 36.414904 -16081.284784
609.000000 141.810750 34.994109 -4113.159184
610.000000 141.812541 35.607423 -7033.098987
611.000000 141.813494 35.952354 -10212.097191
612.000000 141.814606 37.820771 -31319.813891
613.000000 141.819123 39.701034 -49876.235693
614.000000 141.819616 40.305033 -55000.000000
615.000000 141.826554 34.409926 -2733.188484
616.000000 141.834699 38.642009 -39847.829753
617.000000 141.837149 39.110138 -44891.520786
618.000000 141.839373 36.984689 -23040.783525
619.000000 141.845474 35.082951 -4113.159184
620.000000 141.850987 39.815041 -49876.235693
621.000000 141.862842 34.606349 -2493.631056
622.000000 141.862950 35.180761 -4113.159184
623.000000 141.866323 37.925500 -31309.845700
624.000000 141.869733 37.451848 -26838.564258
625.000000 141.873056 40.541908 -55000.000000
626.000000 141.874135 36.512540 -16127.276174
627.000000 141.874604 36.282618 -13134.208540
628.000000 141.876518 36.743018 -19081.493589
629.000000 141.877926 36.053252 -10102.290688
630.000000 141.878540 38.750193 -39636.884253
631.000000 141.879724 35.278956 -4490.204581
632.000000 141.882851 39.929048 -49876.235693
633.000000 141.891709 37.090854 -22905.671960
634.000000 141.896499 35.377150 -4867.249979
635.000000 141.898404 38.387071 -35148.682171
636.000000 141.898761 39.333658 -45025.118736
637.000000 141.902059 35.816452 -7114.509291
638.000000 141.905324 34.785472 -2617.868589
639.000000 141.913273 35.475344 -5244.295376
640.000000 141.914715 40.043056 -49876.235693
641.000000 141.914756 38.854867 -39636.884253
642.000000 141.918040 38.030230 -31299.877509
643.000000 141.925115 34.300007 -1486.372956
644.000000 141.934410 34.409919 -1246.815528
645.000000 141.938549 40.782671 -55000.000000
646.000000 141.941253 37.672108 -27116.698461
647.000000 141.942557 36.610177 -16173.267563
648.000000 141.942761 40.157754 -49930.360209
649.000000 141.943496 36.150333 -10187.132296
650.000000 141.944044 37.197020 -22770.560394
651.000000 141.947808 39.558326 -44888.795061
652.000000 141.952319 38.966895 -39770.482203
653.000000 141.955538 34.966928 -2742.106122
654.000000 141.958031 35.579859 -5285.000528
655.000000 141.961403 34.496429 -1246.815528
656.000000 141.969481 40.276192 -49930.360209
657.000000 141.969757 38.134959 -31289.909318
658.000000 141.986086 38.603440 -34726.791171
659.000000 141.988396 34.582940 -1246.815528
660.000000 141.989882 39.078923 -39904.080154
661.000000 141.996200 40.394629 -49930.360209
662.000000 141.996380 37.303185 -22635.448828
663.000000 141.997276 36.946820 -18992.373412
664.000000 142.002790 35.684373 -5325.705681
665.000000 142.004670 39.785508 -44752.471386
666.000000 142.007739 35.153580 -2742.106122
667.000000 142.008597 36.477335 -13265.041537
668.000000 142.009066 36.247413 -10271.973903
669.000000 142.010980 36.707813 -16219.258952
670.000000 142.012388 36.018047 -7240.056051
671.000000 142.015388 34.669450 -1246.815528
672.000000 142.016098 41.027323 -55000.000000
673.000000 142.019429 38.242560 -31239.974675
674.000000 142.022920 40.513066 -49930.360209
675.000000 142.027445 39.190950 -40037.678104
676.000000 142.027635 37.413979 -22790.154145
677.000000 142.030878 34.762063 -1371.053061
678.000000 142.033234 37.886303 -27230.159156
679.000000 142.041989 35.349585 -3119.151520
680.000000 142.046962 40.630543 -49690.781786
681.000000 142.047549 35.788888 -5366.410833
682.000000 142.051494 39.302443 -40037.678104
683.000000 142.059964 34.386510 -0.000000
684.000000 142.063270 38.350744 -31029.029175
685.000000 142.064579 40.014214 -44806.595902
686.000000 142.065602 34.850905 -1371.053061
687.000000 142.067490 38.823652 -34649.443621
688.000000 142.067900 37.523445 -22913.583031
689.000000 142.074637 36.344493 -10356.815511
690.000000 142.076492 39.415618 -39901.354429
691.000000 142.078927 35.879237 -5366.410833
692.000000 142.085736 40.752869 -49690.781786
693.000000 142.087591 41.280229 -55000.000000
694.000000 142.090961 36.800188 -16178.882855
695.000000 142.100327 34.939747 -1371.053061
696.000000 142.101490 39.528793 -39765.030754
697.000000 142.101947 37.159151 -18722.150280
698.000000 142.103522 35.552294 -3536.902070
699.000000 142.107111 38.458929 -30818.083675
700.000000 142.108164 37.632910 -23037.011917
701.000000 142.113949 34.559530 -0.000000
702.000000 142.119345 40.247350 -44860.720417
703.000000 142.124511 40.875195 -49690.781786
704.000000 142.126488 39.641968 -39628.707079
705.000000 142.134623 38.098633 -27170.256322
706.000000 142.135051 35.028589 -1371.053061
707.000000 142.142616 39.047707 -34916.639521
708.000000 142.143059 36.442129 -10402.806900
709.000000 142.143296 36.906353 -16043.771289
710.000000 142.143528 36.212207 -7409.739267
711.000000 142.144497 35.976317 -5451.252440
712.000000 142.148428 37.742375 -23160.440803
713.000000 142.150951 38.567113 -30607.138175
714.000000 142.152527 35.126400 -1371.053061
715.000000 142.153029 41.541389 -55000.000000
716.000000 142.157000 36.667346 -13270.656829
717.000000 142.158352 39.755976 -39628.707079
718.000000 142.163285 40.997521 -49690.781786
719.000000 142.170003 35.224210 -1371.053061
720.000000 142.170107 40.483264 -44621.141995
721.000000 142.175666 34.734882 -0.000000
722.000000 142.179658 35.747158 -3577.607222
723.000000 142.186175 38.677776 -30370.928673
724.000000 142.186398 39.870674 -39682.831595
725.000000 142.187479 35.322021 -1371.053061
726.000000 142.194546 37.374782 -18710.467600
727.000000 142.195632 37.012519 -15908.659723
728.000000 142.200145 37.847105 -23150.472612
729.000000 142.204253 35.420215 -1748.098459
730.000000 142.204941 41.116555 -50135.072991
731.000000 142.205177 39.272910 -34913.913797
732.000000 142.210068 36.073397 -5536.094048
733.000000 142.214444 39.985372 -39736.956110
734.000000 142.223040 36.534504 -10362.430803
735.000000 142.223739 38.789804 -30504.526624
736.000000 142.228136 38.314418 -26909.376180
737.000000 142.232924 40.723067 -44381.563572
738.000000 142.237660 41.247135 -50135.072991
739.000000 142.242490 40.100071 -39791.080626
740.000000 142.245115 34.912566 -0.000000
741.000000 142.247967 37.118684 -15773.548157
742.000000 142.249012 35.524730 -1788.803611
743.000000 142.249817 37.954706 -23100.537969
744.000000 142.255173 39.499260 -34641.266447
745.000000 142.261302 38.901832 -30638.124574
746.000000 142.269209 40.218508 -39791.080626
747.000000 142.270379 41.377714 -50135.072991
748.000000 142.273984 41.799717 -55000.000000
749.000000 142.275075 37.593713 -18957.325373
750.000000 142.275638 36.170477 -5620.935656
751.000000 142.276607 35.934588 -3662.448829
752.000000 142.280390 35.615079 -1788.803611
753.000000 142.289080 36.401662 -7454.204777
754.000000 142.289317 36.865886 -13095.169166
755.000000 142.293252 40.335985 -39551.502204
756.000000 142.297316 35.099219 -0.000000
757.000000 142.298865 39.013860 -30771.722524
758.000000 142.299489 38.062307 -23050.603327
759.000000 142.303021 36.626879 -10322.054706
760.000000 142.303098 41.508294 -50135.072991
761.000000 142.307200 38.533266 -26462.221178
762.000000 142.308217 39.727134 -34559.067288
763.000000 142.311768 35.705428 -1788.803611
764.000000 142.312799 37.224132 -15687.164830
765.000000 142.313354 40.964427 -44825.854777
766.000000 142.317294 40.453462 -39311.923781
767.000000 142.332268 35.294840 -0.000000
768.000000 142.332705 39.123734 -30649.000121
769.000000 142.336129 36.256643 -5620.935656
770.000000 142.338251 41.621871 -49916.942423
771.000000 142.341337 40.570939 -39072.345359
772.000000 142.343146 35.795778 -1788.803611
773.000000 142.349161 38.169907 -23000.668684
774.000000 142.353063 37.333598 -15810.593716
775.000000 142.356687 39.233491 -30435.527382
776.000000 142.364308 39.956531 -34667.316319
777.000000 142.365011 37.810779 -19030.819616
778.000000 142.379988 38.755956 -26359.609626
779.000000 142.380111 40.693265 -39072.345359
780.000000 142.381122 35.483000 -0.000000
781.000000 142.381685 39.346667 -30299.203707
782.000000 142.383002 36.719254 -10281.678609
783.000000 142.387729 41.214040 -45270.145981
784.000000 142.393001 38.278092 -22789.723184
785.000000 142.393328 37.443063 -15934.022602
786.000000 142.402668 36.117834 -3747.290437
787.000000 142.406484 37.077500 -12873.674273
788.000000 142.406683 39.459842 -30162.880032
789.000000 142.408716 35.892858 -1873.645219
790.000000 142.416110 36.349019 -5580.559558
791.000000 142.416396 40.188706 -34481.862412
792.000000 142.421767 40.812298 -39516.636563
793.000000 142.426487 41.749620 -49916.942423
794.000000 142.428225 38.388755 -22553.513682
795.000000 142.431681 39.573017 -30026.556357
796.000000 142.433592 37.552528 -16057.451488
797.000000 142.435338 36.825420 -10146.567043
798.000000 142.443877 35.663699 -0.000000
799.000000 142.449042 36.586412 -7373.452583
800.000000 142.450455 42.055214 -55000.000000
801.000000 142.451391 38.977859 -26370.485173
802.000000 142.455001 39.685894 -30270.879431
803.000000 142.455602 41.458197 -45052.015414
804.000000 142.463423 40.931332 -39960.927768
805.000000 142.463449 38.499418 -22317.304180
806.000000 142.464355 38.025980 -18930.950331
807.000000 142.464481 40.423660 -34002.705567
808.000000 142.469207 35.979024 -1873.645219
809.000000 142.483047 39.800592 -30325.003947
810.000000 142.483157 37.662432 -15853.857398
811.000000 142.496091 36.441394 -5540.183461
812.000000 142.498673 38.610081 -22081.094679
813.000000 142.500169 36.930868 -10060.183716
814.000000 142.505079 41.050366 -40405.218972
815.000000 142.509213 39.197491 -26034.290031
816.000000 142.511092 39.915291 -30379.128462
817.000000 142.511580 37.292414 -12910.719832
818.000000 142.514723 41.877369 -49916.942423
819.000000 142.529698 36.065190 -1873.645219
820.000000 142.530180 40.660170 -34207.418349
821.000000 142.532829 37.770033 -15803.922755
822.000000 142.535746 35.840214 -0.000000
823.000000 142.536237 38.722109 -22214.692629
824.000000 142.537798 41.180946 -40405.218972
825.000000 142.539138 40.029989 -30433.252978
826.000000 142.543140 36.296375 -3706.914340
827.000000 142.549250 38.244244 -18644.806187
828.000000 142.558194 39.420423 -25684.493617
829.000000 142.559039 40.139981 -30335.584805
830.000000 142.565001 37.036316 -9973.800389
831.000000 142.570077 38.831983 -22091.970226
832.000000 142.572952 41.294523 -40187.088404
833.000000 142.576072 36.533769 -5499.807364
834.000000 142.578991 41.699523 -44833.884846
835.000000 142.582500 37.877634 -15753.988113
836.000000 142.583082 40.257458 -30096.006382
837.000000 142.590190 36.151356 -1873.645219
838.000000 142.593854 36.784236 -7246.693158
839.000000 142.601409 37.511783 -12830.554627
840.000000 142.602958 42.005117 -49916.942423
841.000000 142.603917 38.941858 -21969.247822
842.000000 142.606511 39.646475 -25792.493016
843.000000 142.607124 40.374935 -29856.427960
844.000000 142.608105 41.408100 -39968.957837
845.000000 142.613492 40.898238 -35096.000758
846.000000 142.619698 38.465570 -18172.387183
847.000000 142.629833 37.141764 -9887.417062
848.000000 142.631166 40.492412 -29616.849537
849.000000 142.632172 37.985235 -15704.053470
850.000000 142.637757 39.051733 -21846.525419
851.000000 142.643259 41.521677 -39750.827269
852.000000 142.656729 36.012546 -0.000000
853.000000 142.657877 39.874050 -26090.940606
854.000000 142.661739 39.161490 -21633.052680
855.000000 142.663155 36.615786 -5499.807364
856.000000 142.667284 40.601248 -29817.875457
857.000000 142.670097 37.251230 -10010.845948
858.000000 142.670171 36.243731 -1833.269121
859.000000 142.672351 42.114302 -50278.485707
860.000000 142.680897 38.097428 -15715.427419
861.000000 142.685722 39.271247 -21419.579941
862.000000 142.688762 38.686108 -17813.455278
863.000000 142.690302 41.130849 -35322.161395
864.000000 142.700646 37.729288 -12577.025894
865.000000 142.705823 40.098741 -26047.396948
866.000000 142.708940 40.720282 -30262.166661
867.000000 142.709704 39.381005 -21206.107202
868.000000 142.710204 36.470767 -3666.538243
869.000000 142.716121 38.208091 -15479.217917
870.000000 142.719662 37.361134 -9807.251857
871.000000 142.723518 36.995132 -7073.926505
872.000000 142.727987 36.721234 -5413.424037
873.000000 142.731494 41.649426 -39750.827269
874.000000 142.734702 39.494180 -21069.783527
875.000000 142.736619 41.936456 -45195.428130
876.000000 142.749767 40.326210 -25710.150352
877.000000 142.750596 40.839315 -30706.457866
878.000000 142.751345 38.318754 -15243.008415
879.000000 142.756442 38.905857 -17568.010472
880.000000 142.757254 36.325749 -1833.269121
881.000000 142.758022 39.607057 -21314.106601
882.000000 142.760609 41.358003 -34885.900259
883.000000 142.769227 37.471037 -9603.657766
884.000000 142.781341 39.719933 -21558.429675
885.000000 142.786569 38.429417 -15006.798913
886.000000 142.792252 40.958349 -31150.749070
887.000000 142.792818 36.826683 -5327.040710
888.000000 142.799043 37.949082 -12538.465200
889.000000 142.800887 41.758610 -40112.370553
890.000000 142.804303 36.180730 -0.000000
891.000000 142.804661 39.832810 -21802.752749
892.000000 142.809926 40.552523 -25671.597849
893.000000 142.814265 39.125489 -17231.815329
894.000000 142.815079 38.546209 -14978.941847
895.000000 142.818792 37.580941 -9400.063675
896.000000 142.832707 39.947509 -21856.877264
897.000000 142.835088 41.063989 -31282.402510
898.000000 142.837914 37.210484 -6783.949087
899.000000 142.844336 36.407766 -1833.269121
900.000000 142.848919 38.656083 -14856.219444
901.000000 142.852608 40.057501 -21759.209091
902.000000 142.857650 36.932131 -5240.657383
903.000000 142.862119 36.658233 -3580.154916
904.000000 142.862230 39.345004 -16804.869851
905.000000 142.865155 41.580765 -35029.312976
906.000000 142.868463 37.688542 -9350.129033
907.000000 142.870241 41.177566 -31064.271942
908.000000 142.870280 41.867795 -40473.913837
909.000000 142.872509 40.167493 -21661.540918
910.000000 142.882759 38.765958 -14733.497040
911.000000 142.882992 38.171938 -12313.629647
912.000000 142.887699 40.780393 -26316.914973
913.000000 142.892410 40.277486 -21563.872745
914.000000 142.905395 41.291144 -30846.141374
915.000000 142.909532 39.567638 -16835.720186
916.000000 142.916452 40.394962 -21324.294322
917.000000 142.916599 38.875833 -14610.774637
918.000000 142.917188 37.800735 -9361.502982
919.000000 142.931419 36.489784 -1833.269121
920.000000 142.937044 37.430292 -6376.760905
921.000000 142.939673 41.976980 -40835.457121
922.000000 142.940548 41.404721 -30628.010806
923.000000 142.941574 37.045768 -5240.657383
924.000000 142.946726 38.399393 -12049.563079
925.000000 142.947584 38.983613 -14359.225983
926.000000 142.952569 40.503798 -21525.320242
927.000000 142.956171 39.793392 -17324.366334
928.000000 142.965913 37.912928 -9372.876930
929.000000 142.971567 39.093370 -14145.753244
930.000000 142.972191 41.005067 -26892.859617
931.000000 142.978469 36.344765 -0.000000
932.000000 142.988686 40.612634 -21726.346161
933.000000 142.991139 37.155672 -5037.063292
934.000000 142.995549 39.203128 -13932.280505
935.000000 142.996251 36.595232 -1746.885794
936.000000 142.999392 40.016261 -17471.021234
937.000000 143.003941 41.799134 -35752.399544
938.000000 143.009075 38.626059 -11898.983609
939.000000 143.009941 41.513905 -30989.554090
940.000000 143.010875 36.877318 -3493.771589
941.000000 143.014638 38.025122 -9384.250879
942.000000 143.019532 39.312885 -13718.807766
943.000000 143.024803 40.721470 -21927.372080
944.000000 143.035334 37.652389 -6184.540763
945.000000 143.039194 40.236245 -17275.684888
946.000000 143.040704 37.265575 -4833.469202
947.000000 143.044824 39.422577 -13664.366708
948.000000 143.049862 38.135785 -9148.041377
949.000000 143.050181 41.224284 -26806.382488
950.000000 143.060465 39.528852 -13683.107950
951.000000 143.066459 40.840504 -22371.663285
952.000000 143.073901 38.843714 -11524.712552
953.000000 143.078372 38.252576 -9120.184311
954.000000 143.079334 41.623090 -31351.097374
955.000000 143.080175 36.708869 -1746.885794
956.000000 143.083785 39.641729 -13927.431024
957.000000 143.090269 37.375479 -4629.875111
958.000000 143.095212 40.455074 -17379.042634
959.000000 143.106882 38.369368 -9092.327244
960.000000 143.107104 39.754605 -14171.754098
961.000000 143.109295 40.946144 -22503.316724
962.000000 143.128868 39.061252 -11059.691159
963.000000 143.130424 39.867482 -14416.077172
964.000000 143.132784 37.876775 -6207.288660
965.000000 143.135392 38.486160 -9064.470178
966.000000 143.144364 37.100859 -3290.177498
967.000000 143.146177 39.971524 -14512.796379
968.000000 143.148727 41.732275 -31712.640658
969.000000 143.149476 36.540420 -0.000000
970.000000 143.152131 41.051785 -22634.970164
971.000000 143.153726 37.492010 -4629.875111
972.000000 143.154727 41.447046 -26949.795205
973.000000 143.164099 36.822506 -1746.885794
974.000000 143.166078 40.081516 -14415.128205
975.000000 143.167446 40.672746 -17781.094473
976.000000 143.169232 38.596034 -8941.747775
977.000000 143.178143 39.280701 -10791.777362
978.000000 143.185979 40.191509 -14317.460032
979.000000 143.194966 41.157425 -22766.623603
980.000000 143.200217 38.703815 -8690.199121
981.000000 143.202451 37.604204 -4641.249059
982.000000 143.204605 41.835784 -31902.839558
983.000000 143.205880 40.301501 -14219.791859
984.000000 143.210019 38.105760 -6190.805543
985.000000 143.219077 39.496667 -10756.077547
986.000000 143.230120 41.271002 -22548.493035
987.000000 143.231202 38.811595 -8438.650467
988.000000 143.241997 40.410337 -14420.817778
989.000000 143.246399 40.887222 -18113.773832
990.000000 143.248023 36.936143 -1746.885794
991.000000 143.251176 37.716397 -4652.623008
992.000000 143.257385 37.327294 -3086.583407
993.000000 143.258038 39.715819 -11019.141863
994.000000 143.262187 38.919375 -8187.101813
995.000000 143.267039 38.339343 -6135.091410
996.000000 143.278114 40.519173 -14621.843698
997.000000 143.279998 41.659740 -27501.537389
998.000000 143.286170 39.029133 -7973.629073
999.000000 143.297111 39.932738 -11360.184143
1000.000000 143.297588 37.046047 -1543.291704
1001.000000 143.299513 41.380187 -22910.036319
1002.000000 143.299900 37.828590 -4663.996957
1003.000000 143.311462 39.138824 -7919.188016
1004.000000 143.314231 40.628009 -14822.869617
1005.000000 143.317324 36.767693 -0.000000
1006.000000 143.326534 38.563916 -5855.685689
1007.000000 143.332070 41.098502 -18377.080710
1008.000000 143.332765 40.146772 -11359.235176
1009.000000 143.336754 39.248516 -7864.746959
1010.000000 143.348315 40.729101 -14855.366972
1011.000000 143.352017 37.956642 -4663.996957
1012.000000 143.355391 41.483696 -23100.235219
1013.000000 143.361045 37.162578 -1543.291704
1014.000000 143.362046 39.358208 -7810.305901
1015.000000 143.369567 37.556018 -3097.957356
1016.000000 143.377688 39.464483 -7829.047143
1017.000000 143.380527 38.073434 -4636.139890
1018.000000 143.388504 38.779476 -5352.588381
1019.000000 143.388783 40.365600 -11462.592923
1020.000000 143.391151 40.834741 -14987.020411
1021.000000 143.393330 39.570758 -7847.788385
1022.000000 143.408971 39.677033 -7866.529627
1023.000000 143.409037 38.190225 -4608.282824
1024.000000 143.411269 41.587206 -23290.434119
1025.000000 143.424502 37.279109 -1543.291704
1026.000000 143.430784 41.307652 -18698.933050
1027.000000 143.432291 39.789910 -8110.852701
1028.000000 143.433986 40.940381 -15118.673851
1029.000000 143.437547 38.307017 -4580.425758
1030.000000 143.444781 38.996948 -5046.598670
1031.000000 143.448044 39.893951 -8207.571907
1032.000000 143.458984 40.575528 -11696.116197
1033.000000 143.459524 38.431395 -4580.425758
1034.000000 143.463797 39.997993 -8304.291114
1035.000000 143.464705 36.997861 -0.000000
1036.000000 143.467147 41.690716 -23480.633019
1037.000000 143.470409 37.796264 -3109.331305
1038.000000 143.476822 41.046022 -15250.327290
1039.000000 143.479551 40.102035 -8401.010321
1040.000000 143.487959 37.395640 -1543.291704
1041.000000 143.490509 38.539175 -4328.877104
1042.000000 143.495365 39.216332 -4937.716555
1043.000000 143.499452 40.212027 -8303.342147
1044.000000 143.519792 41.136223 -15411.124257
1045.000000 143.521494 38.646956 -4077.328449
1046.000000 143.535569 40.320863 -8504.368067
1047.000000 143.535903 40.782261 -11860.266991
1048.000000 143.536299 39.432298 -4902.016739
1049.000000 143.536684 37.507833 -1554.665652
1050.000000 143.542540 41.514672 -19079.330850
1051.000000 143.551036 38.041108 -3081.474238
1052.000000 143.552480 38.754736 -3825.779795
1053.000000 143.563029 41.232739 -15624.842429
1054.000000 143.567582 39.644848 -4939.499223
1055.000000 143.569652 40.421955 -8536.865422
1056.000000 143.582600 38.864057 -3825.779795
1057.000000 143.588801 37.635885 -1554.665652
1058.000000 143.591619 37.230923 -0.000000
1059.000000 143.598977 39.855165 -5054.959672
1060.000000 143.601523 38.282277 -3053.617172
1061.000000 143.603736 40.523047 -8569.362776
1062.000000 143.607892 38.973749 -3771.338738
1063.000000 143.618907 41.336249 -15815.041329
1064.000000 143.621709 40.978102 -12152.717397
1065.000000 143.630484 40.063249 -5248.398085
1066.000000 143.633184 39.083440 -3716.897681
1067.000000 143.637819 40.624140 -8601.860131
1068.000000 143.640918 37.763937 -1554.665652
1069.000000 143.654485 38.514435 -2802.068518
1070.000000 143.658476 39.193132 -3662.456623
1071.000000 143.674785 41.439758 -16005.240229
1072.000000 143.680321 40.268382 -5377.614646
1073.000000 143.680655 40.729780 -8733.513571
1074.000000 143.685016 39.303173 -3662.456623
1075.000000 143.693034 37.891990 -1554.665652
1076.000000 143.700658 39.409448 -3681.197865
1077.000000 143.707192 37.475507 -0.000000
1078.000000 143.707915 41.164819 -12527.232536
1079.000000 143.715591 38.731537 -2550.519864
1080.000000 143.716299 39.515723 -3699.939107
1081.000000 143.721544 38.008781 -1526.808586
1082.000000 143.723625 40.819981 -8894.310538
1083.000000 143.730663 41.543268 -16195.439129
1084.000000 143.731941 39.621998 -3718.680349
1085.000000 143.743521 38.133159 -1526.808586
1086.000000 143.744830 39.733295 -3718.680349
1087.000000 143.748488 40.470567 -5442.609356
1088.000000 143.760583 39.837337 -3815.399556
1089.000000 143.765499 38.257537 -1526.808586
1090.000000 143.766595 40.910182 -9055.107504
1091.000000 143.771003 38.950549 -2496.078806
1092.000000 143.776336 39.941378 -3912.118762
1093.000000 143.787476 38.381915 -1526.808586
1094.000000 143.792090 40.045420 -4008.837969
1095.000000 143.805110 40.143600 -4008.837969
1096.000000 143.807030 41.364845 -12931.149608
1097.000000 143.809566 41.000384 -9215.904471
1098.000000 143.811426 37.731611 -0.000000
1099.000000 143.818461 38.489695 -1275.259932
1100.000000 143.822835 39.170282 -2441.637749
1101.000000 143.825541 40.661860 -5635.903678
1102.000000 143.839194 40.244692 -4041.335323
1103.000000 143.848581 38.599016 -1275.259932
1104.000000 143.852802 41.096899 -9429.622644
1105.000000 143.865017 39.386597 -2460.378991
1106.000000 143.873277 40.345784 -4073.832678
1107.000000 143.878702 38.708337 -1275.259932
1108.000000 143.885520 37.984041 -0.000000
1109.000000 143.893547 39.604169 -2479.120233
1110.000000 143.896038 41.193415 -9643.340816
1111.000000 143.907361 40.446876 -4106.330033
1112.000000 143.908822 38.817658 -1275.259932
1113.000000 143.911482 40.842263 -5957.497612
1114.000000 143.922189 39.819508 -2575.839439
1115.000000 143.929474 38.232797 -0.000000
1116.000000 143.934114 38.927350 -1220.818874
1117.000000 143.936257 40.528600 -4106.330033
1118.000000 143.939274 41.289931 -9857.058988
1119.000000 143.950963 40.021730 -2672.558646
1120.000000 143.960654 39.037390 -1220.818874
1121.000000 143.979227 40.618801 -4267.127000
1122.000000 143.981572 38.466496 -0.000000
1123.000000 143.987194 39.147431 -1220.818874
1124.000000 143.995152 41.393441 -10047.257888
1125.000000 143.997688 41.028980 -6332.012751
1126.000000 143.998067 40.221002 -2705.056001
1127.000000 144.013734 39.257472 -1220.818874
1128.000000 144.022197 40.709003 -4427.923967
1129.000000 144.029375 39.363747 -1239.560116
1130.000000 144.041813 38.685137 -0.000000
1131.000000 144.042264 39.475044 -1239.560116
1132.000000 144.055153 39.586341 -1239.560116
1133.000000 144.061046 40.403817 -2737.553355
1134.000000 144.065167 40.799204 -4588.720934
1135.000000 144.068042 39.697638 -1239.560116
1136.000000 144.083795 39.801680 -1336.279323
1137.000000 144.084161 41.222011 -6759.449095
1138.000000 144.096815 39.899860 -1336.279323
1139.000000 144.098473 38.904499 -0.000000
1140.000000 144.109836 39.998039 -1336.279323
1141.000000 144.112578 40.879144 -4588.720934
1142.000000 144.122856 40.096219 -1336.279323
1143.000000 144.132913 40.575742 -2898.350322
1144.000000 144.133094 40.954643 -4588.720934
1145.000000 144.151553 39.124580 -0.000000
1146.000000 144.156940 40.197311 -1368.776678
1147.000000 144.176330 41.051158 -4802.439106
1148.000000 144.185836 40.279035 -1368.776678
1149.000000 144.190981 39.345918 -0.000000
1150.000000 144.214732 40.360758 -1368.776678
1151.000000 144.216759 39.568513 -0.000000
1152.000000 144.219567 41.147674 -5016.157278
1153.000000 144.223294 40.745884 -3059.147289
1154.000000 144.242668 39.777990 -0.000000
1155.000000 144.243628 40.442482 -1368.776678
1156.000000 144.262803 41.244190 -5229.875450
1157.000000 144.268709 39.974349 -0.000000
1158.000000 144.286598 40.532683 -1529.573645
1159.000000 144.291220 40.901323 -3059.147289
1160.000000 144.310625 40.154252 -0.000000
1161.000000 144.334009 40.612624 -1529.573645
1162.000000 144.354972 41.073337 -3272.865461
1163.000000 144.368417 40.317699 -0.000000
1164.000000 144.381420 40.692564 -1529.573645
1165.000000 144.428831 40.772504 -1529.573645
1166.000000 144.444724 40.479363 -0.000000
1167.000000 144.449347 40.848003 -1529.573645
1168.000000 144.469862 40.923501 -1529.573645
1169.000000 144.490378 40.998999 -1529.573645
1170.000000 144.533614 41.095515 -1743.291817
1171.000000 144.539546 40.639244 -0.000000
1172.000000 144.607473 40.794683 -0.000000
1173.000000 144.648504 40.945680 -0.000000
