1 17 927 936
2 26 979 984
3 35 1094 1059
4 30 909 906
5 15 816 844
6 77 1495 1519
7 74 1387 1442
8 60 1151 1227
9 197 900 904
10 94 1862 1859
11 144 2261 2265
12 181 1732 1721
13 209 726 732
14 179 1770 1755
15 209 740 741
16 203 775 786
17 206 767 766
18 206 752 759
19 195 1022 1067
20 200 824 839
21 191 1255 1265
22 83 1599 1620
23 81 1419 1376
24 81 1422 1440
25 89 1715 1709
26 191 1265 1316
27 12 822 858
28 209 732 740
29 62 1388 1332
30 11 942 940
31 14 977 935
32 17 1037 980
33 5 948 908
34 11 1024 976
35 116 2132 2137
36 47 1284 1290
37 64 1540 1541
38 61 1555 1550
39 104 1966 1963
40 107 2003 2017
41 96 1774 1765
42 83 1613 1599
43 98 1865 1866
44 98 1876 1865
45 107 2029 2015
46 116 2159 2132
47 129 2251 2210
48 124 2458 2472
49 136 2513 2526
50 155 2223 2239
51 140 2408 2445
52 164 2054 2041
53 154 2378 2398
54 152 2368 2326
55 145 2484 2480
56 140 2415 2375
57 167 1997 1983
58 178 1817 1801
59 189 1400 1411
60 161 2099 2104
61 167 1995 2013
62 166 2061 2046
63 161 2134 2116
64 199 810 811
65 212 714 708
66 213 719 720
67 212 707 714
68 210 737 745
69 198 883 920
70 204 789 788
71 207 761 770
72 204 784 789
73 206 759 767
74 200 806 824
75 197 907 947
76 194 1058 1101
77 192 1218 1276
78 197 947 970
79 188 1441 1449
80 185 1608 1641
81 187 1515 1492
82 188 1476 1441
83 184 1632 1638
84 185 1588 1608
85 195 1016 1022
86 192 1203 1218
87 182 1730 1707
88 186 1557 1611
89 122 2262 2232
90 70 1554 1612
91 75 1246 1302
92 89 1709 1723
93 89 1723 1733
94 71 1457 1450
95 71 1415 1467
96 58 1583 1627
97 65 1384 1429
98 72 1220 1279
99 54 1106 1173
100 63 1128 1193
101 73 1580 1590
102 71 1369 1415
103 65 1381 1326
104 64 1591 1540
105 53 1334 1402
106 59 1482 1414
107 68 1390 1344
108 67 1579 1525
109 69 1247 1179
110 71 1450 1404
111 77 1453 1495
112 68 1352 1396
113 69 1196 1252
114 41 1181 1194
115 56 1350 1356
116 56 1356 1408
117 35 1072 1129
118 39 972 1011
119 51 1083 1150
120 47 1413 1348
121 50 1445 1379
122 30 911 909
123 35 1129 1186
124 39 1001 954
125 32 1115 1055
126 33 914 874
127 36 950 905
128 21 828 857
129 32 1069 1115
130 8 966 933
131 23 961 964
132 6 814 834
133 6 830 808
134 7 1205 1138
135 4 1175 1112
136 16 1177 1180
137 14 925 975
138 9 863 861
139 14 1032 977
140 19 1192 1197
141 17 936 982
142 26 1018 979
143 20 949 994
144 25 1231 1238
145 22 1204 1214
146 11 1038 1030
147 17 1039 1037
148 5 996 948
149 8 1014 966
150 11 1030 1024
151 20 1049 1047
152 23 1064 1063
153 26 1080 1078
154 29 1104 1098
155 37 1405 1417
156 29 1109 1104
157 44 1234 1244
158 34 1389 1343
159 40 1461 1475
160 37 1417 1484
161 38 1135 1212
162 37 1448 1405
163 40 1475 1539
164 41 1194 1278
165 48 1118 1108
166 50 1393 1458
167 51 1147 1139
168 53 1466 1470
169 51 1150 1147
170 56 1471 1403
171 49 1640 1592
172 43 1518 1586
173 98 1890 1876
174 101 1918 1915
175 102 1871 1858
176 101 1929 1918
177 104 1963 1971
178 101 1915 1924
179 110 2085 2060
180 100 1975 1989
181 91 1814 1826
182 101 1946 1929
183 88 1767 1778
184 85 1737 1729
185 95 1808 1821
186 95 1806 1808
187 86 1669 1665
188 82 1702 1693
189 77 1519 1509
190 55 1603 1644
191 52 1655 1605
192 80 1595 1578
193 80 1570 1595
194 82 1693 1701
195 90 1671 1657
196 89 1728 1715
197 91 1818 1814
198 85 1741 1754
199 113 2113 2100
200 114 2040 2021
201 116 2213 2193
202 108 1964 1953
203 110 2087 2097
204 100 1989 2004
205 111 2009 2000
206 113 2136 2155
207 103 2048 2069
208 106 2107 2133
209 119 2225 2267
210 119 2267 2197
211 109 2167 2203
212 115 2322 2382
213 117 2057 2088
214 135 2313 2304
215 122 2335 2324
216 123 2139 2156
217 117 2088 2081
218 120 2090 2105
219 131 2371 2376
220 122 2298 2344
221 122 2256 2298
222 131 2412 2371
223 125 2318 2359
224 122 2344 2335
225 128 2430 2420
226 128 2401 2430
227 131 2419 2450
228 143 2429 2437
229 140 2445 2449
230 134 2431 2467
231 156 2175 2147
232 148 2492 2460
233 150 2222 2184
234 149 2400 2354
235 135 2311 2313
236 130 2522 2506
237 139 2509 2507
238 136 2527 2514
239 130 2508 2524
240 131 2376 2380
241 141 2271 2228
242 138 2302 2257
243 146 2377 2334
244 141 2218 2271
245 147 2236 2198
246 155 2277 2223
247 149 2312 2299
248 149 2354 2312
249 157 2317 2293
250 152 2326 2275
251 151 2427 2418
252 151 2471 2427
253 175 1873 1857
254 167 2006 1997
255 176 1825 1810
256 176 1846 1825
257 173 1877 1868
258 173 1901 1877
259 185 1651 1626
260 185 1641 1660
261 185 1660 1651
262 179 1791 1770
263 181 1756 1732
264 182 1740 1730
265 176 1827 1843
266 173 1882 1897
267 170 1939 1957
268 161 2104 2123
269 174 1870 1856
270 171 1906 1905
271 173 1897 1901
272 170 1958 1943
273 170 1957 1958
274 161 2116 2099
275 158 2173 2160
276 155 2306 2321
277 166 2080 2061
278 160 2211 2189
279 161 2123 2142
280 158 2192 2216
281 18 817 840
282 27 865 895
283 32 1013 1069
284 29 1042 997
285 18 840 813
286 80 1578 1526
287 75 1302 1293
288 63 1190 1134
289 201 815 833
290 91 1826 1840
291 143 2403 2355
292 182 1703 1722
293 211 709 710
294 180 1731 1752
295 206 760 753
296 205 763 762
297 203 785 782
298 208 735 736
299 197 970 965
300 199 856 829
301 194 1101 1141
302 84 1517 1523
303 77 1423 1453
304 84 1508 1474
305 86 1678 1692
306 193 1191 1176
307 15 843 818
308 208 736 729
309 59 1368 1406
310 9 827 863
311 11 940 981
312 13 1166 1168
313 2 891 931
314 7 1138 1140
315 114 2034 2062
316 48 1062 1118
317 62 1380 1428
318 59 1406 1464
319 101 1924 1940
320 108 1961 1964
321 92 1760 1772
322 80 1537 1570
323 95 1821 1834
324 94 1859 1872
325 103 2031 2048
326 113 2100 2136
327 125 2310 2318
328 125 2359 2387
329 137 2461 2463
330 156 2151 2162
331 143 2437 2403
332 162 2032 2050
333 155 2282 2306
334 148 2460 2455
335 143 2390 2429
336 137 2389 2422
337 165 1988 1998
338 176 1819 1827
339 192 1276 1308
340 162 2050 2065
341 169 2010 1994
342 164 2039 2055
343 158 2160 2164
344 203 786 793
345 209 728 727
346 209 734 728
347 211 710 706
348 209 741 734
349 201 833 831
350 200 819 805
351 206 766 760
352 203 792 785
353 205 762 758
354 203 793 792
355 199 864 856
356 196 999 991
357 194 1141 1127
358 196 991 958
359 191 1316 1358
360 188 1534 1520
361 188 1449 1499
362 189 1411 1451
363 188 1499 1534
364 189 1451 1496
365 198 920 952
366 195 1067 1100
367 179 1755 1762
368 189 1496 1485
369 119 2183 2225
370 71 1467 1457
371 78 1333 1267
372 90 1682 1681
373 93 1736 1724
374 70 1597 1554
375 74 1486 1424
376 59 1464 1477
377 68 1439 1390
378 75 1293 1229
379 57 1202 1121
380 66 1217 1142
381 74 1442 1486
382 72 1279 1268
383 62 1317 1380
384 61 1550 1604
385 54 1173 1171
386 55 1598 1603
387 65 1331 1384
388 64 1541 1585
389 68 1344 1352
390 67 1528 1538
391 81 1440 1419
392 69 1252 1247
393 72 1268 1209
394 42 1008 1056
395 57 1136 1202
396 60 1239 1235
397 39 1011 1001
398 42 1043 992
399 54 1171 1090
400 43 1510 1518
401 46 1558 1564
402 32 1055 1005
403 38 1253 1170
404 35 1059 1072
405 31 1270 1274
406 32 1005 1006
407 32 1006 1013
408 24 872 832
409 35 1165 1094
410 5 916 960
411 24 838 875
412 9 853 823
413 2 879 891
414 4 1117 1189
415 1 1099 1164
416 17 982 1039
417 15 844 843
418 11 976 942
419 13 1169 1166
420 20 994 1049
421 21 857 855
422 23 964 1009
423 24 875 872
424 26 1027 1080
425 23 1009 1064
426 13 1250 1169
427 16 1263 1177
428 1 1088 1099
429 4 1112 1117
430 10 1233 1153
431 19 1277 1192
432 22 1285 1204
433 25 1301 1231
434 28 1320 1254
435 38 1212 1275
436 31 1345 1270
437 45 1026 1079
438 31 1291 1363
439 41 1278 1338
440 41 1338 1314
441 42 1056 1043
442 34 1359 1418
443 44 1382 1372
444 45 1079 1071
445 47 1348 1284
446 53 1470 1397
447 50 1379 1313
448 55 1648 1594
449 53 1397 1329
450 55 1594 1598
451 46 1564 1629
452 47 1421 1413
453 97 1911 1913
454 98 1875 1892
455 98 1866 1875
456 97 1913 1927
457 105 1921 1926
458 102 1880 1884
459 106 2093 2107
460 101 1940 1946
461 92 1782 1783
462 100 1974 1975
463 89 1733 1739
464 82 1701 1717
465 96 1789 1788
466 92 1772 1782
467 83 1620 1642
468 79 1670 1690
469 76 1649 1621
470 59 1477 1482
471 49 1592 1650
472 79 1675 1662
473 83 1643 1613
474 83 1642 1656
475 86 1665 1678
476 85 1729 1741
477 88 1778 1794
478 89 1739 1728
479 110 2063 2087
480 110 2051 2063
481 115 2346 2322
482 107 2015 2003
483 113 2140 2113
484 104 1996 1979
485 110 2060 2051
486 116 2193 2159
487 107 2047 2029
488 110 2097 2085
489 122 2324 2262
490 118 2364 2374
491 113 2155 2140
492 116 2226 2213
493 120 2105 2070
494 134 2426 2399
495 121 2454 2425
496 126 2204 2169
497 119 2197 2161
498 123 2145 2115
499 129 2221 2274
500 125 2387 2332
501 126 2219 2204
502 128 2352 2401
503 129 2264 2251
504 124 2481 2447
505 127 2504 2488
506 131 2444 2412
507 134 2462 2426
508 145 2505 2484
509 142 2521 2499
510 137 2463 2428
511 152 2275 2263
512 145 2477 2500
513 146 2330 2327
514 145 2480 2477
515 137 2428 2393
516 127 2495 2518
517 137 2422 2461
518 133 2520 2529
519 134 2468 2462
520 132 2243 2287
521 140 2375 2369
522 137 2393 2389
523 143 2355 2390
524 144 2265 2215
525 146 2334 2330
526 152 2263 2301
527 150 2178 2217
528 146 2327 2365
529 155 2239 2282
530 149 2299 2340
531 152 2301 2356
532 148 2455 2482
533 173 1874 1882
534 164 2041 2039
535 177 1787 1805
536 173 1868 1874
537 174 1831 1855
538 170 1920 1928
539 183 1674 1680
540 184 1679 1658
541 182 1707 1699
542 176 1810 1819
543 178 1785 1793
544 178 1801 1785
545 178 1822 1817
546 175 1883 1873
547 172 1948 1935
548 164 2074 2071
549 170 1933 1920
550 170 1943 1933
551 172 1935 1922
552 167 1983 1985
553 169 1994 1981
554 159 2083 2103
555 156 2130 2151
556 154 2424 2378
557 163 2114 2117
558 158 2164 2192
559 163 2152 2128
560 160 2248 2211
561 262 847 887
562 277 899 945
563 314 1025 1046
564 282 993 951
565 243 841 842
566 430 1560 1543
567 387 1353 1398
568 332 1200 1216
569 256 835 871
570 523 1838 1848
571 645 2360 2316
572 490 1708 1716
573 217 716 724
574 498 1742 1746
575 225 754 747
576 230 771 776
577 233 781 773
578 224 744 751
579 293 1004 1031
580 249 850 846
581 348 1149 1211
582 447 1553 1584
583 410 1409 1394
584 413 1491 1462
585 483 1691 1700
586 351 1236 1282
587 247 848 854
588 221 738 739
589 400 1355 1346
590 271 862 896
591 288 939 937
592 319 1092 1035
593 278 898 903
594 313 1077 1023
595 588 2067 2102
596 346 1126 1207
597 419 1431 1489
598 429 1452 1504
599 549 1937 1949
600 560 1976 1993
601 502 1761 1763
602 451 1556 1574
603 522 1836 1850
604 530 1861 1863
605 574 2025 2019
606 601 2111 2121
607 640 2276 2240
608 676 2402 2436
609 695 2489 2512
610 616 2177 2205
611 671 2439 2442
612 578 2036 2037
613 656 2325 2358
614 673 2421 2373
615 684 2423 2451
616 674 2386 2379
617 562 1987 1986
618 514 1816 1804
619 390 1321 1371
620 584 2066 2084
621 561 2011 2012
622 579 2043 2044
623 603 2143 2127
624 240 794 800
625 218 721 715
626 219 730 725
627 214 711 712
628 222 742 743
629 253 867 890
630 238 804 797
631 229 768 769
632 235 791 790
633 228 764 765
634 239 799 807
635 260 882 915
636 299 1028 1066
637 340 1183 1230
638 281 985 978
639 401 1370 1410
640 446 1572 1617
641 428 1463 1480
642 415 1420 1427
643 450 1549 1602
644 442 1505 1552
645 290 955 989
646 334 1111 1155
647 493 1743 1726
648 431 1524 1567
649 629 2196 2214
650 426 1513 1561
651 361 1319 1310
652 481 1696 1710
653 488 1735 1734
654 426 1551 1503
655 407 1481 1472
656 435 1516 1573
657 398 1437 1434
658 352 1286 1283
659 326 1195 1182
660 330 1208 1198
661 439 1497 1545
662 382 1328 1374
663 396 1322 1324
664 453 1547 1542
665 360 1259 1337
666 441 1535 1479
667 398 1335 1340
668 449 1536 1531
669 377 1292 1237
670 425 1494 1447
671 410 1455 1478
672 377 1305 1354
673 349 1262 1258
674 324 1061 1119
675 369 1215 1289
676 376 1300 1361
677 301 1052 1085
678 291 1029 1019
679 316 1163 1156
680 416 1456 1401
681 427 1500 1438
682 283 1002 956
683 337 1232 1210
684 301 1017 986
685 345 1188 1114
686 284 959 913
687 289 967 941
688 250 869 866
689 314 1145 1131
690 285 919 923
691 274 878 918
692 246 845 837
693 254 851 826
694 347 1125 1130
695 342 1102 1107
696 321 1041 1103
697 263 885 928
698 271 938 894
699 318 1093 1034
700 323 1054 1116
701 266 893 943
702 298 968 971
703 273 910 953
704 335 1086 1152
705 328 1068 1132
706 320 1161 1089
707 321 1174 1096
708 305 1040 990
709 309 1060 1010
710 317 1148 1084
711 323 1187 1110
712 328 1201 1124
713 335 1225 1143
714 343 1249 1167
715 388 1288 1357
716 344 1264 1178
717 336 1087 1158
718 394 1306 1323
719 402 1351 1412
720 392 1385 1430
721 315 1095 1146
722 409 1375 1391
723 408 1433 1490
724 329 1137 1206
725 346 1271 1184
726 399 1465 1460
727 356 1307 1226
728 437 1600 1530
729 357 1325 1240
730 438 1527 1469
731 462 1571 1581
732 416 1483 1532
733 537 1899 1888
734 538 1889 1900
735 529 1864 1860
736 545 1916 1917
737 548 1936 1952
738 536 1896 1909
739 589 2082 2072
740 551 1959 1972
741 508 1797 1811
742 551 1962 1945
743 497 1750 1766
744 489 1713 1720
745 509 1800 1809
746 507 1784 1798
747 471 1635 1652
748 480 1677 1685
749 448 1616 1562
750 441 1533 1593
751 469 1596 1601
752 461 1654 1623
753 451 1630 1618
754 475 1666 1683
755 476 1663 1659
756 492 1725 1718
757 511 1792 1802
758 492 1744 1749
759 591 2075 2089
760 577 2042 2030
761 636 2294 2242
762 560 1992 1973
763 591 2125 2112
764 559 1999 2002
765 573 2038 2020
766 601 2179 2165
767 574 2053 2059
768 589 2110 2122
769 629 2305 2286
770 650 2314 2255
771 606 2171 2185
772 636 2285 2336
773 580 2098 2094
774 660 2388 2347
775 666 2416 2370
776 605 2186 2172
777 596 2154 2118
778 592 2131 2120
779 651 2279 2328
780 647 2372 2361
781 626 2246 2273
782 672 2362 2366
783 640 2297 2329
784 670 2441 2394
785 685 2483 2452
786 672 2440 2435
787 675 2459 2456
788 684 2487 2466
789 689 2501 2479
790 678 2464 2465
791 620 2220 2180
792 698 2474 2469
793 637 2280 2227
794 680 2443 2404
795 659 2395 2351
796 701 2498 2502
797 693 2457 2485
798 705 2519 2516
799 694 2490 2511
800 654 2291 2338
801 649 2331 2281
802 658 2349 2307
803 667 2348 2342
804 621 2268 2270
805 639 2290 2244
806 641 2250 2237
807 635 2212 2258
808 662 2320 2315
809 643 2260 2278
810 653 2292 2284
811 668 2345 2384
812 688 2446 2438
813 531 1869 1867
814 569 2024 2008
815 513 1795 1803
816 526 1851 1842
817 527 1845 1853
818 540 1904 1893
819 473 1661 1645
820 468 1672 1668
821 477 1694 1673
822 512 1796 1780
823 503 1769 1751
824 499 1777 1753
825 514 1828 1833
826 531 1891 1895
827 546 1950 1951
828 586 2092 2106
829 533 1908 1881
830 542 1932 1919
831 539 1923 1910
832 557 1968 1956
833 556 1982 1969
834 593 2091 2095
835 607 2141 2149
836 656 2396 2357
837 590 2096 2079
838 618 2174 2182
839 598 2148 2144
840 618 2234 2224
841 245 821 849
842 255 870 902
843 289 950 995
844 302 1027 988
845 262 927 884
846 457 1633 1589
847 391 1416 1407
848 362 1317 1273
849 244 819 836
850 517 1823 1835
851 671 2408 2363
852 478 1679 1697
853 216 722 723
854 487 1705 1727
855 229 761 755
856 231 778 777
857 235 784 780
858 223 749 750
859 296 1053 1044
860 260 907 876
861 325 1123 1160
862 443 1566 1575
863 397 1333 1367
864 433 1537 1502
865 476 1671 1688
866 359 1304 1295
867 263 925 888
868 224 752 746
869 378 1239 1296
870 248 825 860
871 269 859 892
872 318 1032 1033
873 254 830 868
874 312 1020 1021
875 575 2049 2073
876 310 1073 1133
877 396 1381 1432
878 400 1388 1444
879 543 1914 1934
880 554 1978 1990
881 495 1736 1748
882 433 1508 1546
883 516 1824 1839
884 520 1832 1847
885 566 1996 2005
886 583 2052 2086
887 634 2219 2230
888 663 2381 2411
889 693 2509 2510
890 607 2173 2188
891 686 2497 2475
892 568 2007 2023
893 643 2317 2337
894 677 2391 2383
895 667 2377 2417
896 658 2302 2343
897 558 1960 1970
898 512 1791 1799
899 373 1297 1336
900 578 2054 2068
901 571 2045 2028
902 569 2006 2026
903 600 2119 2124
904 236 787 795
905 219 719 717
906 222 737 731
907 217 726 718
908 226 756 748
909 256 900 897
910 244 815 803
911 232 779 774
912 239 806 798
913 230 775 772
914 240 810 809
915 265 922 917
916 304 1082 1075
917 348 1255 1242
918 299 1058 1012
919 384 1347 1377
920 450 1632 1625
921 406 1386 1426
922 395 1349 1392
923 428 1515 1559
924 415 1476 1511
925 276 932 963
926 311 1081 1120
927 491 1714 1719
928 442 1588 1577
929 609 2145 2176
930 432 1576 1568
931 397 1423 1373
932 482 1712 1711
933 495 1760 1747
934 452 1582 1544
935 439 1580 1522
936 429 1555 1565
937 420 1528 1487
938 387 1387 1341
939 369 1350 1272
940 368 1331 1269
941 414 1459 1506
942 383 1383 1378
943 362 1190 1261
944 423 1436 1493
945 364 1342 1339
946 438 1471 1473
947 368 1217 1281
948 421 1435 1488
949 371 1219 1228
950 420 1439 1443
951 417 1512 1498
952 380 1365 1360
953 382 1369 1312
954 297 1015 1065
955 333 1154 1224
956 378 1368 1364
957 308 1122 1105
958 315 1135 1076
959 360 1334 1251
960 412 1382 1395
961 422 1421 1425
962 306 1050 1000
963 379 1359 1287
964 295 962 969
965 344 1109 1113
966 283 911 912
967 284 914 921
968 273 949 901
969 355 1291 1213
970 261 853 886
971 252 852 881
972 261 916 877
973 251 812 820
974 309 1014 1070
975 305 996 1051
976 292 987 1045
977 264 930 929
978 286 974 934
979 320 1038 1036
980 294 1003 1057
981 272 946 944
982 275 889 926
983 274 961 957
984 302 1042 1091
985 298 1018 1074
986 358 1241 1159
987 363 1257 1172
988 300 973 983
989 307 998 1007
990 353 1223 1144
991 367 1266 1185
992 370 1280 1199
993 375 1294 1221
994 381 1309 1243
995 354 1245 1303
996 386 1330 1260
997 303 1048 1097
998 355 1165 1248
999 374 1299 1362
1000 402 1461 1446
1001 324 1181 1162
1002 379 1253 1327
1003 412 1510 1501
1004 336 1234 1222
1005 385 1318 1256
1006 440 1610 1529
1007 393 1366 1298
1008 467 1653 1606
1009 399 1393 1315
1010 437 1466 1468
1011 427 1445 1514
1012 422 1558 1548
1013 535 1885 1887
1014 529 1871 1886
1015 524 1841 1849
1016 537 1890 1902
1017 544 1938 1947
1018 532 1898 1907
1019 581 2047 2056
1020 549 1966 1967
1021 507 1806 1807
1022 550 1941 1944
1023 494 1759 1764
1024 479 1689 1704
1025 510 1815 1813
1026 502 1774 1786
1027 456 1607 1631
1028 472 1643 1667
1029 465 1634 1609
1030 435 1583 1587
1031 434 1454 1521
1032 474 1664 1646
1033 472 1670 1647
1034 471 1669 1676
1035 466 1622 1639
1036 486 1698 1706
1037 504 1775 1790
1038 497 1767 1757
1039 577 2040 2064
1040 573 2009 2022
1041 652 2300 2272
1042 563 1991 1980
1043 606 2167 2138
1044 566 2031 2018
1045 576 2033 2027
1046 622 2247 2201
1047 581 2093 2077
1048 597 2153 2135
1049 661 2392 2339
1050 644 2226 2241
1051 612 2229 2206
1052 644 2364 2350
1053 599 2170 2129
1054 675 2419 2385
1055 681 2432 2405
1056 626 2256 2208
1057 615 2181 2146
1058 609 2183 2150
1059 625 2231 2283
1060 676 2458 2414
1061 634 2310 2289
1062 646 2264 2319
1063 646 2352 2341
1064 690 2473 2433
1065 699 2496 2476
1066 687 2495 2470
1067 694 2508 2486
1068 700 2517 2493
1069 702 2523 2503
1070 695 2513 2491
1071 627 2194 2187
1072 680 2400 2434
1073 639 2236 2233
1074 683 2413 2409
1075 678 2431 2397
1076 687 2444 2478
1077 674 2415 2453
1078 697 2468 2494
1079 697 2520 2515
1080 630 2254 2296
1081 655 2295 2288
1082 659 2311 2308
1083 645 2261 2303
1084 648 2367 2323
1085 642 2253 2249
1086 620 2175 2202
1087 611 2168 2207
1088 637 2222 2269
1089 623 2200 2235
1090 631 2199 2238
1091 641 2277 2333
1092 673 2368 2406
1093 526 1846 1854
1094 570 2016 2014
1095 501 1758 1779
1096 519 1820 1829
1097 515 1812 1830
1098 533 1870 1878
1099 470 1628 1636
1100 478 1703 1687
1101 484 1695 1686
1102 505 1768 1776
1103 499 1740 1745
1104 506 1781 1771
1105 518 1852 1844
1106 534 1912 1903
1107 552 1977 1965
1108 587 2114 2109
1109 542 1906 1894
1110 547 1942 1931
1111 546 1939 1925
1112 555 1954 1955
1113 561 1995 1984
1114 582 2058 2078
1115 595 2108 2126
1116 679 2448 2407
1117 587 2074 2076
1118 603 2134 2157
1119 610 2195 2166
1120 638 2309 2266
1121 262 887 927
1122 277 945 979
1123 314 1046 1094
1124 282 951 909
1125 243 842 816
1126 430 1543 1495
1127 387 1398 1387
1128 332 1216 1151
1129 256 871 900
1130 523 1848 1862
1131 645 2316 2261
1132 490 1716 1732
1133 217 724 726
1134 498 1746 1770
1135 225 747 740
1136 230 776 775
1137 233 773 767
1138 224 751 752
1139 293 1031 1022
1140 249 846 824
1141 348 1211 1255
1142 447 1584 1599
1143 410 1394 1419
1144 413 1462 1422
1145 483 1700 1715
1146 351 1282 1265
1147 247 854 822
1148 221 739 732
1149 400 1346 1388
1150 271 896 942
1151 288 937 977
1152 319 1035 1037
1153 278 903 948
1154 313 1023 1024
1155 588 2102 2132
1156 346 1207 1284
1157 419 1489 1540
1158 429 1504 1555
1159 549 1949 1966
1160 560 1993 2003
1161 502 1763 1774
1162 451 1574 1613
1163 522 1850 1865
1164 530 1863 1876
1165 574 2019 2029
1166 601 2121 2159
1167 640 2240 2251
1168 676 2436 2458
1169 695 2512 2513
1170 616 2205 2223
1171 671 2442 2408
1172 578 2037 2054
1173 656 2358 2378
1174 673 2373 2368
1175 684 2451 2484
1176 674 2379 2415
1177 562 1986 1997
1178 514 1804 1817
1179 390 1371 1400
1180 584 2084 2099
1181 561 2012 1995
1182 579 2044 2061
1183 603 2127 2134
1184 240 800 810
1185 218 715 714
1186 219 725 719
1187 214 712 707
1188 222 743 737
1189 253 890 883
1190 238 797 789
1191 229 769 761
1192 235 790 784
1193 228 765 759
1194 239 807 806
1195 260 915 907
1196 299 1066 1058
1197 340 1230 1218
1198 281 978 947
1199 401 1410 1441
1200 446 1617 1608
1201 428 1480 1515
1202 415 1427 1476
1203 450 1602 1632
1204 442 1552 1588
1205 290 989 1016
1206 334 1155 1203
1207 493 1726 1730
1208 431 1567 1557
1209 629 2214 2262
1210 426 1561 1554
1211 361 1310 1246
1212 481 1710 1709
1213 488 1734 1723
1214 426 1503 1457
1215 407 1472 1415
1216 435 1573 1583
1217 398 1434 1384
1218 352 1283 1220
1219 326 1182 1106
1220 330 1198 1128
1221 439 1545 1580
1222 382 1374 1369
1223 396 1324 1381
1224 453 1542 1591
1225 360 1337 1334
1226 441 1479 1482
1227 398 1340 1390
1228 449 1531 1579
1229 377 1237 1247
1230 425 1447 1450
1231 410 1478 1453
1232 377 1354 1352
1233 349 1258 1196
1234 324 1119 1181
1235 369 1289 1350
1236 376 1361 1356
1237 301 1085 1072
1238 291 1019 972
1239 316 1156 1083
1240 416 1401 1413
1241 427 1438 1445
1242 283 956 911
1243 337 1210 1129
1244 301 986 1001
1245 345 1114 1115
1246 284 913 914
1247 289 941 950
1248 250 866 828
1249 314 1131 1069
1250 285 923 966
1251 274 918 961
1252 246 837 814
1253 254 826 830
1254 347 1130 1205
1255 342 1107 1175
1256 321 1103 1177
1257 263 928 925
1258 271 894 863
1259 318 1034 1032
1260 323 1116 1192
1261 266 943 936
1262 298 971 1018
1263 273 953 949
1264 335 1152 1231
1265 328 1132 1204
1266 320 1089 1038
1267 321 1096 1039
1268 305 990 996
1269 309 1010 1014
1270 317 1084 1030
1271 323 1110 1049
1272 328 1124 1064
1273 335 1143 1080
1274 343 1167 1104
1275 388 1357 1405
1276 344 1178 1109
1277 336 1158 1234
1278 394 1323 1389
1279 402 1412 1461
1280 392 1430 1417
1281 315 1146 1135
1282 409 1391 1448
1283 408 1490 1475
1284 329 1206 1194
1285 346 1184 1118
1286 399 1460 1393
1287 356 1226 1147
1288 437 1530 1466
1289 357 1240 1150
1290 438 1469 1471
1291 462 1581 1640
1292 416 1532 1518
1293 537 1888 1890
1294 538 1900 1918
1295 529 1860 1871
1296 545 1917 1929
1297 548 1952 1963
1298 536 1909 1915
1299 589 2072 2085
1300 551 1972 1975
1301 508 1811 1814
1302 551 1945 1946
1303 497 1766 1767
1304 489 1720 1737
1305 509 1809 1808
1306 507 1798 1806
1307 471 1652 1669
1308 480 1685 1702
1309 448 1562 1519
1310 441 1593 1603
1311 469 1601 1655
1312 461 1623 1595
1313 451 1618 1570
1314 475 1683 1693
1315 476 1659 1671
1316 492 1718 1728
1317 511 1802 1818
1318 492 1749 1741
1319 591 2089 2113
1320 577 2030 2040
1321 636 2242 2213
1322 560 1973 1964
1323 591 2112 2087
1324 559 2002 1989
1325 573 2020 2009
1326 601 2165 2136
1327 574 2059 2048
1328 589 2122 2107
1329 629 2286 2225
1330 650 2255 2267
1331 606 2185 2167
1332 636 2336 2322
1333 580 2094 2057
1334 660 2347 2313
1335 666 2370 2335
1336 605 2172 2139
1337 596 2118 2088
1338 592 2120 2090
1339 651 2328 2371
1340 647 2361 2298
1341 626 2273 2256
1342 672 2366 2412
1343 640 2329 2318
1344 670 2394 2344
1345 685 2452 2430
1346 672 2435 2401
1347 675 2456 2419
1348 684 2466 2429
1349 689 2479 2445
1350 678 2465 2431
1351 620 2180 2175
1352 698 2469 2492
1353 637 2227 2222
1354 680 2404 2400
1355 659 2351 2311
1356 701 2502 2522
1357 693 2485 2509
1358 705 2516 2527
1359 694 2511 2508
1360 654 2338 2376
1361 649 2281 2271
1362 658 2307 2302
1363 667 2342 2377
1364 621 2270 2218
1365 639 2244 2236
1366 641 2237 2277
1367 635 2258 2312
1368 662 2315 2354
1369 643 2278 2317
1370 653 2284 2326
1371 668 2384 2427
1372 688 2438 2471
1373 531 1867 1873
1374 569 2008 2006
1375 513 1803 1825
1376 526 1842 1846
1377 527 1853 1877
1378 540 1893 1901
1379 473 1645 1651
1380 468 1668 1641
1381 477 1673 1660
1382 512 1780 1791
1383 503 1751 1756
1384 499 1753 1740
1385 514 1833 1827
1386 531 1895 1882
1387 546 1951 1939
1388 586 2106 2104
1389 533 1881 1870
1390 542 1919 1906
1391 539 1910 1897
1392 557 1956 1958
1393 556 1969 1957
1394 593 2095 2116
1395 607 2149 2173
1396 656 2357 2306
1397 590 2079 2080
1398 618 2182 2211
1399 598 2144 2123
1400 618 2224 2192
1401 245 847 817
1402 255 899 865
1403 289 1025 1013
1404 302 993 1042
1405 262 841 840
1406 457 1560 1578
1407 391 1353 1302
1408 362 1200 1190
1409 244 835 815
1410 517 1838 1826
1411 671 2360 2403
1412 478 1708 1703
1413 216 716 709
1414 487 1742 1731
1415 229 754 760
1416 231 771 763
1417 235 781 785
1418 223 744 735
1419 296 1004 970
1420 260 850 856
1421 325 1149 1101
1422 443 1553 1517
1423 397 1409 1423
1424 433 1491 1508
1425 476 1691 1678
1426 359 1236 1191
1427 263 848 843
1428 224 738 736
1429 378 1355 1368
1430 248 862 827
1431 269 939 940
1432 318 1092 1166
1433 254 898 891
1434 312 1077 1138
1435 575 2067 2034
1436 310 1126 1062
1437 396 1431 1380
1438 400 1452 1406
1439 543 1937 1924
1440 554 1976 1961
1441 495 1761 1760
1442 433 1556 1537
1443 516 1836 1821
1444 520 1861 1859
1445 566 2025 2031
1446 583 2111 2100
1447 634 2276 2310
1448 663 2402 2359
1449 693 2489 2461
1450 607 2177 2151
1451 686 2439 2437
1452 568 2036 2032
1453 643 2325 2282
1454 677 2421 2460
1455 667 2423 2390
1456 658 2386 2389
1457 558 1987 1988
1458 512 1816 1819
1459 373 1321 1276
1460 578 2066 2050
1461 571 2011 2010
1462 569 2043 2039
1463 600 2143 2160
1464 236 794 786
1465 219 721 728
1466 222 730 734
1467 217 711 710
1468 226 742 741
1469 256 867 833
1470 244 804 819
1471 232 768 766
1472 239 791 792
1473 230 764 762
1474 240 799 793
1475 265 882 864
1476 304 1028 999
1477 348 1183 1141
1478 299 985 991
1479 384 1370 1316
1480 450 1572 1534
1481 406 1463 1449
1482 395 1420 1411
1483 428 1549 1499
1484 415 1505 1451
1485 276 955 920
1486 311 1111 1067
1487 491 1743 1755
1488 442 1524 1496
1489 609 2196 2183
1490 432 1513 1467
1491 397 1319 1333
1492 482 1696 1682
1493 495 1735 1736
1494 452 1551 1597
1495 439 1481 1486
1496 429 1516 1464
1497 420 1437 1439
1498 387 1286 1293
1499 369 1195 1202
1500 368 1208 1217
1501 414 1497 1442
1502 383 1328 1279
1503 362 1322 1317
1504 423 1547 1550
1505 364 1259 1173
1506 438 1535 1598
1507 368 1335 1331
1508 421 1536 1541
1509 371 1292 1344
1510 420 1494 1528
1511 417 1455 1440
1512 380 1305 1252
1513 382 1262 1268
1514 297 1061 1008
1515 333 1215 1136
1516 378 1300 1239
1517 308 1052 1011
1518 315 1029 1043
1519 360 1163 1171
1520 412 1456 1510
1521 422 1500 1558
1522 306 1002 1055
1523 379 1232 1253
1524 295 1017 1059
1525 344 1188 1270
1526 283 959 1005
1527 284 967 1006
1528 273 869 872
1529 355 1145 1165
1530 261 919 916
1531 252 878 838
1532 261 845 853
1533 251 851 879
1534 309 1125 1117
1535 305 1102 1099
1536 292 1041 982
1537 264 885 844
1538 286 938 976
1539 320 1093 1169
1540 294 1054 994
1541 272 893 857
1542 275 968 964
1543 274 910 875
1544 302 1086 1027
1545 298 1068 1009
1546 358 1161 1250
1547 363 1174 1263
1548 300 1040 1088
1549 307 1060 1112
1550 353 1148 1233
1551 367 1187 1277
1552 370 1201 1285
1553 375 1225 1301
1554 381 1249 1320
1555 354 1288 1212
1556 386 1264 1345
1557 303 1087 1026
1558 355 1306 1291
1559 374 1351 1278
1560 402 1385 1338
1561 324 1095 1056
1562 379 1375 1359
1563 412 1433 1382
1564 336 1137 1079
1565 385 1271 1348
1566 440 1465 1470
1567 393 1307 1379
1568 467 1600 1648
1569 399 1325 1397
1570 437 1527 1594
1571 427 1571 1564
1572 422 1483 1421
1573 535 1899 1911
1574 529 1889 1875
1575 524 1864 1866
1576 537 1916 1913
1577 544 1936 1921
1578 532 1896 1880
1579 581 2082 2093
1580 549 1959 1940
1581 507 1797 1782
1582 550 1962 1974
1583 494 1750 1733
1584 479 1713 1701
1585 510 1800 1789
1586 502 1784 1772
1587 456 1635 1620
1588 472 1677 1670
1589 465 1616 1649
1590 435 1533 1477
1591 434 1596 1592
1592 474 1654 1675
1593 472 1630 1643
1594 471 1666 1642
1595 466 1663 1665
1596 486 1725 1729
1597 504 1792 1778
1598 497 1744 1739
1599 577 2075 2063
1600 573 2042 2051
1601 652 2294 2346
1602 563 1992 2015
1603 606 2125 2140
1604 566 1999 1996
1605 576 2038 2060
1606 622 2179 2193
1607 581 2053 2047
1608 597 2110 2097
1609 661 2305 2324
1610 644 2314 2364
1611 612 2171 2155
1612 644 2285 2226
1613 599 2098 2105
1614 675 2388 2426
1615 681 2416 2454
1616 626 2186 2204
1617 615 2154 2197
1618 609 2131 2145
1619 625 2279 2221
1620 676 2372 2387
1621 634 2246 2219
1622 646 2362 2352
1623 646 2297 2264
1624 690 2441 2481
1625 699 2483 2504
1626 687 2440 2444
1627 694 2459 2462
1628 700 2487 2505
1629 702 2501 2521
1630 695 2464 2463
1631 627 2220 2275
1632 680 2474 2477
1633 639 2280 2330
1634 683 2443 2480
1635 678 2395 2428
1636 687 2498 2495
1637 674 2457 2422
1638 697 2519 2520
1639 697 2490 2468
1640 630 2291 2243
1641 655 2331 2375
1642 659 2349 2393
1643 645 2348 2355
1644 648 2268 2265
1645 642 2290 2334
1646 620 2250 2263
1647 611 2212 2178
1648 637 2320 2327
1649 623 2260 2239
1650 631 2292 2299
1651 641 2345 2301
1652 673 2446 2455
1653 526 1869 1874
1654 570 2024 2041
1655 501 1795 1787
1656 519 1851 1868
1657 515 1845 1831
1658 533 1904 1920
1659 470 1661 1674
1660 478 1672 1679
1661 484 1694 1707
1662 505 1796 1810
1663 499 1769 1785
1664 506 1777 1801
1665 518 1828 1822
1666 534 1891 1883
1667 552 1950 1948
1668 587 2092 2074
1669 542 1908 1933
1670 547 1932 1943
1671 546 1923 1935
1672 555 1968 1983
1673 561 1982 1994
1674 582 2091 2083
1675 595 2141 2130
1676 679 2396 2424
1677 587 2096 2114
1678 603 2174 2164
1679 610 2148 2152
1680 638 2234 2248
1681 245 849 847
1682 255 902 899
1683 289 995 1025
1684 302 988 993
1685 262 884 841
1686 457 1589 1560
1687 391 1407 1353
1688 362 1273 1200
1689 244 836 835
1690 517 1835 1838
1691 671 2363 2360
1692 478 1697 1708
1693 216 723 716
1694 487 1727 1742
1695 229 755 754
1696 231 777 771
1697 235 780 781
1698 223 750 744
1699 296 1044 1004
1700 260 876 850
1701 325 1160 1149
1702 443 1575 1553
1703 397 1367 1409
1704 433 1502 1491
1705 476 1688 1691
1706 359 1295 1236
1707 263 888 848
1708 224 746 738
1709 378 1296 1355
1710 248 860 862
1711 269 892 939
1712 318 1033 1092
1713 254 868 898
1714 312 1021 1077
1715 575 2073 2067
1716 310 1133 1126
1717 396 1432 1431
1718 400 1444 1452
1719 543 1934 1937
1720 554 1990 1976
1721 495 1748 1761
1722 433 1546 1556
1723 516 1839 1836
1724 520 1847 1861
1725 566 2005 2025
1726 583 2086 2111
1727 634 2230 2276
1728 663 2411 2402
1729 693 2510 2489
1730 607 2188 2177
1731 686 2475 2439
1732 568 2023 2036
1733 643 2337 2325
1734 677 2383 2421
1735 667 2417 2423
1736 658 2343 2386
1737 558 1970 1987
1738 512 1799 1816
1739 373 1336 1321
1740 578 2068 2066
1741 571 2028 2011
1742 569 2026 2043
1743 600 2124 2143
1744 236 795 794
1745 219 717 721
1746 222 731 730
1747 217 718 711
1748 226 748 742
1749 256 897 867
1750 244 803 804
1751 232 774 768
1752 239 798 791
1753 230 772 764
1754 240 809 799
1755 265 917 882
1756 304 1075 1028
1757 348 1242 1183
1758 299 1012 985
1759 384 1377 1370
1760 450 1625 1572
1761 406 1426 1463
1762 395 1392 1420
1763 428 1559 1549
1764 415 1511 1505
1765 276 963 955
1766 311 1120 1111
1767 491 1719 1743
1768 442 1577 1524
1769 609 2176 2196
1770 432 1568 1513
1771 397 1373 1319
1772 482 1711 1696
1773 495 1747 1735
1774 452 1544 1551
1775 439 1522 1481
1776 429 1565 1516
1777 420 1487 1437
1778 387 1341 1286
1779 369 1272 1195
1780 368 1269 1208
1781 414 1506 1497
1782 383 1378 1328
1783 362 1261 1322
1784 423 1493 1547
1785 364 1339 1259
1786 438 1473 1535
1787 368 1281 1335
1788 421 1488 1536
1789 371 1228 1292
1790 420 1443 1494
1791 417 1498 1455
1792 380 1360 1305
1793 382 1312 1262
1794 297 1065 1061
1795 333 1224 1215
1796 378 1364 1300
1797 308 1105 1052
1798 315 1076 1029
1799 360 1251 1163
1800 412 1395 1456
1801 422 1425 1500
1802 306 1000 1002
1803 379 1287 1232
1804 295 969 1017
1805 344 1113 1188
1806 283 912 959
1807 284 921 967
1808 273 901 869
1809 355 1213 1145
1810 261 886 919
1811 252 881 878
1812 261 877 845
1813 251 820 851
1814 309 1070 1125
1815 305 1051 1102
1816 292 1045 1041
1817 264 929 885
1818 286 934 938
1819 320 1036 1093
1820 294 1057 1054
1821 272 944 893
1822 275 926 968
1823 274 957 910
1824 302 1091 1086
1825 298 1074 1068
1826 358 1159 1161
1827 363 1172 1174
1828 300 983 1040
1829 307 1007 1060
1830 353 1144 1148
1831 367 1185 1187
1832 370 1199 1201
1833 375 1221 1225
1834 381 1243 1249
1835 354 1303 1288
1836 386 1260 1264
1837 303 1097 1087
1838 355 1248 1306
1839 374 1362 1351
1840 402 1446 1385
1841 324 1162 1095
1842 379 1327 1375
1843 412 1501 1433
1844 336 1222 1137
1845 385 1256 1271
1846 440 1529 1465
1847 393 1298 1307
1848 467 1606 1600
1849 399 1315 1325
1850 437 1468 1527
1851 427 1514 1571
1852 422 1548 1483
1853 535 1887 1899
1854 529 1886 1889
1855 524 1849 1864
1856 537 1902 1916
1857 544 1947 1936
1858 532 1907 1896
1859 581 2056 2082
1860 549 1967 1959
1861 507 1807 1797
1862 550 1944 1962
1863 494 1764 1750
1864 479 1704 1713
1865 510 1813 1800
1866 502 1786 1784
1867 456 1631 1635
1868 472 1667 1677
1869 465 1609 1616
1870 435 1587 1533
1871 434 1521 1596
1872 474 1646 1654
1873 472 1647 1630
1874 471 1676 1666
1875 466 1639 1663
1876 486 1706 1725
1877 504 1790 1792
1878 497 1757 1744
1879 577 2064 2075
1880 573 2022 2042
1881 652 2272 2294
1882 563 1980 1992
1883 606 2138 2125
1884 566 2018 1999
1885 576 2027 2038
1886 622 2201 2179
1887 581 2077 2053
1888 597 2135 2110
1889 661 2339 2305
1890 644 2241 2314
1891 612 2206 2171
1892 644 2350 2285
1893 599 2129 2098
1894 675 2385 2388
1895 681 2405 2416
1896 626 2208 2186
1897 615 2146 2154
1898 609 2150 2131
1899 625 2283 2279
1900 676 2414 2372
1901 634 2289 2246
1902 646 2319 2362
1903 646 2341 2297
1904 690 2433 2441
1905 699 2476 2483
1906 687 2470 2440
1907 694 2486 2459
1908 700 2493 2487
1909 702 2503 2501
1910 695 2491 2464
1911 627 2187 2220
1912 680 2434 2474
1913 639 2233 2280
1914 683 2409 2443
1915 678 2397 2395
1916 687 2478 2498
1917 674 2453 2457
1918 697 2494 2519
1919 697 2515 2490
1920 630 2296 2291
1921 655 2288 2331
1922 659 2308 2349
1923 645 2303 2348
1924 648 2323 2268
1925 642 2249 2290
1926 620 2202 2250
1927 611 2207 2212
1928 637 2269 2320
1929 623 2235 2260
1930 631 2238 2292
1931 641 2333 2345
1932 673 2406 2446
1933 526 1854 1869
1934 570 2014 2024
1935 501 1779 1795
1936 519 1829 1851
1937 515 1830 1845
1938 533 1878 1904
1939 470 1636 1661
1940 478 1687 1672
1941 484 1686 1694
1942 505 1776 1796
1943 499 1745 1769
1944 506 1771 1777
1945 518 1844 1828
1946 534 1903 1891
1947 552 1965 1950
1948 587 2109 2092
1949 542 1894 1908
1950 547 1931 1932
1951 546 1925 1923
1952 555 1955 1968
1953 561 1984 1982
1954 582 2078 2091
1955 595 2126 2141
1956 679 2407 2396
1957 587 2076 2096
1958 603 2157 2174
1959 610 2166 2148
1960 638 2266 2234
1961 21 855 821
1962 30 906 870
1963 36 962 950
1964 26 984 1027
1965 17 930 927
1966 76 1621 1633
1967 77 1459 1416
1968 62 1332 1317
1969 200 839 819
1970 95 1832 1823
1971 140 2367 2408
1972 184 1684 1679
1973 208 729 722
1974 183 1714 1705
1975 207 756 761
1976 202 787 778
1977 204 779 784
1978 205 758 749
1979 194 1081 1053
1980 197 904 907
1981 193 1176 1123
1982 87 1607 1566
1983 78 1311 1333
1984 80 1512 1537
1985 90 1681 1671
1986 190 1347 1304
1987 14 935 925
1988 206 753 752
1989 60 1227 1239
1990 12 859 825
1991 12 858 859
1992 14 975 1032
1993 6 834 830
1994 8 974 1020
1995 117 2081 2049
1996 51 1139 1073
1997 65 1435 1381
1998 62 1436 1388
1999 105 1926 1914
2000 111 2000 1978
2001 93 1738 1736
2002 84 1523 1508
2003 99 1841 1824
2004 95 1834 1832
2005 104 1991 1996
2006 114 2062 2052
2007 126 2191 2219
2008 128 2420 2381
2009 139 2525 2509
2010 158 2200 2173
2011 142 2499 2497
2012 165 2016 2007
2013 157 2353 2317
2014 149 2340 2391
2015 146 2413 2377
2016 138 2295 2302
2017 168 1954 1960
2018 179 1781 1791
2019 191 1349 1297
2020 164 2071 2054
2021 166 2046 2045
2022 167 2013 2006
2023 159 2103 2119
2024 202 796 787
2025 213 713 719
2026 210 733 737
2027 209 727 726
2028 207 757 756
2029 197 932 900
2030 201 802 815
2031 204 783 779
2032 200 805 806
2033 203 782 775
2034 199 829 810
2035 196 958 922
2036 193 1123 1082
2037 191 1297 1255
2038 194 1053 1058
2039 190 1386 1347
2040 184 1658 1632
2041 190 1399 1386
2042 191 1358 1349
2043 187 1569 1515
2044 188 1520 1476
2045 197 965 932
2046 194 1127 1081
2047 183 1695 1714
2048 185 1626 1588
2049 123 2156 2145
2050 73 1624 1576
2051 77 1416 1423
2052 93 1724 1712
2053 92 1759 1760
2054 67 1538 1582
2055 73 1576 1580
2056 61 1615 1555
2057 67 1525 1528
2058 74 1383 1387
2059 56 1342 1350
2060 65 1326 1331
2061 77 1509 1459
2062 74 1424 1383
2063 63 1193 1190
2064 62 1428 1436
2065 56 1403 1342
2066 56 1408 1471
2067 66 1219 1217
2068 65 1429 1435
2069 66 1157 1219
2070 68 1396 1439
2071 80 1526 1512
2072 71 1404 1365
2073 71 1365 1369
2074 45 1071 1015
2075 60 1235 1154
2076 59 1414 1368
2077 38 1170 1122
2078 38 1122 1135
2079 53 1329 1334
2080 44 1318 1382
2081 47 1366 1421
2082 29 997 1050
2083 34 1343 1359
2084 36 924 962
2085 29 1050 1109
2086 30 873 911
2087 33 880 914
2088 20 946 949
2089 31 1274 1291
2090 9 861 853
2091 27 889 852
2092 5 908 916
2093 3 801 812
2094 8 1020 1014
2095 5 998 996
2096 20 1047 987
2097 17 980 930
2098 8 933 974
2099 11 981 1038
2100 23 1063 1003
2101 20 987 946
2102 27 895 889
2103 23 1003 961
2104 29 1098 1042
2105 26 1078 1018
2106 10 1153 1241
2107 13 1168 1257
2108 2 931 973
2109 5 960 998
2110 7 1140 1223
2111 16 1180 1266
2112 19 1197 1280
2113 22 1214 1294
2114 25 1238 1309
2115 41 1314 1245
2116 28 1254 1330
2117 48 1108 1048
2118 35 1186 1165
2119 44 1372 1299
2120 40 1507 1461
2121 41 1245 1181
2122 38 1275 1253
2123 43 1563 1510
2124 44 1299 1234
2125 44 1244 1318
2126 52 1605 1610
2127 47 1290 1366
2128 52 1610 1653
2129 50 1313 1393
2130 53 1402 1466
2131 50 1454 1445
2132 46 1614 1558
2133 94 1872 1885
2134 102 1884 1871
2135 99 1837 1841
2136 98 1892 1890
2137 108 1953 1938
2138 105 1914 1898
2139 107 2033 2047
2140 104 1979 1966
2141 95 1823 1806
2142 97 1927 1941
2143 92 1775 1759
2144 86 1698 1689
2145 99 1824 1815
2146 96 1788 1774
2147 87 1622 1607
2148 83 1656 1643
2149 73 1590 1634
2150 58 1637 1583
2151 50 1458 1454
2152 76 1633 1664
2153 79 1662 1670
2154 86 1689 1669
2155 87 1619 1622
2156 86 1692 1698
2157 92 1783 1775
2158 88 1773 1767
2159 114 2052 2040
2160 111 2001 2009
2161 112 2247 2300
2162 104 1971 1991
2163 109 2153 2167
2164 103 2035 2031
2165 107 2017 2033
2166 112 2229 2247
2167 106 2101 2093
2168 109 2163 2153
2169 118 2374 2392
2170 116 2181 2226
2171 112 2252 2229
2172 118 2410 2364
2173 119 2161 2170
2174 131 2380 2419
2175 118 2392 2432
2176 122 2232 2256
2177 116 2137 2181
2178 119 2170 2183
2179 132 2287 2231
2180 124 2447 2458
2181 125 2332 2310
2182 129 2274 2264
2183 128 2381 2352
2184 121 2425 2473
2185 124 2472 2496
2186 127 2488 2495
2187 130 2506 2508
2188 142 2497 2517
2189 139 2507 2523
2190 136 2514 2513
2191 153 2158 2194
2192 149 2391 2400
2193 147 2190 2236
2194 146 2365 2413
2195 134 2399 2431
2196 131 2450 2444
2197 140 2449 2415
2198 134 2467 2468
2199 133 2528 2520
2200 135 2304 2254
2201 138 2245 2295
2202 135 2259 2311
2203 144 2253 2261
2204 140 2369 2367
2205 144 2209 2253
2206 156 2162 2175
2207 153 2199 2168
2208 150 2217 2222
2209 158 2216 2200
2210 153 2194 2199
2211 155 2321 2277
2212 152 2356 2368
2213 176 1843 1846
2214 165 1998 2016
2215 180 1768 1758
2216 177 1805 1820
2217 177 1820 1812
2218 174 1855 1870
2219 186 1611 1628
2220 182 1699 1703
2221 183 1680 1695
2222 180 1752 1768
2223 182 1722 1740
2224 179 1762 1781
2225 175 1857 1852
2226 172 1922 1912
2227 169 1981 1977
2228 163 2128 2114
2229 171 1879 1906
2230 168 1930 1942
2231 170 1928 1939
2232 168 1942 1954
2233 167 1985 1995
2234 162 2065 2058
2235 159 2119 2108
2236 151 2418 2448
2237 164 2055 2074
2238 161 2142 2134
2239 160 2189 2195
2240 157 2293 2309
2241 927 887 936
2242 979 945 984
2243 1094 1046 1059
2244 909 951 906
2245 816 842 844
2246 1495 1543 1519
2247 1387 1398 1442
2248 1151 1216 1227
2249 900 871 904
2250 1862 1848 1859
2251 2261 2316 2265
2252 1732 1716 1721
2253 726 724 732
2254 1770 1746 1755
2255 740 747 741
2256 775 776 786
2257 767 773 766
2258 752 751 759
2259 1022 1031 1067
2260 824 846 839
2261 1255 1211 1265
2262 1599 1584 1620
2263 1419 1394 1376
2264 1422 1462 1440
2265 1715 1700 1709
2266 1265 1282 1316
2267 822 854 858
2268 732 739 740
2269 1388 1346 1332
2270 942 896 940
2271 977 937 935
2272 1037 1035 980
2273 948 903 908
2274 1024 1023 976
2275 2132 2102 2137
2276 1284 1207 1290
2277 1540 1489 1541
2278 1555 1504 1550
2279 1966 1949 1963
2280 2003 1993 2017
2281 1774 1763 1765
2282 1613 1574 1599
2283 1865 1850 1866
2284 1876 1863 1865
2285 2029 2019 2015
2286 2159 2121 2132
2287 2251 2240 2210
2288 2458 2436 2472
2289 2513 2512 2526
2290 2223 2205 2239
2291 2408 2442 2445
2292 2054 2037 2041
2293 2378 2358 2398
2294 2368 2373 2326
2295 2484 2451 2480
2296 2415 2379 2375
2297 1997 1986 1983
2298 1817 1804 1801
2299 1400 1371 1411
2300 2099 2084 2104
2301 1995 2012 2013
2302 2061 2044 2046
2303 2134 2127 2116
2304 810 800 811
2305 714 715 708
2306 719 725 720
2307 707 712 714
2308 737 743 745
2309 883 890 920
2310 789 797 788
2311 761 769 770
2312 784 790 789
2313 759 765 767
2314 806 807 824
2315 907 915 947
2316 1058 1066 1101
2317 1218 1230 1276
2318 947 978 970
2319 1441 1410 1449
2320 1608 1617 1641
2321 1515 1480 1492
2322 1476 1427 1441
2323 1632 1602 1638
2324 1588 1552 1608
2325 1016 989 1022
2326 1203 1155 1218
2327 1730 1726 1707
2328 1557 1567 1611
2329 2262 2214 2232
2330 1554 1561 1612
2331 1246 1310 1302
2332 1709 1710 1723
2333 1723 1734 1733
2334 1457 1503 1450
2335 1415 1472 1467
2336 1583 1573 1627
2337 1384 1434 1429
2338 1220 1283 1279
2339 1106 1182 1173
2340 1128 1198 1193
2341 1580 1545 1590
2342 1369 1374 1415
2343 1381 1324 1326
2344 1591 1542 1540
2345 1334 1337 1402
2346 1482 1479 1414
2347 1390 1340 1344
2348 1579 1531 1525
2349 1247 1237 1179
2350 1450 1447 1404
2351 1453 1478 1495
2352 1352 1354 1396
2353 1196 1258 1252
2354 1181 1119 1194
2355 1350 1289 1356
2356 1356 1361 1408
2357 1072 1085 1129
2358 972 1019 1011
2359 1083 1156 1150
2360 1413 1401 1348
2361 1445 1438 1379
2362 911 956 909
2363 1129 1210 1186
2364 1001 986 954
2365 1115 1114 1055
2366 914 913 874
2367 950 941 905
2368 828 866 857
2369 1069 1131 1115
2370 966 923 933
2371 961 918 964
2372 814 837 834
2373 830 826 808
2374 1205 1130 1138
2375 1175 1107 1112
2376 1177 1103 1180
2377 925 928 975
2378 863 894 861
2379 1032 1034 977
2380 1192 1116 1197
2381 936 943 982
2382 1018 971 979
2383 949 953 994
2384 1231 1152 1238
2385 1204 1132 1214
2386 1038 1089 1030
2387 1039 1096 1037
2388 996 990 948
2389 1014 1010 966
2390 1030 1084 1024
2391 1049 1110 1047
2392 1064 1124 1063
2393 1080 1143 1078
2394 1104 1167 1098
2395 1405 1357 1417
2396 1109 1178 1104
2397 1234 1158 1244
2398 1389 1323 1343
2399 1461 1412 1475
2400 1417 1430 1484
2401 1135 1146 1212
2402 1448 1391 1405
2403 1475 1490 1539
2404 1194 1206 1278
2405 1118 1184 1108
2406 1393 1460 1458
2407 1147 1226 1139
2408 1466 1530 1470
2409 1150 1240 1147
2410 1471 1469 1403
2411 1640 1581 1592
2412 1518 1532 1586
2413 1890 1888 1876
2414 1918 1900 1915
2415 1871 1860 1858
2416 1929 1917 1918
2417 1963 1952 1971
2418 1915 1909 1924
2419 2085 2072 2060
2420 1975 1972 1989
2421 1814 1811 1826
2422 1946 1945 1929
2423 1767 1766 1778
2424 1737 1720 1729
2425 1808 1809 1821
2426 1806 1798 1808
2427 1669 1652 1665
2428 1702 1685 1693
2429 1519 1562 1509
2430 1603 1593 1644
2431 1655 1601 1605
2432 1595 1623 1578
2433 1570 1618 1595
2434 1693 1683 1701
2435 1671 1659 1657
2436 1728 1718 1715
2437 1818 1802 1814
2438 1741 1749 1754
2439 2113 2089 2100
2440 2040 2030 2021
2441 2213 2242 2193
2442 1964 1973 1953
2443 2087 2112 2097
2444 1989 2002 2004
2445 2009 2020 2000
2446 2136 2165 2155
2447 2048 2059 2069
2448 2107 2122 2133
2449 2225 2286 2267
2450 2267 2255 2197
2451 2167 2185 2203
2452 2322 2336 2382
2453 2057 2094 2088
2454 2313 2347 2304
2455 2335 2370 2324
2456 2139 2172 2156
2457 2088 2118 2081
2458 2090 2120 2105
2459 2371 2328 2376
2460 2298 2361 2344
2461 2256 2273 2298
2462 2412 2366 2371
2463 2318 2329 2359
2464 2344 2394 2335
2465 2430 2452 2420
2466 2401 2435 2430
2467 2419 2456 2450
2468 2429 2466 2437
2469 2445 2479 2449
2470 2431 2465 2467
2471 2175 2180 2147
2472 2492 2469 2460
2473 2222 2227 2184
2474 2400 2404 2354
2475 2311 2351 2313
2476 2522 2502 2506
2477 2509 2485 2507
2478 2527 2516 2514
2479 2508 2511 2524
2480 2376 2338 2380
2481 2271 2281 2228
2482 2302 2307 2257
2483 2377 2342 2334
2484 2218 2270 2271
2485 2236 2244 2198
2486 2277 2237 2223
2487 2312 2258 2299
2488 2354 2315 2312
2489 2317 2278 2293
2490 2326 2284 2275
2491 2427 2384 2418
2492 2471 2438 2427
2493 1873 1867 1857
2494 2006 2008 1997
2495 1825 1803 1810
2496 1846 1842 1825
2497 1877 1853 1868
2498 1901 1893 1877
2499 1651 1645 1626
2500 1641 1668 1660
2501 1660 1673 1651
2502 1791 1780 1770
2503 1756 1751 1732
2504 1740 1753 1730
2505 1827 1833 1843
2506 1882 1895 1897
2507 1939 1951 1957
2508 2104 2106 2123
2509 1870 1881 1856
2510 1906 1919 1905
2511 1897 1910 1901
2512 1958 1956 1943
2513 1957 1969 1958
2514 2116 2095 2099
2515 2173 2149 2160
2516 2306 2357 2321
2517 2080 2079 2061
2518 2211 2182 2189
2519 2123 2144 2142
2520 2192 2224 2216
2521 817 847 840
2522 865 899 895
2523 1013 1025 1069
2524 1042 993 997
2525 840 841 813
2526 1578 1560 1526
2527 1302 1353 1293
2528 1190 1200 1134
2529 815 835 833
2530 1826 1838 1840
2531 2403 2360 2355
2532 1703 1708 1722
2533 709 716 710
2534 1731 1742 1752
2535 760 754 753
2536 763 771 762
2537 785 781 782
2538 735 744 736
2539 970 1004 965
2540 856 850 829
2541 1101 1149 1141
2542 1517 1553 1523
2543 1423 1409 1453
2544 1508 1491 1474
2545 1678 1691 1692
2546 1191 1236 1176
2547 843 848 818
2548 736 738 729
2549 1368 1355 1406
2550 827 862 863
2551 940 939 981
2552 1166 1092 1168
2553 891 898 931
2554 1138 1077 1140
2555 2034 2067 2062
2556 1062 1126 1118
2557 1380 1431 1428
2558 1406 1452 1464
2559 1924 1937 1940
2560 1961 1976 1964
2561 1760 1761 1772
2562 1537 1556 1570
2563 1821 1836 1834
2564 1859 1861 1872
2565 2031 2025 2048
2566 2100 2111 2136
2567 2310 2276 2318
2568 2359 2402 2387
2569 2461 2489 2463
2570 2151 2177 2162
2571 2437 2439 2403
2572 2032 2036 2050
2573 2282 2325 2306
2574 2460 2421 2455
2575 2390 2423 2429
2576 2389 2386 2422
2577 1988 1987 1998
2578 1819 1816 1827
2579 1276 1321 1308
2580 2050 2066 2065
2581 2010 2011 1994
2582 2039 2043 2055
2583 2160 2143 2164
2584 786 794 793
2585 728 721 727
2586 734 730 728
2587 710 711 706
2588 741 742 734
2589 833 867 831
2590 819 804 805
2591 766 768 760
2592 792 791 785
2593 762 764 758
2594 793 799 792
2595 864 882 856
2596 999 1028 991
2597 1141 1183 1127
2598 991 985 958
2599 1316 1370 1358
2600 1534 1572 1520
2601 1449 1463 1499
2602 1411 1420 1451
2603 1499 1549 1534
2604 1451 1505 1496
2605 920 955 952
2606 1067 1111 1100
2607 1755 1743 1762
2608 1496 1524 1485
2609 2183 2196 2225
2610 1467 1513 1457
2611 1333 1319 1267
2612 1682 1696 1681
2613 1736 1735 1724
2614 1597 1551 1554
2615 1486 1481 1424
2616 1464 1516 1477
2617 1439 1437 1390
2618 1293 1286 1229
2619 1202 1195 1121
2620 1217 1208 1142
2621 1442 1497 1486
2622 1279 1328 1268
2623 1317 1322 1380
2624 1550 1547 1604
2625 1173 1259 1171
2626 1598 1535 1603
2627 1331 1335 1384
2628 1541 1536 1585
2629 1344 1292 1352
2630 1528 1494 1538
2631 1440 1455 1419
2632 1252 1305 1247
2633 1268 1262 1209
2634 1008 1061 1056
2635 1136 1215 1202
2636 1239 1300 1235
2637 1011 1052 1001
2638 1043 1029 992
2639 1171 1163 1090
2640 1510 1456 1518
2641 1558 1500 1564
2642 1055 1002 1005
2643 1253 1232 1170
2644 1059 1017 1072
2645 1270 1188 1274
2646 1005 959 1006
2647 1006 967 1013
2648 872 869 832
2649 1165 1145 1094
2650 916 919 960
2651 838 878 875
2652 853 845 823
2653 879 851 891
2654 1117 1125 1189
2655 1099 1102 1164
2656 982 1041 1039
2657 844 885 843
2658 976 938 942
2659 1169 1093 1166
2660 994 1054 1049
2661 857 893 855
2662 964 968 1009
2663 875 910 872
2664 1027 1086 1080
2665 1009 1068 1064
2666 1250 1161 1169
2667 1263 1174 1177
2668 1088 1040 1099
2669 1112 1060 1117
2670 1233 1148 1153
2671 1277 1187 1192
2672 1285 1201 1204
2673 1301 1225 1231
2674 1320 1249 1254
2675 1212 1288 1275
2676 1345 1264 1270
2677 1026 1087 1079
2678 1291 1306 1363
2679 1278 1351 1338
2680 1338 1385 1314
2681 1056 1095 1043
2682 1359 1375 1418
2683 1382 1433 1372
2684 1079 1137 1071
2685 1348 1271 1284
2686 1470 1465 1397
2687 1379 1307 1313
2688 1648 1600 1594
2689 1397 1325 1329
2690 1594 1527 1598
2691 1564 1571 1629
2692 1421 1483 1413
2693 1911 1899 1913
2694 1875 1889 1892
2695 1866 1864 1875
2696 1913 1916 1927
2697 1921 1936 1926
2698 1880 1896 1884
2699 2093 2082 2107
2700 1940 1959 1946
2701 1782 1797 1783
2702 1974 1962 1975
2703 1733 1750 1739
2704 1701 1713 1717
2705 1789 1800 1788
2706 1772 1784 1782
2707 1620 1635 1642
2708 1670 1677 1690
2709 1649 1616 1621
2710 1477 1533 1482
2711 1592 1596 1650
2712 1675 1654 1662
2713 1643 1630 1613
2714 1642 1666 1656
2715 1665 1663 1678
2716 1729 1725 1741
2717 1778 1792 1794
2718 1739 1744 1728
2719 2063 2075 2087
2720 2051 2042 2063
2721 2346 2294 2322
2722 2015 1992 2003
2723 2140 2125 2113
2724 1996 1999 1979
2725 2060 2038 2051
2726 2193 2179 2159
2727 2047 2053 2029
2728 2097 2110 2085
2729 2324 2305 2262
2730 2364 2314 2374
2731 2155 2171 2140
2732 2226 2285 2213
2733 2105 2098 2070
2734 2426 2388 2399
2735 2454 2416 2425
2736 2204 2186 2169
2737 2197 2154 2161
2738 2145 2131 2115
2739 2221 2279 2274
2740 2387 2372 2332
2741 2219 2246 2204
2742 2352 2362 2401
2743 2264 2297 2251
2744 2481 2441 2447
2745 2504 2483 2488
2746 2444 2440 2412
2747 2462 2459 2426
2748 2505 2487 2484
2749 2521 2501 2499
2750 2463 2464 2428
2751 2275 2220 2263
2752 2477 2474 2500
2753 2330 2280 2327
2754 2480 2443 2477
2755 2428 2395 2393
2756 2495 2498 2518
2757 2422 2457 2461
2758 2520 2519 2529
2759 2468 2490 2462
2760 2243 2291 2287
2761 2375 2331 2369
2762 2393 2349 2389
2763 2355 2348 2390
2764 2265 2268 2215
2765 2334 2290 2330
2766 2263 2250 2301
2767 2178 2212 2217
2768 2327 2320 2365
2769 2239 2260 2282
2770 2299 2292 2340
2771 2301 2345 2356
2772 2455 2446 2482
2773 1874 1869 1882
2774 2041 2024 2039
2775 1787 1795 1805
2776 1868 1851 1874
2777 1831 1845 1855
2778 1920 1904 1928
2779 1674 1661 1680
2780 1679 1672 1658
2781 1707 1694 1699
2782 1810 1796 1819
2783 1785 1769 1793
2784 1801 1777 1785
2785 1822 1828 1817
2786 1883 1891 1873
2787 1948 1950 1935
2788 2074 2092 2071
2789 1933 1908 1920
2790 1943 1932 1933
2791 1935 1923 1922
2792 1983 1968 1985
2793 1994 1982 1981
2794 2083 2091 2103
2795 2130 2141 2151
2796 2424 2396 2378
2797 2114 2096 2117
2798 2164 2174 2192
2799 2152 2148 2128
2800 2248 2234 2211
2801 847 849 887
2802 899 902 945
2803 1025 995 1046
2804 993 988 951
2805 841 884 842
2806 1560 1589 1543
2807 1353 1407 1398
2808 1200 1273 1216
2809 835 836 871
2810 1838 1835 1848
2811 2360 2363 2316
2812 1708 1697 1716
2813 716 723 724
2814 1742 1727 1746
2815 754 755 747
2816 771 777 776
2817 781 780 773
2818 744 750 751
2819 1004 1044 1031
2820 850 876 846
2821 1149 1160 1211
2822 1553 1575 1584
2823 1409 1367 1394
2824 1491 1502 1462
2825 1691 1688 1700
2826 1236 1295 1282
2827 848 888 854
2828 738 746 739
2829 1355 1296 1346
2830 862 860 896
2831 939 892 937
2832 1092 1033 1035
2833 898 868 903
2834 1077 1021 1023
2835 2067 2073 2102
2836 1126 1133 1207
2837 1431 1432 1489
2838 1452 1444 1504
2839 1937 1934 1949
2840 1976 1990 1993
2841 1761 1748 1763
2842 1556 1546 1574
2843 1836 1839 1850
2844 1861 1847 1863
2845 2025 2005 2019
2846 2111 2086 2121
2847 2276 2230 2240
2848 2402 2411 2436
2849 2489 2510 2512
2850 2177 2188 2205
2851 2439 2475 2442
2852 2036 2023 2037
2853 2325 2337 2358
2854 2421 2383 2373
2855 2423 2417 2451
2856 2386 2343 2379
2857 1987 1970 1986
2858 1816 1799 1804
2859 1321 1336 1371
2860 2066 2068 2084
2861 2011 2028 2012
2862 2043 2026 2044
2863 2143 2124 2127
2864 794 795 800
2865 721 717 715
2866 730 731 725
2867 711 718 712
2868 742 748 743
2869 867 897 890
2870 804 803 797
2871 768 774 769
2872 791 798 790
2873 764 772 765
2874 799 809 807
2875 882 917 915
2876 1028 1075 1066
2877 1183 1242 1230
2878 985 1012 978
2879 1370 1377 1410
2880 1572 1625 1617
2881 1463 1426 1480
2882 1420 1392 1427
2883 1549 1559 1602
2884 1505 1511 1552
2885 955 963 989
2886 1111 1120 1155
2887 1743 1719 1726
2888 1524 1577 1567
2889 2196 2176 2214
2890 1513 1568 1561
2891 1319 1373 1310
2892 1696 1711 1710
2893 1735 1747 1734
2894 1551 1544 1503
2895 1481 1522 1472
2896 1516 1565 1573
2897 1437 1487 1434
2898 1286 1341 1283
2899 1195 1272 1182
2900 1208 1269 1198
2901 1497 1506 1545
2902 1328 1378 1374
2903 1322 1261 1324
2904 1547 1493 1542
2905 1259 1339 1337
2906 1535 1473 1479
2907 1335 1281 1340
2908 1536 1488 1531
2909 1292 1228 1237
2910 1494 1443 1447
2911 1455 1498 1478
2912 1305 1360 1354
2913 1262 1312 1258
2914 1061 1065 1119
2915 1215 1224 1289
2916 1300 1364 1361
2917 1052 1105 1085
2918 1029 1076 1019
2919 1163 1251 1156
2920 1456 1395 1401
2921 1500 1425 1438
2922 1002 1000 956
2923 1232 1287 1210
2924 1017 969 986
2925 1188 1113 1114
2926 959 912 913
2927 967 921 941
2928 869 901 866
2929 1145 1213 1131
2930 919 886 923
2931 878 881 918
2932 845 877 837
2933 851 820 826
2934 1125 1070 1130
2935 1102 1051 1107
2936 1041 1045 1103
2937 885 929 928
2938 938 934 894
2939 1093 1036 1034
2940 1054 1057 1116
2941 893 944 943
2942 968 926 971
2943 910 957 953
2944 1086 1091 1152
2945 1068 1074 1132
2946 1161 1159 1089
2947 1174 1172 1096
2948 1040 983 990
2949 1060 1007 1010
2950 1148 1144 1084
2951 1187 1185 1110
2952 1201 1199 1124
2953 1225 1221 1143
2954 1249 1243 1167
2955 1288 1303 1357
2956 1264 1260 1178
2957 1087 1097 1158
2958 1306 1248 1323
2959 1351 1362 1412
2960 1385 1446 1430
2961 1095 1162 1146
2962 1375 1327 1391
2963 1433 1501 1490
2964 1137 1222 1206
2965 1271 1256 1184
2966 1465 1529 1460
2967 1307 1298 1226
2968 1600 1606 1530
2969 1325 1315 1240
2970 1527 1468 1469
2971 1571 1514 1581
2972 1483 1548 1532
2973 1899 1887 1888
2974 1889 1886 1900
2975 1864 1849 1860
2976 1916 1902 1917
2977 1936 1947 1952
2978 1896 1907 1909
2979 2082 2056 2072
2980 1959 1967 1972
2981 1797 1807 1811
2982 1962 1944 1945
2983 1750 1764 1766
2984 1713 1704 1720
2985 1800 1813 1809
2986 1784 1786 1798
2987 1635 1631 1652
2988 1677 1667 1685
2989 1616 1609 1562
2990 1533 1587 1593
2991 1596 1521 1601
2992 1654 1646 1623
2993 1630 1647 1618
2994 1666 1676 1683
2995 1663 1639 1659
2996 1725 1706 1718
2997 1792 1790 1802
2998 1744 1757 1749
2999 2075 2064 2089
3000 2042 2022 2030
3001 2294 2272 2242
3002 1992 1980 1973
3003 2125 2138 2112
3004 1999 2018 2002
3005 2038 2027 2020
3006 2179 2201 2165
3007 2053 2077 2059
3008 2110 2135 2122
3009 2305 2339 2286
3010 2314 2241 2255
3011 2171 2206 2185
3012 2285 2350 2336
3013 2098 2129 2094
3014 2388 2385 2347
3015 2416 2405 2370
3016 2186 2208 2172
3017 2154 2146 2118
3018 2131 2150 2120
3019 2279 2283 2328
3020 2372 2414 2361
3021 2246 2289 2273
3022 2362 2319 2366
3023 2297 2341 2329
3024 2441 2433 2394
3025 2483 2476 2452
3026 2440 2470 2435
3027 2459 2486 2456
3028 2487 2493 2466
3029 2501 2503 2479
3030 2464 2491 2465
3031 2220 2187 2180
3032 2474 2434 2469
3033 2280 2233 2227
3034 2443 2409 2404
3035 2395 2397 2351
3036 2498 2478 2502
3037 2457 2453 2485
3038 2519 2494 2516
3039 2490 2515 2511
3040 2291 2296 2338
3041 2331 2288 2281
3042 2349 2308 2307
3043 2348 2303 2342
3044 2268 2323 2270
3045 2290 2249 2244
3046 2250 2202 2237
3047 2212 2207 2258
3048 2320 2269 2315
3049 2260 2235 2278
3050 2292 2238 2284
3051 2345 2333 2384
3052 2446 2406 2438
3053 1869 1854 1867
3054 2024 2014 2008
3055 1795 1779 1803
3056 1851 1829 1842
3057 1845 1830 1853
3058 1904 1878 1893
3059 1661 1636 1645
3060 1672 1687 1668
3061 1694 1686 1673
3062 1796 1776 1780
3063 1769 1745 1751
3064 1777 1771 1753
3065 1828 1844 1833
3066 1891 1903 1895
3067 1950 1965 1951
3068 2092 2109 2106
3069 1908 1894 1881
3070 1932 1931 1919
3071 1923 1925 1910
3072 1968 1955 1956
3073 1982 1984 1969
3074 2091 2078 2095
3075 2141 2126 2149
3076 2396 2407 2357
3077 2096 2076 2079
3078 2174 2157 2182
3079 2148 2166 2144
3080 2234 2266 2224
3081 821 855 849
3082 870 906 902
3083 950 962 995
3084 1027 984 988
3085 927 930 884
3086 1633 1621 1589
3087 1416 1459 1407
3088 1317 1332 1273
3089 819 839 836
3090 1823 1832 1835
3091 2408 2367 2363
3092 1679 1684 1697
3093 722 729 723
3094 1705 1714 1727
3095 761 756 755
3096 778 787 777
3097 784 779 780
3098 749 758 750
3099 1053 1081 1044
3100 907 904 876
3101 1123 1176 1160
3102 1566 1607 1575
3103 1333 1311 1367
3104 1537 1512 1502
3105 1671 1681 1688
3106 1304 1347 1295
3107 925 935 888
3108 752 753 746
3109 1239 1227 1296
3110 825 859 860
3111 859 858 892
3112 1032 975 1033
3113 830 834 868
3114 1020 974 1021
3115 2049 2081 2073
3116 1073 1139 1133
3117 1381 1435 1432
3118 1388 1436 1444
3119 1914 1926 1934
3120 1978 2000 1990
3121 1736 1738 1748
3122 1508 1523 1546
3123 1824 1841 1839
3124 1832 1834 1847
3125 1996 1991 2005
3126 2052 2062 2086
3127 2219 2191 2230
3128 2381 2420 2411
3129 2509 2525 2510
3130 2173 2200 2188
3131 2497 2499 2475
3132 2007 2016 2023
3133 2317 2353 2337
3134 2391 2340 2383
3135 2377 2413 2417
3136 2302 2295 2343
3137 1960 1954 1970
3138 1791 1781 1799
3139 1297 1349 1336
3140 2054 2071 2068
3141 2045 2046 2028
3142 2006 2013 2026
3143 2119 2103 2124
3144 787 796 795
3145 719 713 717
3146 737 733 731
3147 726 727 718
3148 756 757 748
3149 900 932 897
3150 815 802 803
3151 779 783 774
3152 806 805 798
3153 775 782 772
3154 810 829 809
3155 922 958 917
3156 1082 1123 1075
3157 1255 1297 1242
3158 1058 1053 1012
3159 1347 1386 1377
3160 1632 1658 1625
3161 1386 1399 1426
3162 1349 1358 1392
3163 1515 1569 1559
3164 1476 1520 1511
3165 932 965 963
3166 1081 1127 1120
3167 1714 1695 1719
3168 1588 1626 1577
3169 2145 2156 2176
3170 1576 1624 1568
3171 1423 1416 1373
3172 1712 1724 1711
3173 1760 1759 1747
3174 1582 1538 1544
3175 1580 1576 1522
3176 1555 1615 1565
3177 1528 1525 1487
3178 1387 1383 1341
3179 1350 1342 1272
3180 1331 1326 1269
3181 1459 1509 1506
3182 1383 1424 1378
3183 1190 1193 1261
3184 1436 1428 1493
3185 1342 1403 1339
3186 1471 1408 1473
3187 1217 1219 1281
3188 1435 1429 1488
3189 1219 1157 1228
3190 1439 1396 1443
3191 1512 1526 1498
3192 1365 1404 1360
3193 1369 1365 1312
3194 1015 1071 1065
3195 1154 1235 1224
3196 1368 1414 1364
3197 1122 1170 1105
3198 1135 1122 1076
3199 1334 1329 1251
3200 1382 1318 1395
3201 1421 1366 1425
3202 1050 997 1000
3203 1359 1343 1287
3204 962 924 969
3205 1109 1050 1113
3206 911 873 912
3207 914 880 921
3208 949 946 901
3209 1291 1274 1213
3210 853 861 886
3211 852 889 881
3212 916 908 877
3213 812 801 820
3214 1014 1020 1070
3215 996 998 1051
3216 987 1047 1045
3217 930 980 929
3218 974 933 934
3219 1038 981 1036
3220 1003 1063 1057
3221 946 987 944
3222 889 895 926
3223 961 1003 957
3224 1042 1098 1091
3225 1018 1078 1074
3226 1241 1153 1159
3227 1257 1168 1172
3228 973 931 983
3229 998 960 1007
3230 1223 1140 1144
3231 1266 1180 1185
3232 1280 1197 1199
3233 1294 1214 1221
3234 1309 1238 1243
3235 1245 1314 1303
3236 1330 1254 1260
3237 1048 1108 1097
3238 1165 1186 1248
3239 1299 1372 1362
3240 1461 1507 1446
3241 1181 1245 1162
3242 1253 1275 1327
3243 1510 1563 1501
3244 1234 1299 1222
3245 1318 1244 1256
3246 1610 1605 1529
3247 1366 1290 1298
3248 1653 1610 1606
3249 1393 1313 1315
3250 1466 1402 1468
3251 1445 1454 1514
3252 1558 1614 1548
3253 1885 1872 1887
3254 1871 1884 1886
3255 1841 1837 1849
3256 1890 1892 1902
3257 1938 1953 1947
3258 1898 1914 1907
3259 2047 2033 2056
3260 1966 1979 1967
3261 1806 1823 1807
3262 1941 1927 1944
3263 1759 1775 1764
3264 1689 1698 1704
3265 1815 1824 1813
3266 1774 1788 1786
3267 1607 1622 1631
3268 1643 1656 1667
3269 1634 1590 1609
3270 1583 1637 1587
3271 1454 1458 1521
3272 1664 1633 1646
3273 1670 1662 1647
3274 1669 1689 1676
3275 1622 1619 1639
3276 1698 1692 1706
3277 1775 1783 1790
3278 1767 1773 1757
3279 2040 2052 2064
3280 2009 2001 2022
3281 2300 2247 2272
3282 1991 1971 1980
3283 2167 2153 2138
3284 2031 2035 2018
3285 2033 2017 2027
3286 2247 2229 2201
3287 2093 2101 2077
3288 2153 2163 2135
3289 2392 2374 2339
3290 2226 2181 2241
3291 2229 2252 2206
3292 2364 2410 2350
3293 2170 2161 2129
3294 2419 2380 2385
3295 2432 2392 2405
3296 2256 2232 2208
3297 2181 2137 2146
3298 2183 2170 2150
3299 2231 2287 2283
3300 2458 2447 2414
3301 2310 2332 2289
3302 2264 2274 2319
3303 2352 2381 2341
3304 2473 2425 2433
3305 2496 2472 2476
3306 2495 2488 2470
3307 2508 2506 2486
3308 2517 2497 2493
3309 2523 2507 2503
3310 2513 2514 2491
3311 2194 2158 2187
3312 2400 2391 2434
3313 2236 2190 2233
3314 2413 2365 2409
3315 2431 2399 2397
3316 2444 2450 2478
3317 2415 2449 2453
3318 2468 2467 2494
3319 2520 2528 2515
3320 2254 2304 2296
3321 2295 2245 2288
3322 2311 2259 2308
3323 2261 2253 2303
3324 2367 2369 2323
3325 2253 2209 2249
3326 2175 2162 2202
3327 2168 2199 2207
3328 2222 2217 2269
3329 2200 2216 2235
3330 2199 2194 2238
3331 2277 2321 2333
3332 2368 2356 2406
3333 1846 1843 1854
3334 2016 1998 2014
3335 1758 1768 1779
3336 1820 1805 1829
3337 1812 1820 1830
3338 1870 1855 1878
3339 1628 1611 1636
3340 1703 1699 1687
3341 1695 1680 1686
3342 1768 1752 1776
3343 1740 1722 1745
3344 1781 1762 1771
3345 1852 1857 1844
3346 1912 1922 1903
3347 1977 1981 1965
3348 2114 2128 2109
3349 1906 1879 1894
3350 1942 1930 1931
3351 1939 1928 1925
3352 1954 1942 1955
3353 1995 1985 1984
3354 2058 2065 2078
3355 2108 2119 2126
3356 2448 2418 2407
3357 2074 2055 2076
3358 2134 2142 2157
3359 2195 2189 2166
3360 2309 2293 2266
3361 887 266 936
3362 945 280 984
3363 1046 295 1059
3364 951 280 906
3365 842 264 844
3366 1543 448 1519
3367 1398 414 1442
3368 1216 372 1227
3369 871 258 904
3370 1848 520 1859
3371 2316 648 2265
3372 1716 485 1721
3373 724 221 732
3374 1746 491 1755
3375 747 226 741
3376 776 236 786
3377 773 232 766
3378 751 228 759
3379 1031 311 1067
3380 846 258 839
3381 1211 351 1265
3382 1584 456 1620
3383 1394 389 1376
3384 1462 417 1440
3385 1700 481 1709
3386 1282 384 1316
3387 854 268 858
3388 739 225 740
3389 1346 372 1332
3390 896 269 940
3391 937 268 935
3392 1035 287 980
3393 903 257 908
3394 1023 286 976
3395 2102 594 2137
3396 1207 350 1290
3397 1489 421 1541
3398 1504 423 1550
3399 1949 548 1963
3400 1993 564 2017
3401 1763 496 1765
3402 1574 447 1599
3403 1850 524 1866
3404 1863 522 1865
3405 2019 563 2015
3406 2121 588 2132
3407 2240 617 2210
3408 2436 682 2472
3409 2512 703 2526
3410 2205 623 2239
3411 2442 689 2445
3412 2037 570 2041
3413 2358 665 2398
3414 2373 653 2326
3415 2451 683 2480
3416 2379 655 2375
3417 1986 555 1983
3418 1804 506 1801
3419 1371 395 1411
3420 2084 586 2104
3421 2012 572 2013
3422 2044 572 2046
3423 2127 593 2116
3424 800 241 811
3425 715 215 708
3426 725 220 720
3427 712 218 714
3428 743 227 745
3429 890 276 920
3430 797 237 788
3431 769 234 770
3432 790 238 789
3433 765 233 767
3434 807 249 824
3435 915 281 947
3436 1066 325 1101
3437 1230 373 1276
3438 978 296 970
3439 1410 406 1449
3440 1617 468 1641
3441 1480 411 1492
3442 1427 401 1441
3443 1602 455 1638
3444 1552 446 1608
3445 989 293 1022
3446 1155 340 1218
3447 1726 484 1707
3448 1567 459 1611
3449 2214 614 2232
3450 1561 458 1612
3451 1310 391 1302
3452 1710 488 1723
3453 1734 494 1733
3454 1503 425 1450
3455 1472 432 1467
3456 1573 460 1627
3457 1434 418 1429
3458 1283 383 1279
3459 1182 364 1173
3460 1198 365 1193
3461 1545 445 1590
3462 1374 407 1415
3463 1324 365 1326
3464 1542 419 1540
3465 1337 404 1402
3466 1479 405 1414
3467 1340 371 1344
3468 1531 418 1525
3469 1237 339 1179
3470 1447 403 1404
3471 1478 430 1495
3472 1354 403 1396
3473 1258 380 1252
3474 1119 329 1194
3475 1289 376 1356
3476 1361 405 1408
3477 1085 337 1129
3478 1019 308 1011
3479 1156 357 1150
3480 1401 385 1348
3481 1438 393 1379
3482 956 282 909
3483 1210 366 1186
3484 986 279 954
3485 1114 306 1055
3486 913 259 874
3487 941 270 905
3488 866 272 857
3489 1131 345 1115
3490 923 267 933
3491 918 275 964
3492 837 257 834
3493 826 242 808
3494 1130 312 1138
3495 1107 307 1112
3496 1103 322 1180
3497 928 287 975
3498 894 267 861
3499 1034 288 977
3500 1116 327 1197
3501 943 292 982
3502 971 277 979
3503 953 294 994
3504 1152 338 1238
3505 1132 331 1214
3506 1089 317 1030
3507 1096 319 1037
3508 990 278 948
3509 1010 285 966
3510 1084 313 1024
3511 1110 322 1047
3512 1124 327 1063
3513 1143 331 1078
3514 1167 338 1098
3515 1357 392 1417
3516 1178 343 1104
3517 1158 341 1244
3518 1323 366 1343
3519 1412 408 1475
3520 1430 424 1484
3521 1146 354 1212
3522 1391 388 1405
3523 1490 444 1539
3524 1206 374 1278
3525 1184 341 1108
3526 1460 436 1458
3527 1226 350 1139
3528 1530 440 1470
3529 1240 356 1147
3530 1469 404 1403
3531 1581 434 1592
3532 1532 454 1586
3533 1888 530 1876
3534 1900 536 1915
3535 1860 521 1858
3536 1917 538 1918
3537 1952 553 1971
3538 1909 543 1924
3539 2072 576 2060
3540 1972 559 1989
3541 1811 517 1826
3542 1945 545 1929
3543 1766 504 1778
3544 1720 486 1729
3545 1809 516 1821
3546 1798 509 1808
3547 1652 466 1665
3548 1685 475 1693
3549 1562 445 1509
3550 1593 464 1644
3551 1601 436 1605
3552 1623 457 1578
3553 1618 461 1595
3554 1683 479 1701
3555 1659 463 1657
3556 1718 483 1715
3557 1802 508 1814
3558 1749 500 1754
3559 2089 583 2100
3560 2030 565 2021
3561 2242 622 2193
3562 1973 553 1953
3563 2112 597 2097
3564 2002 567 2004
3565 2020 564 2000
3566 2165 612 2155
3567 2059 585 2069
3568 2122 602 2133
3569 2286 650 2267
3570 2255 615 2197
3571 2185 624 2203
3572 2336 669 2382
3573 2094 596 2088
3574 2347 657 2304
3575 2370 661 2324
3576 2172 614 2156
3577 2118 594 2081
3578 2120 599 2105
3579 2328 654 2376
3580 2361 670 2344
3581 2273 647 2298
3582 2366 651 2371
3583 2329 663 2359
3584 2394 666 2335
3585 2452 682 2420
3586 2435 685 2430
3587 2456 692 2450
3588 2466 686 2437
3589 2479 691 2449
3590 2465 696 2467
3591 2180 604 2147
3592 2469 677 2460
3593 2227 613 2184
3594 2404 662 2354
3595 2351 660 2313
3596 2502 692 2506
3597 2485 691 2507
3598 2516 696 2514
3599 2511 704 2524
3600 2338 657 2380
3601 2281 628 2228
3602 2307 633 2257
3603 2342 642 2334
3604 2270 649 2271
3605 2244 619 2198
3606 2237 616 2223
3607 2258 631 2299
3608 2315 635 2312
3609 2278 632 2293
3610 2284 627 2275
3611 2384 664 2418
3612 2438 668 2427
3613 1867 525 1857
3614 2008 562 1997
3615 1803 505 1810
3616 1842 513 1825
3617 1853 519 1868
3618 1893 527 1877
3619 1645 459 1626
3620 1668 477 1660
3621 1673 473 1651
3622 1780 498 1770
3623 1751 490 1732
3624 1753 493 1730
3625 1833 525 1843
3626 1895 539 1897
3627 1951 556 1957
3628 2106 598 2123
3629 1881 528 1856
3630 1919 541 1905
3631 1910 540 1901
3632 1956 547 1943
3633 1969 557 1958
3634 2095 584 2099
3635 2149 600 2160
3636 2357 664 2321
3637 2079 579 2061
3638 2182 608 2189
3639 2144 608 2142
3640 2224 632 2216
3641 847 262 840
3642 899 277 895
3643 1025 314 1069
3644 993 282 997
3645 841 243 813
3646 1560 430 1526
3647 1353 387 1293
3648 1200 332 1134
3649 835 256 833
3650 1838 523 1840
3651 2360 645 2355
3652 1708 490 1722
3653 716 217 710
3654 1742 498 1752
3655 754 225 753
3656 771 230 762
3657 781 233 782
3658 744 224 736
3659 1004 293 965
3660 850 249 829
3661 1149 348 1141
3662 1553 447 1523
3663 1409 410 1453
3664 1491 413 1474
3665 1691 483 1692
3666 1236 351 1176
3667 848 247 818
3668 738 221 729
3669 1355 400 1406
3670 862 271 863
3671 939 288 981
3672 1092 319 1168
3673 898 278 931
3674 1077 313 1140
3675 2067 588 2062
3676 1126 346 1118
3677 1431 419 1428
3678 1452 429 1464
3679 1937 549 1940
3680 1976 560 1964
3681 1761 502 1772
3682 1556 451 1570
3683 1836 522 1834
3684 1861 530 1872
3685 2025 574 2048
3686 2111 601 2136
3687 2276 640 2318
3688 2402 676 2387
3689 2489 695 2463
3690 2177 616 2162
3691 2439 671 2403
3692 2036 578 2050
3693 2325 656 2306
3694 2421 673 2455
3695 2423 684 2429
3696 2386 674 2422
3697 1987 562 1998
3698 1816 514 1827
3699 1321 390 1308
3700 2066 584 2065
3701 2011 561 1994
3702 2043 579 2055
3703 2143 603 2164
3704 794 240 793
3705 721 218 727
3706 730 219 728
3707 711 214 706
3708 742 222 734
3709 867 253 831
3710 804 238 805
3711 768 229 760
3712 791 235 785
3713 764 228 758
3714 799 239 792
3715 882 260 856
3716 1028 299 991
3717 1183 340 1127
3718 985 281 958
3719 1370 401 1358
3720 1572 446 1520
3721 1463 428 1499
3722 1420 415 1451
3723 1549 450 1534
3724 1505 442 1496
3725 955 290 952
3726 1111 334 1100
3727 1743 493 1762
3728 1524 431 1485
3729 2196 629 2225
3730 1513 426 1457
3731 1319 361 1267
3732 1696 481 1681
3733 1735 488 1724
3734 1551 426 1554
3735 1481 407 1424
3736 1516 435 1477
3737 1437 398 1390
3738 1286 352 1229
3739 1195 326 1121
3740 1208 330 1142
3741 1497 439 1486
3742 1328 382 1268
3743 1322 396 1380
3744 1547 453 1604
3745 1259 360 1171
3746 1535 441 1603
3747 1335 398 1384
3748 1536 449 1585
3749 1292 377 1352
3750 1494 425 1538
3751 1455 410 1419
3752 1305 377 1247
3753 1262 349 1209
3754 1061 324 1056
3755 1215 369 1202
3756 1300 376 1235
3757 1052 301 1001
3758 1029 291 992
3759 1163 316 1090
3760 1456 416 1518
3761 1500 427 1564
3762 1002 283 1005
3763 1232 337 1170
3764 1017 301 1072
3765 1188 345 1274
3766 959 284 1006
3767 967 289 1013
3768 869 250 832
3769 1145 314 1094
3770 919 285 960
3771 878 274 875
3772 845 246 823
3773 851 254 891
3774 1125 347 1189
3775 1102 342 1164
3776 1041 321 1039
3777 885 263 843
3778 938 271 942
3779 1093 318 1166
3780 1054 323 1049
3781 893 266 855
3782 968 298 1009
3783 910 273 872
3784 1086 335 1080
3785 1068 328 1064
3786 1161 320 1169
3787 1174 321 1177
3788 1040 305 1099
3789 1060 309 1117
3790 1148 317 1153
3791 1187 323 1192
3792 1201 328 1204
3793 1225 335 1231
3794 1249 343 1254
3795 1288 388 1275
3796 1264 344 1270
3797 1087 336 1079
3798 1306 394 1363
3799 1351 402 1338
3800 1385 392 1314
3801 1095 315 1043
3802 1375 409 1418
3803 1433 408 1372
3804 1137 329 1071
3805 1271 346 1284
3806 1465 399 1397
3807 1307 356 1313
3808 1600 437 1594
3809 1325 357 1329
3810 1527 438 1598
3811 1571 462 1629
3812 1483 416 1413
3813 1899 537 1913
3814 1889 538 1892
3815 1864 529 1875
3816 1916 545 1927
3817 1936 548 1926
3818 1896 536 1884
3819 2082 589 2107
3820 1959 551 1946
3821 1797 508 1783
3822 1962 551 1975
3823 1750 497 1739
3824 1713 489 1717
3825 1800 509 1788
3826 1784 507 1782
3827 1635 471 1642
3828 1677 480 1690
3829 1616 448 1621
3830 1533 441 1482
3831 1596 469 1650
3832 1654 461 1662
3833 1630 451 1613
3834 1666 475 1656
3835 1663 476 1678
3836 1725 492 1741
3837 1792 511 1794
3838 1744 492 1728
3839 2075 591 2087
3840 2042 577 2063
3841 2294 636 2322
3842 1992 560 2003
3843 2125 591 2113
3844 1999 559 1979
3845 2038 573 2051
3846 2179 601 2159
3847 2053 574 2029
3848 2110 589 2085
3849 2305 629 2262
3850 2314 650 2374
3851 2171 606 2140
3852 2285 636 2213
3853 2098 580 2070
3854 2388 660 2399
3855 2416 666 2425
3856 2186 605 2169
3857 2154 596 2161
3858 2131 592 2115
3859 2279 651 2274
3860 2372 647 2332
3861 2246 626 2204
3862 2362 672 2401
3863 2297 640 2251
3864 2441 670 2447
3865 2483 685 2488
3866 2440 672 2412
3867 2459 675 2426
3868 2487 684 2484
3869 2501 689 2499
3870 2464 678 2428
3871 2220 620 2263
3872 2474 698 2500
3873 2280 637 2327
3874 2443 680 2477
3875 2395 659 2393
3876 2498 701 2518
3877 2457 693 2461
3878 2519 705 2529
3879 2490 694 2462
3880 2291 654 2287
3881 2331 649 2369
3882 2349 658 2389
3883 2348 667 2390
3884 2268 621 2215
3885 2290 639 2330
3886 2250 641 2301
3887 2212 635 2217
3888 2320 662 2365
3889 2260 643 2282
3890 2292 653 2340
3891 2345 668 2356
3892 2446 688 2482
3893 1869 531 1882
3894 2024 569 2039
3895 1795 513 1805
3896 1851 526 1874
3897 1845 527 1855
3898 1904 540 1928
3899 1661 473 1680
3900 1672 468 1658
3901 1694 477 1699
3902 1796 512 1819
3903 1769 503 1793
3904 1777 499 1785
3905 1828 514 1817
3906 1891 531 1873
3907 1950 546 1935
3908 2092 586 2071
3909 1908 533 1920
3910 1932 542 1933
3911 1923 539 1922
3912 1968 557 1985
3913 1982 556 1981
3914 2091 593 2103
3915 2141 607 2151
3916 2396 656 2378
3917 2096 590 2117
3918 2174 618 2192
3919 2148 598 2128
3920 2234 618 2211
3921 849 266 887
3922 902 280 945
3923 995 295 1046
3924 988 280 951
3925 884 264 842
3926 1589 448 1543
3927 1407 414 1398
3928 1273 372 1216
3929 836 258 871
3930 1835 520 1848
3931 2363 648 2316
3932 1697 485 1716
3933 723 221 724
3934 1727 491 1746
3935 755 226 747
3936 777 236 776
3937 780 232 773
3938 750 228 751
3939 1044 311 1031
3940 876 258 846
3941 1160 351 1211
3942 1575 456 1584
3943 1367 389 1394
3944 1502 417 1462
3945 1688 481 1700
3946 1295 384 1282
3947 888 268 854
3948 746 225 739
3949 1296 372 1346
3950 860 269 896
3951 892 268 937
3952 1033 287 1035
3953 868 257 903
3954 1021 286 1023
3955 2073 594 2102
3956 1133 350 1207
3957 1432 421 1489
3958 1444 423 1504
3959 1934 548 1949
3960 1990 564 1993
3961 1748 496 1763
3962 1546 447 1574
3963 1839 524 1850
3964 1847 522 1863
3965 2005 563 2019
3966 2086 588 2121
3967 2230 617 2240
3968 2411 682 2436
3969 2510 703 2512
3970 2188 623 2205
3971 2475 689 2442
3972 2023 570 2037
3973 2337 665 2358
3974 2383 653 2373
3975 2417 683 2451
3976 2343 655 2379
3977 1970 555 1986
3978 1799 506 1804
3979 1336 395 1371
3980 2068 586 2084
3981 2028 572 2012
3982 2026 572 2044
3983 2124 593 2127
3984 795 241 800
3985 717 215 715
3986 731 220 725
3987 718 218 712
3988 748 227 743
3989 897 276 890
3990 803 237 797
3991 774 234 769
3992 798 238 790
3993 772 233 765
3994 809 249 807
3995 917 281 915
3996 1075 325 1066
3997 1242 373 1230
3998 1012 296 978
3999 1377 406 1410
4000 1625 468 1617
4001 1426 411 1480
4002 1392 401 1427
4003 1559 455 1602
4004 1511 446 1552
4005 963 293 989
4006 1120 340 1155
4007 1719 484 1726
4008 1577 459 1567
4009 2176 614 2214
4010 1568 458 1561
4011 1373 391 1310
4012 1711 488 1710
4013 1747 494 1734
4014 1544 425 1503
4015 1522 432 1472
4016 1565 460 1573
4017 1487 418 1434
4018 1341 383 1283
4019 1272 364 1182
4020 1269 365 1198
4021 1506 445 1545
4022 1378 407 1374
4023 1261 365 1324
4024 1493 419 1542
4025 1339 404 1337
4026 1473 405 1479
4027 1281 371 1340
4028 1488 418 1531
4029 1228 339 1237
4030 1443 403 1447
4031 1498 430 1478
4032 1360 403 1354
4033 1312 380 1258
4034 1065 329 1119
4035 1224 376 1289
4036 1364 405 1361
4037 1105 337 1085
4038 1076 308 1019
4039 1251 357 1156
4040 1395 385 1401
4041 1425 393 1438
4042 1000 282 956
4043 1287 366 1210
4044 969 279 986
4045 1113 306 1114
4046 912 259 913
4047 921 270 941
4048 901 272 866
4049 1213 345 1131
4050 886 267 923
4051 881 275 918
4052 877 257 837
4053 820 242 826
4054 1070 312 1130
4055 1051 307 1107
4056 1045 322 1103
4057 929 287 928
4058 934 267 894
4059 1036 288 1034
4060 1057 327 1116
4061 944 292 943
4062 926 277 971
4063 957 294 953
4064 1091 338 1152
4065 1074 331 1132
4066 1159 317 1089
4067 1172 319 1096
4068 983 278 990
4069 1007 285 1010
4070 1144 313 1084
4071 1185 322 1110
4072 1199 327 1124
4073 1221 331 1143
4074 1243 338 1167
4075 1303 392 1357
4076 1260 343 1178
4077 1097 341 1158
4078 1248 366 1323
4079 1362 408 1412
4080 1446 424 1430
4081 1162 354 1146
4082 1327 388 1391
4083 1501 444 1490
4084 1222 374 1206
4085 1256 341 1184
4086 1529 436 1460
4087 1298 350 1226
4088 1606 440 1530
4089 1315 356 1240
4090 1468 404 1469
4091 1514 434 1581
4092 1548 454 1532
4093 1887 530 1888
4094 1886 536 1900
4095 1849 521 1860
4096 1902 538 1917
4097 1947 553 1952
4098 1907 543 1909
4099 2056 576 2072
4100 1967 559 1972
4101 1807 517 1811
4102 1944 545 1945
4103 1764 504 1766
4104 1704 486 1720
4105 1813 516 1809
4106 1786 509 1798
4107 1631 466 1652
4108 1667 475 1685
4109 1609 445 1562
4110 1587 464 1593
4111 1521 436 1601
4112 1646 457 1623
4113 1647 461 1618
4114 1676 479 1683
4115 1639 463 1659
4116 1706 483 1718
4117 1790 508 1802
4118 1757 500 1749
4119 2064 583 2089
4120 2022 565 2030
4121 2272 622 2242
4122 1980 553 1973
4123 2138 597 2112
4124 2018 567 2002
4125 2027 564 2020
4126 2201 612 2165
4127 2077 585 2059
4128 2135 602 2122
4129 2339 650 2286
4130 2241 615 2255
4131 2206 624 2185
4132 2350 669 2336
4133 2129 596 2094
4134 2385 657 2347
4135 2405 661 2370
4136 2208 614 2172
4137 2146 594 2118
4138 2150 599 2120
4139 2283 654 2328
4140 2414 670 2361
4141 2289 647 2273
4142 2319 651 2366
4143 2341 663 2329
4144 2433 666 2394
4145 2476 682 2452
4146 2470 685 2435
4147 2486 692 2456
4148 2493 686 2466
4149 2503 691 2479
4150 2491 696 2465
4151 2187 604 2180
4152 2434 677 2469
4153 2233 613 2227
4154 2409 662 2404
4155 2397 660 2351
4156 2478 692 2502
4157 2453 691 2485
4158 2494 696 2516
4159 2515 704 2511
4160 2296 657 2338
4161 2288 628 2281
4162 2308 633 2307
4163 2303 642 2342
4164 2323 649 2270
4165 2249 619 2244
4166 2202 616 2237
4167 2207 631 2258
4168 2269 635 2315
4169 2235 632 2278
4170 2238 627 2284
4171 2333 664 2384
4172 2406 668 2438
4173 1854 525 1867
4174 2014 562 2008
4175 1779 505 1803
4176 1829 513 1842
4177 1830 519 1853
4178 1878 527 1893
4179 1636 459 1645
4180 1687 477 1668
4181 1686 473 1673
4182 1776 498 1780
4183 1745 490 1751
4184 1771 493 1753
4185 1844 525 1833
4186 1903 539 1895
4187 1965 556 1951
4188 2109 598 2106
4189 1894 528 1881
4190 1931 541 1919
4191 1925 540 1910
4192 1955 547 1956
4193 1984 557 1969
4194 2078 584 2095
4195 2126 600 2149
4196 2407 664 2357
4197 2076 579 2079
4198 2157 608 2182
4199 2166 608 2144
4200 2266 632 2224
4201 855 266 849
4202 906 280 902
4203 962 295 995
4204 984 280 988
4205 930 264 884
4206 1621 448 1589
4207 1459 414 1407
4208 1332 372 1273
4209 839 258 836
4210 1832 520 1835
4211 2367 648 2363
4212 1684 485 1697
4213 729 221 723
4214 1714 491 1727
4215 756 226 755
4216 787 236 777
4217 779 232 780
4218 758 228 750
4219 1081 311 1044
4220 904 258 876
4221 1176 351 1160
4222 1607 456 1575
4223 1311 389 1367
4224 1512 417 1502
4225 1681 481 1688
4226 1347 384 1295
4227 935 268 888
4228 753 225 746
4229 1227 372 1296
4230 859 269 860
4231 858 268 892
4232 975 287 1033
4233 834 257 868
4234 974 286 1021
4235 2081 594 2073
4236 1139 350 1133
4237 1435 421 1432
4238 1436 423 1444
4239 1926 548 1934
4240 2000 564 1990
4241 1738 496 1748
4242 1523 447 1546
4243 1841 524 1839
4244 1834 522 1847
4245 1991 563 2005
4246 2062 588 2086
4247 2191 617 2230
4248 2420 682 2411
4249 2525 703 2510
4250 2200 623 2188
4251 2499 689 2475
4252 2016 570 2023
4253 2353 665 2337
4254 2340 653 2383
4255 2413 683 2417
4256 2295 655 2343
4257 1954 555 1970
4258 1781 506 1799
4259 1349 395 1336
4260 2071 586 2068
4261 2046 572 2028
4262 2013 572 2026
4263 2103 593 2124
4264 796 241 795
4265 713 215 717
4266 733 220 731
4267 727 218 718
4268 757 227 748
4269 932 276 897
4270 802 237 803
4271 783 234 774
4272 805 238 798
4273 782 233 772
4274 829 249 809
4275 958 281 917
4276 1123 325 1075
4277 1297 373 1242
4278 1053 296 1012
4279 1386 406 1377
4280 1658 468 1625
4281 1399 411 1426
4282 1358 401 1392
4283 1569 455 1559
4284 1520 446 1511
4285 965 293 963
4286 1127 340 1120
4287 1695 484 1719
4288 1626 459 1577
4289 2156 614 2176
4290 1624 458 1568
4291 1416 391 1373
4292 1724 488 1711
4293 1759 494 1747
4294 1538 425 1544
4295 1576 432 1522
4296 1615 460 1565
4297 1525 418 1487
4298 1383 383 1341
4299 1342 364 1272
4300 1326 365 1269
4301 1509 445 1506
4302 1424 407 1378
4303 1193 365 1261
4304 1428 419 1493
4305 1403 404 1339
4306 1408 405 1473
4307 1219 371 1281
4308 1429 418 1488
4309 1157 339 1228
4310 1396 403 1443
4311 1526 430 1498
4312 1404 403 1360
4313 1365 380 1312
4314 1071 329 1065
4315 1235 376 1224
4316 1414 405 1364
4317 1170 337 1105
4318 1122 308 1076
4319 1329 357 1251
4320 1318 385 1395
4321 1366 393 1425
4322 997 282 1000
4323 1343 366 1287
4324 924 279 969
4325 1050 306 1113
4326 873 259 912
4327 880 270 921
4328 946 272 901
4329 1274 345 1213
4330 861 267 886
4331 889 275 881
4332 908 257 877
4333 801 242 820
4334 1020 312 1070
4335 998 307 1051
4336 1047 322 1045
4337 980 287 929
4338 933 267 934
4339 981 288 1036
4340 1063 327 1057
4341 987 292 944
4342 895 277 926
4343 1003 294 957
4344 1098 338 1091
4345 1078 331 1074
4346 1153 317 1159
4347 1168 319 1172
4348 931 278 983
4349 960 285 1007
4350 1140 313 1144
4351 1180 322 1185
4352 1197 327 1199
4353 1214 331 1221
4354 1238 338 1243
4355 1314 392 1303
4356 1254 343 1260
4357 1108 341 1097
4358 1186 366 1248
4359 1372 408 1362
4360 1507 424 1446
4361 1245 354 1162
4362 1275 388 1327
4363 1563 444 1501
4364 1299 374 1222
4365 1244 341 1256
4366 1605 436 1529
4367 1290 350 1298
4368 1610 440 1606
4369 1313 356 1315
4370 1402 404 1468
4371 1454 434 1514
4372 1614 454 1548
4373 1872 530 1887
4374 1884 536 1886
4375 1837 521 1849
4376 1892 538 1902
4377 1953 553 1947
4378 1914 543 1907
4379 2033 576 2056
4380 1979 559 1967
4381 1823 517 1807
4382 1927 545 1944
4383 1775 504 1764
4384 1698 486 1704
4385 1824 516 1813
4386 1788 509 1786
4387 1622 466 1631
4388 1656 475 1667
4389 1590 445 1609
4390 1637 464 1587
4391 1458 436 1521
4392 1633 457 1646
4393 1662 461 1647
4394 1689 479 1676
4395 1619 463 1639
4396 1692 483 1706
4397 1783 508 1790
4398 1773 500 1757
4399 2052 583 2064
4400 2001 565 2022
4401 2247 622 2272
4402 1971 553 1980
4403 2153 597 2138
4404 2035 567 2018
4405 2017 564 2027
4406 2229 612 2201
4407 2101 585 2077
4408 2163 602 2135
4409 2374 650 2339
4410 2181 615 2241
4411 2252 624 2206
4412 2410 669 2350
4413 2161 596 2129
4414 2380 657 2385
4415 2392 661 2405
4416 2232 614 2208
4417 2137 594 2146
4418 2170 599 2150
4419 2287 654 2283
4420 2447 670 2414
4421 2332 647 2289
4422 2274 651 2319
4423 2381 663 2341
4424 2425 666 2433
4425 2472 682 2476
4426 2488 685 2470
4427 2506 692 2486
4428 2497 686 2493
4429 2507 691 2503
4430 2514 696 2491
4431 2158 604 2187
4432 2391 677 2434
4433 2190 613 2233
4434 2365 662 2409
4435 2399 660 2397
4436 2450 692 2478
4437 2449 691 2453
4438 2467 696 2494
4439 2528 704 2515
4440 2304 657 2296
4441 2245 628 2288
4442 2259 633 2308
4443 2253 642 2303
4444 2369 649 2323
4445 2209 619 2249
4446 2162 616 2202
4447 2199 631 2207
4448 2217 635 2269
4449 2216 632 2235
4450 2194 627 2238
4451 2321 664 2333
4452 2356 668 2406
4453 1843 525 1854
4454 1998 562 2014
4455 1768 505 1779
4456 1805 513 1829
4457 1820 519 1830
4458 1855 527 1878
4459 1611 459 1636
4460 1699 477 1687
4461 1680 473 1686
4462 1752 498 1776
4463 1722 490 1745
4464 1762 493 1771
4465 1857 525 1844
4466 1922 539 1903
4467 1981 556 1965
4468 2128 598 2109
4469 1879 528 1894
4470 1930 541 1931
4471 1928 540 1925
4472 1942 547 1955
4473 1985 557 1984
4474 2065 584 2078
4475 2119 600 2126
4476 2418 664 2407
4477 2055 579 2076
4478 2142 608 2157
4479 2189 608 2166
4480 2293 632 2266
