1 121 1389 1416
2 106 1614 1589
3 130 1297 1282
4 102 1588 1611
5 105 1596 1573
6 156 1016 1043
7 48 2171 2144
8 30 2330 2334
9 18 2646 2650
10 40 2250 2223
11 33 2371 2349
12 94 1718 1693
13 35 2439 2415
14 47 2175 2149
15 15 2572 2598
16 155 990 1012
17 172 867 838
18 155 1012 1039
19 175 825 839
20 152 1106 1109
21 146 1083 1104
22 76 1908 1885
23 140 1167 1193
24 156 998 996
25 131 1261 1264
26 149 1098 1116
27 157 1028 1027
28 150 1069 1095
29 166 918 934
30 166 934 932
31 156 996 1016
32 168 888 916
33 70 1961 1963
34 150 1115 1094
35 175 839 833
36 161 1006 981
37 70 2014 2016
38 143 1204 1190
39 141 1196 1229
40 112 1493 1469
41 122 1394 1361
42 134 1253 1255
43 107 1551 1580
44 125 1366 1372
45 107 1571 1551
46 124 1396 1378
47 106 1592 1616
48 114 1497 1528
49 76 1862 1861
50 87 1770 1776
51 96 1692 1668
52 98 1670 1642
53 79 1914 1913
54 88 1765 1789
55 17 2631 2633
56 13 2520 2543
57 49 2186 2166
58 34 2408 2412
59 27 2539 2563
60 35 2415 2386
61 18 2628 2646
62 84 1778 1797
63 47 2197 2175
64 14 2549 2581
65 28 2344 2348
66 92 1685 1658
67 85 1788 1766
68 84 1796 1780
69 66 1976 1948
70 100 1599 1581
71 74 1879 1900
72 65 1977 1998
73 55 2079 2054
74 74 1898 1877
75 29 2362 2387
76 46 2205 2178
77 128 1262 1287
78 145 1136 1138
79 163 921 895
80 147 1081 1102
81 164 924 946
82 138 1186 1201
83 147 1101 1084
84 129 1273 1295
85 146 1104 1132
86 119 1354 1385
87 110 1454 1485
88 110 1507 1486
89 110 1485 1505
90 100 1581 1553
91 91 1682 1653
92 121 1416 1422
93 120 1387 1408
94 94 1671 1691
95 111 1511 1512
96 130 1283 1300
97 137 1198 1222
98 128 1306 1307
99 128 1287 1306
100 120 1408 1409
101 119 1385 1404
102 129 1276 1273
103 139 1175 1180
104 120 1359 1358
105 120 1388 1359
106 114 1478 1497
107 130 1282 1283
108 102 1563 1562
109 102 1590 1563
110 112 1521 1493
111 102 1613 1590
112 103 1598 1574
113 103 1622 1598
114 122 1361 1367
115 132 1275 1296
116 121 1371 1368
117 121 1391 1371
118 112 1469 1470
119 123 1429 1399
120 167 896 922
121 174 815 834
122 141 1171 1172
123 158 1000 1024
124 157 1005 1028
125 157 983 1005
126 138 1185 1186
127 138 1202 1185
128 172 838 823
129 174 858 854
130 181 782 762
131 164 925 901
132 174 811 815
133 176 775 781
134 184 736 750
135 183 764 761
136 173 866 836
137 175 810 794
138 167 874 876
139 177 778 758
140 150 1067 1069
141 178 771 798
142 158 999 975
143 152 1092 1051
144 167 890 874
145 169 905 875
146 159 987 965
147 159 1017 987
148 177 789 807
149 185 735 732
150 185 732 718
151 170 897 873
152 187 706 714
153 187 712 703
154 179 753 733
155 179 784 787
156 188 705 699
157 178 795 765
158 161 979 1002
159 179 787 753
160 187 714 712
161 177 807 806
162 178 798 795
163 168 914 885
164 170 892 897
165 169 909 905
166 151 1091 1062
167 151 1110 1091
168 131 1318 1292
169 144 1187 1170
170 135 1285 1301
171 126 1374 1362
172 126 1392 1411
173 108 1564 1587
174 117 1482 1494
175 117 1449 1482
176 115 1518 1490
177 97 1684 1657
178 88 1761 1765
179 89 1777 1747
180 116 1460 1462
181 126 1362 1392
182 114 1526 1495
183 114 1528 1526
184 133 1260 1268
185 143 1156 1188
186 124 1378 1379
187 134 1255 1288
188 159 1018 1017
189 149 1116 1120
190 133 1268 1294
191 142 1161 1191
192 123 1399 1383
193 115 1490 1471
194 113 1481 1477
195 114 1495 1478
196 95 1677 1679
197 95 1697 1677
198 86 1772 1775
199 88 1817 1815
200 86 1793 1772
201 86 1821 1793
202 48 2191 2188
203 68 1983 2010
204 51 2151 2173
205 60 2081 2106
206 41 2258 2230
207 71 1975 1944
208 34 2395 2361
209 52 2214 2183
210 78 1869 1874
211 89 1747 1783
212 77 1918 1890
213 59 2080 2058
214 79 1860 1863
215 80 1844 1851
216 89 1804 1801
217 78 1923 1889
218 99 1659 1681
219 90 1786 1782
220 81 1864 1886
221 72 1987 1982
222 61 2111 2117
223 61 2063 2069
224 62 2048 2057
225 80 1904 1901
226 69 2020 1989
227 71 2004 2003
228 60 2107 2083
229 43 2261 2260
230 62 2082 2114
231 45 2293 2317
232 53 2170 2194
233 45 2295 2293
234 63 2070 2094
235 63 2094 2099
236 36 2410 2407
237 43 2315 2292
238 26 2526 2497
239 34 2420 2395
240 16 2619 2597
241 27 2563 2570
242 26 2505 2541
243 33 2393 2371
244 15 2580 2555
245 25 2521 2527
246 15 2602 2580
247 52 2211 2214
248 42 2262 2286
249 42 2290 2267
250 25 2499 2463
251 51 2196 2200
252 51 2173 2196
253 22 2442 2413
254 24 2498 2481
255 32 2355 2329
256 23 2446 2472
257 32 2373 2355
258 14 2562 2535
259 7 2656 2666
260 3 2617 2615
261 14 2535 2531
262 15 2598 2602
263 37 2276 2256
264 14 2581 2584
265 13 2568 2571
266 40 2252 2269
267 38 2296 2294
268 22 2413 2417
269 31 2320 2347
270 21 2443 2423
271 32 2326 2324
272 12 2507 2515
273 13 2545 2523
274 33 2389 2393
275 32 2350 2373
276 59 2101 2100
277 57 2045 2040
278 32 2324 2350
279 49 2167 2180
280 68 1964 1983
281 78 1874 1891
282 69 1988 2018
283 69 1972 1988
284 104 1632 1634
285 94 1716 1718
286 93 1708 1688
287 75 1878 1849
288 86 1819 1821
289 75 1894 1878
290 59 2078 2101
291 59 2056 2078
292 57 2086 2073
293 47 2150 2177
294 57 2071 2088
295 66 1973 1992
296 55 2113 2079
297 38 2266 2246
298 92 1705 1685
299 83 1781 1803
300 67 2001 2002
301 66 1992 1991
302 82 1784 1759
303 93 1710 1708
304 92 1683 1705
305 84 1797 1796
306 83 1803 1800
307 75 1895 1894
308 74 1900 1898
309 20 2475 2449
310 11 2536 2508
311 30 2357 2376
312 30 2334 2357
313 29 2385 2384
314 29 2387 2385
315 3 2615 2635
316 2 2604 2603
317 10 2509 2518
318 10 2533 2509
319 1 2592 2591
320 2 2603 2622
321 120 1409 1388
322 97 1657 1663
323 131 1264 1293
324 101 1605 1586
325 106 1566 1592
326 155 1038 1013
327 49 2135 2167
328 39 2264 2285
329 8 2672 2665
330 41 2232 2253
331 34 2361 2383
332 85 1766 1764
333 26 2497 2488
334 48 2142 2174
335 14 2584 2562
336 163 940 941
337 164 901 902
338 154 1034 1010
339 174 854 831
340 143 1190 1155
341 154 1035 1034
342 67 1958 1956
343 148 1125 1124
344 165 928 950
345 140 1193 1211
346 148 1124 1099
347 148 1099 1077
348 158 1024 1023
349 165 945 923
350 157 1001 980
351 164 946 947
352 167 920 890
353 80 1880 1904
354 142 1160 1161
355 166 910 887
356 153 1075 1068
357 60 2083 2065
358 134 1266 1253
359 140 1214 1192
360 113 1477 1496
361 123 1380 1397
362 143 1188 1204
363 116 1510 1506
364 134 1288 1309
365 108 1541 1564
366 125 1372 1395
367 105 1623 1596
368 113 1531 1499
369 86 1790 1819
370 97 1689 1715
371 97 1663 1689
372 99 1629 1659
373 69 1989 1970
374 97 1715 1714
375 7 2668 2658
376 22 2460 2462
377 41 2230 2232
378 24 2481 2450
379 26 2541 2526
380 36 2407 2437
381 17 2633 2618
382 83 1800 1779
383 39 2239 2240
384 13 2571 2545
385 38 2270 2296
386 93 1662 1686
387 86 1775 1790
388 75 1849 1845
389 67 1956 1978
390 91 1653 1651
391 73 1909 1882
392 64 2009 1979
393 56 2044 2075
394 65 1946 1947
395 28 2391 2363
396 38 2246 2248
397 136 1212 1216
398 136 1195 1174
399 164 902 924
400 155 1039 1038
401 163 941 921
402 146 1132 1135
403 148 1078 1100
404 137 1222 1226
405 145 1138 1105
406 127 1302 1303
407 118 1400 1401
408 101 1558 1557
409 109 1502 1483
410 101 1557 1585
411 92 1656 1683
412 111 1489 1464
413 119 1404 1386
414 103 1620 1622
415 101 1586 1558
416 138 1231 1234
417 136 1216 1195
418 119 1386 1355
419 127 1303 1286
420 110 1486 1457
421 118 1401 1384
422 138 1201 1231
423 148 1100 1125
424 129 1295 1319
425 121 1368 1389
426 123 1432 1431
427 139 1200 1230
428 112 1491 1517
429 103 1572 1594
430 103 1574 1572
431 93 1665 1662
432 104 1583 1606
433 94 1674 1671
434 131 1293 1310
435 140 1211 1214
436 130 1300 1328
437 122 1367 1390
438 122 1390 1418
439 115 1471 1472
440 166 932 910
441 182 773 772
442 150 1095 1117
443 157 1027 1001
444 156 1040 1009
445 165 950 945
446 147 1102 1130
447 139 1180 1200
448 173 820 837
449 165 923 907
450 173 819 820
451 165 908 928
452 183 746 764
453 185 722 735
454 183 761 741
455 174 831 811
456 165 907 908
457 176 781 805
458 176 805 827
459 178 748 771
460 159 997 1018
461 177 806 778
462 159 968 997
463 153 1068 1097
464 168 868 888
465 161 952 953
466 160 960 984
467 151 1062 1063
468 176 824 797
469 176 797 775
470 177 758 763
471 162 966 964
472 186 720 709
473 179 733 737
474 180 726 747
475 170 873 840
476 180 723 726
477 170 840 842
478 160 1007 982
479 171 846 848
480 178 765 744
481 168 885 857
482 169 875 851
483 160 958 960
484 161 981 952
485 160 982 958
486 152 1053 1090
487 143 1155 1156
488 123 1383 1380
489 153 1097 1128
490 144 1235 1236
491 135 1301 1334
492 125 1415 1393
493 107 1595 1571
494 116 1501 1484
495 126 1411 1407
496 106 1565 1566
497 98 1647 1680
498 98 1680 1699
499 90 1737 1763
500 125 1395 1415
501 134 1309 1308
502 105 1573 1575
503 104 1608 1582
504 142 1191 1208
505 151 1111 1110
506 133 1294 1321
507 142 1208 1207
508 150 1094 1067
509 140 1192 1164
510 141 1229 1225
511 150 1117 1115
512 124 1379 1398
513 116 1462 1488
514 123 1397 1432
515 115 1472 1492
516 105 1601 1625
517 96 1672 1694
518 96 1694 1722
519 78 1889 1869
520 87 1776 1794
521 77 1871 1870
522 39 2259 2239
523 67 2002 1981
524 60 2106 2107
525 59 2100 2080
526 42 2241 2262
527 72 1932 1969
528 35 2379 2404
529 44 2279 2274
530 88 1789 1817
531 98 1699 1698
532 68 1965 1964
533 60 2067 2081
534 89 1783 1804
535 90 1763 1786
536 79 1884 1860
537 69 1970 1972
538 98 1696 1670
539 80 1875 1844
540 80 1901 1875
541 62 2077 2048
542 51 2176 2152
543 71 1980 2004
544 72 1969 1987
545 70 1984 1961
546 60 2065 2067
547 61 2084 2063
548 51 2152 2151
549 52 2179 2211
550 61 2117 2084
551 53 2221 2226
552 62 2114 2118
553 54 2202 2235
554 62 2118 2077
555 53 2199 2162
556 45 2317 2356
557 35 2386 2379
558 27 2524 2539
559 26 2488 2484
560 7 2658 2656
561 17 2618 2595
562 25 2527 2499
563 24 2450 2445
564 16 2569 2588
565 16 2597 2569
566 6 2651 2648
567 43 2292 2261
568 41 2277 2258
569 33 2349 2341
570 26 2484 2505
571 42 2267 2244
572 50 2189 2168
573 23 2418 2446
574 15 2555 2548
575 33 2341 2360
576 22 2462 2442
577 23 2428 2422
578 15 2548 2572
579 16 2614 2619
580 13 2543 2568
581 24 2459 2492
582 5 2657 2640
583 38 2248 2270
584 4 2647 2627
585 3 2639 2617
586 39 2281 2259
587 28 2363 2344
588 31 2347 2365
589 39 2285 2281
590 22 2417 2441
591 41 2253 2277
592 22 2441 2460
593 14 2531 2549
594 23 2452 2428
595 31 2366 2345
596 49 2166 2140
597 67 1978 2001
598 40 2269 2271
599 48 2188 2171
600 77 1915 1918
601 87 1824 1825
602 68 2012 1985
603 78 1922 1923
604 94 1693 1674
605 84 1780 1755
606 84 1755 1748
607 76 1861 1881
608 76 1885 1862
609 66 1948 1942
610 58 2092 2076
611 68 2010 2012
612 48 2144 2142
613 56 2098 2093
614 56 2093 2072
615 65 1995 1974
616 46 2156 2158
617 39 2240 2264
618 83 1756 1751
619 82 1810 1784
620 57 2073 2045
621 56 2072 2043
622 83 1749 1781
623 83 1779 1756
624 91 1700 1682
625 74 1877 1848
626 73 1882 1858
627 65 1974 1946
628 64 1979 1955
629 11 2508 2516
630 12 2515 2537
631 29 2384 2359
632 38 2294 2291
633 20 2449 2430
634 19 2454 2433
635 12 2560 2564
636 12 2537 2560
637 20 2451 2474
638 11 2516 2534
639 11 2534 2553
640 11 2553 2557
641 367 1410 1412
642 432 1637 1612
643 344 1269 1274
644 418 1607 1609
645 420 1568 1570
646 272 1041 1042
647 566 2139 2143
648 602 2287 2309
649 692 2667 2659
650 587 2228 2227
651 619 2358 2353
652 459 1740 1720
653 642 2473 2444
654 568 2146 2147
655 667 2589 2593
656 261 967 989
657 240 882 865
658 271 1036 1037
659 225 850 843
660 298 1159 1140
661 285 1056 1086
662 507 1933 1911
663 306 1148 1169
664 264 949 973
665 327 1213 1242
666 294 1123 1122
667 283 1076 1050
668 279 1048 1070
669 245 939 937
670 258 978 956
671 263 972 995
672 243 919 917
673 506 1907 1934
674 302 1142 1114
675 233 886 862
676 277 1046 1014
677 537 2066 2034
678 323 1239 1209
679 318 1220 1223
680 396 1475 1473
681 370 1376 1373
682 323 1205 1237
683 401 1535 1555
684 354 1312 1340
685 415 1544 1547
686 371 1375 1377
687 420 1621 1618
688 397 1530 1529
689 485 1816 1837
690 460 1717 1742
691 445 1664 1666
692 440 1636 1639
693 512 1967 1936
694 458 1739 1767
695 689 2660 2649
696 648 2490 2519
697 576 2210 2185
698 634 2455 2438
699 658 2546 2554
700 633 2400 2392
701 683 2638 2643
702 466 1799 1798
703 579 2215 2195
704 664 2576 2577
705 607 2298 2319
706 443 1661 1660
707 470 1771 1768
708 475 1829 1802
709 517 1953 1950
710 426 1631 1600
711 493 1906 1903
712 518 2005 2000
713 544 2047 2051
714 502 1926 1897
715 617 2390 2388
716 582 2222 2203
717 328 1240 1259
718 308 1176 1151
719 246 900 898
720 286 1058 1082
721 246 942 944
722 313 1153 1184
723 295 1079 1080
724 333 1245 1271
725 297 1137 1134
726 349 1335 1353
727 374 1433 1453
728 403 1536 1508
729 391 1503 1504
730 416 1556 1554
731 442 1655 1654
732 381 1466 1441
733 366 1405 1406
734 435 1643 1669
735 404 1559 1537
736 338 1250 1280
737 320 1218 1221
738 350 1356 1337
739 340 1304 1305
740 377 1458 1437
741 365 1402 1403
742 334 1228 1249
743 307 1126 1149
744 355 1314 1338
745 367 1364 1360
746 388 1448 1479
747 337 1232 1251
748 407 1516 1539
749 419 1569 1567
750 409 1545 1523
751 431 1640 1615
752 422 1578 1576
753 435 1645 1624
754 353 1315 1341
755 331 1243 1270
756 359 1326 1345
757 368 1369 1370
758 383 1419 1443
759 386 1445 1428
760 244 930 926
761 215 796 816
762 304 1118 1146
763 269 1026 1025
764 270 1031 1030
765 259 970 985
766 311 1131 1154
767 322 1182 1183
768 229 821 822
769 241 894 877
770 217 800 779
771 248 906 903
772 213 768 793
773 206 738 759
774 202 757 754
775 213 808 786
776 242 884 864
777 219 788 791
778 231 829 852
779 211 752 755
780 278 1020 1047
781 211 804 801
782 268 971 974
783 291 1065 1061
784 243 869 871
785 249 927 899
786 267 961 963
787 276 1044 1015
788 214 818 809
789 206 770 749
790 203 740 727
791 251 935 904
792 192 717 716
793 197 719 710
794 205 728 731
795 220 841 812
796 194 711 704
797 223 814 792
798 265 1004 1003
799 222 813 785
800 199 743 724
801 227 856 830
802 224 849 826
803 252 933 913
804 247 955 929
805 250 957 931
806 290 1054 1060
807 299 1139 1108
808 360 1349 1323
809 314 1121 1147
810 339 1252 1284
811 362 1329 1344
812 369 1414 1413
813 415 1593 1591
814 390 1500 1498
815 375 1436 1452
816 408 1540 1515
817 441 1650 1652
818 454 1702 1736
819 465 1741 1746
820 380 1417 1440
821 352 1339 1363
822 412 1546 1524
823 413 1579 1548
824 325 1210 1241
825 299 1141 1157
826 361 1325 1348
827 324 1238 1257
828 278 1066 1045
829 303 1166 1144
830 332 1248 1272
831 302 1143 1163
832 372 1381 1382
833 393 1465 1467
834 389 1430 1447
835 395 1474 1476
836 437 1627 1648
837 447 1673 1675
838 462 1725 1745
839 486 1868 1838
840 472 1774 1773
841 487 1841 1822
842 577 2237 2212
843 520 2006 2007
844 556 2126 2148
845 545 2102 2103
846 590 2238 2236
847 515 1937 1941
848 625 2374 2367
849 586 2249 2217
850 486 1818 1840
851 450 1729 1752
852 511 1938 1919
853 545 2064 2062
854 481 1808 1835
855 474 1791 1826
856 481 1857 1831
857 514 1939 1921
858 440 1690 1687
859 474 1843 1813
860 490 1893 1892
861 524 2039 2021
862 558 2155 2130
863 533 2008 2033
864 524 1990 2025
865 506 1957 1929
866 539 2036 2019
867 533 2061 2030
868 556 2128 2109
869 585 2207 2234
870 546 2116 2115
871 591 2257 2288
872 564 2134 2163
873 592 2233 2263
874 542 2112 2105
875 559 2164 2131
876 620 2351 2378
877 613 2354 2323
878 658 2506 2502
879 640 2456 2427
880 687 2641 2623
881 670 2601 2585
882 655 2529 2532
883 632 2424 2398
884 673 2565 2561
885 663 2574 2547
886 684 2632 2606
887 585 2265 2242
888 590 2280 2284
889 605 2321 2297
890 655 2482 2477
891 580 2247 2220
892 567 2190 2192
893 637 2416 2414
894 657 2530 2501
895 614 2336 2333
896 637 2466 2470
897 624 2402 2377
898 667 2544 2542
899 687 2637 2654
900 676 2567 2590
901 656 2485 2504
902 682 2642 2625
903 594 2251 2254
904 679 2630 2609
905 676 2620 2594
906 589 2278 2272
907 607 2342 2314
908 621 2368 2396
909 599 2306 2325
910 636 2419 2421
911 600 2275 2302
912 645 2461 2489
913 664 2528 2525
914 629 2436 2411
915 611 2369 2370
916 552 2138 2123
917 528 1999 2024
918 598 2299 2322
919 566 2187 2181
920 511 1935 1962
921 489 1842 1873
922 521 2013 2015
923 514 1940 1971
924 438 1676 1649
925 457 1760 1738
926 453 1735 1711
927 492 1856 1853
928 485 1865 1839
929 500 1927 1899
930 543 2096 2097
931 535 2031 2055
932 548 2119 2087
933 554 2127 2153
934 540 2090 2089
935 516 1994 1993
936 560 2129 2108
937 593 2243 2245
938 452 1733 1706
939 467 1807 1806
940 528 2046 2027
941 526 2042 2022
942 467 1754 1757
943 456 1753 1734
944 442 1701 1704
945 476 1847 1827
946 480 1855 1830
947 501 1945 1925
948 505 1952 1928
949 650 2493 2471
950 661 2513 2510
951 616 2381 2380
952 603 2313 2335
953 628 2429 2405
954 630 2432 2406
955 674 2586 2611
956 672 2559 2582
957 649 2476 2495
958 660 2514 2512
959 669 2552 2575
960 671 2579 2599
961 379 1463 1439
962 427 1597 1604
963 330 1224 1247
964 429 1656 1635
965 408 1518 1543
966 286 1081 1059
967 549 2092 2120
968 593 2266 2289
969 697 2673 2669
970 576 2186 2209
971 610 2312 2332
972 461 1724 1721
973 643 2457 2453
974 548 2086 2122
975 680 2636 2616
976 260 986 988
977 238 859 863
978 285 1083 1057
979 234 889 870
980 317 1203 1162
981 287 1089 1088
982 509 1915 1912
983 307 1175 1173
984 248 925 948
985 319 1197 1219
986 306 1167 1145
987 294 1098 1074
988 280 1072 1071
989 259 983 962
990 269 1000 977
991 262 993 994
992 255 968 938
993 494 1884 1910
994 300 1111 1112
995 244 896 879
996 281 1022 1019
997 547 2085 2068
998 335 1235 1217
999 331 1275 1246
1000 387 1424 1444
1001 360 1318 1343
1002 315 1189 1206
1003 406 1565 1560
1004 341 1290 1313
1005 399 1501 1532
1006 356 1317 1347
1007 436 1672 1644
1008 414 1583 1550
1009 470 1788 1814
1010 445 1692 1719
1011 432 1614 1641
1012 421 1584 1610
1013 522 1986 1966
1014 460 1770 1769
1015 696 2671 2662
1016 645 2507 2517
1017 575 2182 2184
1018 644 2487 2458
1019 666 2587 2573
1020 618 2339 2364
1021 691 2663 2655
1022 477 1850 1828
1023 577 2191 2193
1024 677 2624 2600
1025 594 2276 2301
1026 431 1613 1638
1027 464 1727 1743
1028 479 1809 1805
1029 507 1908 1930
1030 428 1603 1602
1031 508 1959 1931
1032 534 2060 2029
1033 527 1995 2026
1034 501 1895 1896
1035 631 2435 2409
1036 581 2198 2201
1037 326 1254 1256
1038 320 1198 1177
1039 240 867 881
1040 288 1087 1085
1041 261 990 969
1042 310 1178 1181
1043 284 1040 1055
1044 329 1263 1267
1045 312 1179 1152
1046 348 1351 1352
1047 373 1450 1451
1048 404 1511 1509
1049 400 1552 1533
1050 403 1507 1534
1051 429 1605 1633
1052 394 1491 1468
1053 376 1456 1435
1054 434 1665 1667
1055 418 1588 1561
1056 334 1276 1279
1057 328 1262 1244
1058 366 1387 1357
1059 349 1354 1336
1060 392 1487 1461
1061 374 1454 1434
1062 321 1199 1227
1063 295 1101 1127
1064 342 1289 1311
1065 357 1322 1342
1066 389 1481 1480
1067 322 1202 1233
1068 394 1489 1514
1069 409 1521 1542
1070 411 1527 1525
1071 434 1620 1617
1072 414 1531 1549
1073 438 1632 1628
1074 344 1297 1320
1075 327 1261 1265
1076 347 1298 1324
1077 358 1327 1346
1078 368 1391 1420
1079 385 1426 1427
1080 257 976 951
1081 216 819 817
1082 293 1096 1119
1083 282 1073 1049
1084 284 1078 1052
1085 264 998 991
1086 296 1103 1133
1087 309 1129 1150
1088 217 782 802
1089 245 918 891
1090 216 773 776
1091 242 866 883
1092 204 751 769
1093 198 729 742
1094 212 799 774
1095 225 825 803
1096 241 858 860
1097 209 745 766
1098 219 810 832
1099 200 720 734
1100 268 999 1021
1101 226 853 828
1102 255 920 943
1103 277 1006 1033
1104 230 824 844
1105 247 892 893
1106 252 914 936
1107 275 1008 1011
1108 230 868 835
1109 214 789 767
1110 201 721 725
1111 254 915 911
1112 200 748 730
1113 196 707 708
1114 194 705 715
1115 236 878 845
1116 193 701 702
1117 220 784 790
1118 274 1053 1029
1119 221 777 780
1120 208 760 739
1121 239 880 855
1122 235 872 847
1123 250 909 912
1124 266 992 959
1125 265 979 954
1126 274 1007 1032
1127 298 1106 1107
1128 364 1333 1330
1129 291 1092 1113
1130 335 1266 1278
1131 346 1291 1316
1132 380 1460 1438
1133 425 1647 1619
1134 399 1541 1519
1135 378 1459 1455
1136 406 1510 1513
1137 425 1595 1626
1138 441 1684 1709
1139 449 1696 1728
1140 371 1396 1421
1141 354 1366 1365
1142 410 1520 1522
1143 423 1601 1577
1144 316 1194 1215
1145 300 1160 1158
1146 345 1299 1331
1147 325 1260 1258
1148 292 1093 1064
1149 318 1196 1168
1150 336 1281 1277
1151 304 1171 1165
1152 363 1332 1350
1153 382 1423 1442
1154 370 1394 1425
1155 386 1429 1446
1156 423 1608 1630
1157 436 1623 1646
1158 447 1697 1726
1159 496 1887 1866
1160 463 1723 1744
1161 488 1824 1823
1162 589 2252 2231
1163 530 2050 2028
1164 555 2141 2145
1165 550 2136 2124
1166 578 2189 2213
1167 498 1883 1916
1168 613 2315 2343
1169 588 2221 2219
1170 471 1792 1820
1171 454 1761 1758
1172 513 1922 1920
1173 539 2020 2035
1174 469 1787 1811
1175 465 1777 1795
1176 494 1880 1854
1177 512 1914 1917
1178 449 1737 1712
1179 490 1864 1836
1180 503 1951 1924
1181 542 2070 2038
1182 569 2179 2157
1183 519 1984 2011
1184 515 1975 1996
1185 519 1980 1954
1186 537 2014 2017
1187 546 2082 2059
1188 558 2111 2110
1189 569 2176 2204
1190 562 2160 2132
1191 588 2279 2283
1192 561 2159 2161
1193 572 2199 2229
1194 564 2170 2133
1195 572 2202 2169
1196 604 2310 2346
1197 615 2331 2327
1198 651 2465 2486
1199 642 2439 2434
1200 689 2631 2626
1201 683 2628 2607
1202 665 2583 2556
1203 634 2408 2403
1204 663 2521 2540
1205 678 2605 2578
1206 686 2614 2610
1207 597 2304 2268
1208 600 2326 2307
1209 609 2308 2305
1210 640 2420 2448
1211 595 2282 2255
1212 578 2241 2216
1213 622 2366 2394
1214 659 2511 2503
1215 605 2290 2311
1216 648 2520 2496
1217 629 2389 2382
1218 657 2498 2522
1219 686 2651 2652
1220 662 2538 2566
1221 641 2452 2483
1222 693 2661 2645
1223 582 2205 2224
1224 690 2653 2634
1225 688 2644 2621
1226 599 2320 2300
1227 617 2362 2340
1228 612 2352 2372
1229 602 2330 2328
1230 623 2375 2399
1231 587 2250 2273
1232 636 2443 2464
1233 654 2480 2500
1234 641 2459 2440
1235 622 2418 2397
1236 565 2165 2137
1237 517 1976 1997
1238 596 2316 2318
1239 574 2225 2208
1240 509 1958 1960
1241 488 1871 1872
1242 535 2056 2032
1243 513 1965 1968
1244 446 1695 1678
1245 468 1785 1762
1246 457 1716 1713
1247 483 1812 1834
1248 495 1888 1867
1249 504 1905 1902
1250 549 2135 2121
1251 532 2052 2053
1252 551 2095 2091
1253 557 2156 2154
1254 554 2150 2125
1255 527 2044 2023
1256 557 2098 2104
1257 579 2197 2218
1258 456 1710 1707
1259 482 1859 1833
1260 541 2074 2049
1261 540 2071 2041
1262 451 1700 1732
1263 466 1778 1750
1264 451 1749 1730
1265 491 1876 1846
1266 493 1879 1852
1267 516 1973 1943
1268 518 1977 1949
1269 646 2467 2469
1270 647 2468 2491
1271 627 2425 2401
1272 606 2338 2337
1273 638 2447 2426
1274 639 2451 2431
1275 672 2604 2608
1276 661 2536 2558
1277 639 2454 2478
1278 650 2475 2494
1279 660 2533 2551
1280 669 2592 2596
1281 367 1412 1389
1282 432 1612 1614
1283 344 1274 1297
1284 418 1609 1588
1285 420 1570 1596
1286 272 1042 1016
1287 566 2143 2171
1288 602 2309 2330
1289 692 2659 2646
1290 587 2227 2250
1291 619 2353 2371
1292 459 1720 1718
1293 642 2444 2439
1294 568 2147 2175
1295 667 2593 2572
1296 261 989 990
1297 240 865 867
1298 271 1037 1012
1299 225 843 825
1300 298 1140 1106
1301 285 1086 1083
1302 507 1911 1908
1303 306 1169 1167
1304 264 973 998
1305 327 1242 1261
1306 294 1122 1098
1307 283 1050 1028
1308 279 1070 1069
1309 245 937 918
1310 258 956 934
1311 263 995 996
1312 243 917 888
1313 506 1934 1961
1314 302 1114 1115
1315 233 862 839
1316 277 1014 1006
1317 537 2034 2014
1318 323 1209 1204
1319 318 1223 1196
1320 396 1473 1493
1321 370 1373 1394
1322 323 1237 1253
1323 401 1555 1551
1324 354 1340 1366
1325 415 1547 1571
1326 371 1377 1396
1327 420 1618 1592
1328 397 1529 1497
1329 485 1837 1862
1330 460 1742 1770
1331 445 1666 1692
1332 440 1639 1670
1333 512 1936 1914
1334 458 1767 1765
1335 689 2649 2631
1336 648 2519 2520
1337 576 2185 2186
1338 634 2438 2408
1339 658 2554 2539
1340 633 2392 2415
1341 683 2643 2628
1342 466 1798 1778
1343 579 2195 2197
1344 664 2577 2549
1345 607 2319 2344
1346 443 1660 1685
1347 470 1768 1788
1348 475 1802 1796
1349 517 1950 1976
1350 426 1600 1599
1351 493 1903 1879
1352 518 2000 1977
1353 544 2051 2079
1354 502 1897 1898
1355 617 2388 2362
1356 582 2203 2205
1357 328 1259 1262
1358 308 1151 1136
1359 246 898 921
1360 286 1082 1081
1361 246 944 924
1362 313 1184 1186
1363 295 1080 1101
1364 333 1271 1273
1365 297 1134 1104
1366 349 1353 1354
1367 374 1453 1454
1368 403 1508 1507
1369 391 1504 1485
1370 416 1554 1581
1371 442 1654 1682
1372 381 1441 1416
1373 366 1406 1387
1374 435 1669 1671
1375 404 1537 1511
1376 338 1280 1283
1377 320 1221 1198
1378 350 1337 1306
1379 340 1305 1287
1380 377 1437 1408
1381 365 1403 1385
1382 334 1249 1276
1383 307 1149 1175
1384 355 1338 1359
1385 367 1360 1388
1386 388 1479 1478
1387 337 1251 1282
1388 407 1539 1563
1389 419 1567 1590
1390 409 1523 1521
1391 431 1615 1613
1392 422 1576 1598
1393 435 1624 1622
1394 353 1341 1361
1395 331 1270 1275
1396 359 1345 1371
1397 368 1370 1391
1398 383 1443 1469
1399 386 1428 1429
1400 244 926 896
1401 215 816 815
1402 304 1146 1171
1403 269 1025 1000
1404 270 1030 1005
1405 259 985 983
1406 311 1154 1185
1407 322 1183 1202
1408 229 822 838
1409 241 877 858
1410 217 779 782
1411 248 903 925
1412 213 793 811
1413 206 759 775
1414 202 754 736
1415 213 786 764
1416 242 864 866
1417 219 791 810
1418 231 852 874
1419 211 755 778
1420 278 1047 1067
1421 211 801 771
1422 268 974 999
1423 291 1061 1092
1424 243 871 890
1425 249 899 905
1426 267 963 987
1427 276 1015 1017
1428 214 809 789
1429 206 749 735
1430 203 727 732
1431 251 904 897
1432 192 716 706
1433 197 710 712
1434 205 731 753
1435 220 812 784
1436 194 704 705
1437 223 792 795
1438 265 1003 979
1439 222 785 787
1440 199 724 714
1441 227 830 807
1442 224 826 798
1443 252 913 914
1444 247 929 892
1445 250 931 909
1446 290 1060 1091
1447 299 1108 1110
1448 360 1323 1318
1449 314 1147 1187
1450 339 1284 1285
1451 362 1344 1374
1452 369 1413 1392
1453 415 1591 1564
1454 390 1498 1482
1455 375 1452 1449
1456 408 1515 1518
1457 441 1652 1684
1458 454 1736 1761
1459 465 1746 1777
1460 380 1440 1460
1461 352 1363 1362
1462 412 1524 1526
1463 413 1548 1528
1464 325 1241 1260
1465 299 1157 1156
1466 361 1348 1378
1467 324 1257 1255
1468 278 1045 1018
1469 303 1144 1116
1470 332 1272 1268
1471 302 1163 1161
1472 372 1382 1399
1473 393 1467 1490
1474 389 1447 1481
1475 395 1476 1495
1476 437 1648 1677
1477 447 1675 1697
1478 462 1745 1772
1479 486 1838 1817
1480 472 1773 1793
1481 487 1822 1821
1482 577 2212 2191
1483 520 2007 1983
1484 556 2148 2151
1485 545 2103 2081
1486 590 2236 2258
1487 515 1941 1975
1488 625 2367 2395
1489 586 2217 2214
1490 486 1840 1869
1491 450 1752 1747
1492 511 1919 1918
1493 545 2062 2080
1494 481 1835 1860
1495 474 1826 1844
1496 481 1831 1804
1497 514 1921 1923
1498 440 1687 1659
1499 474 1813 1786
1500 490 1892 1864
1501 524 2021 1987
1502 558 2130 2111
1503 533 2033 2063
1504 524 2025 2048
1505 506 1929 1904
1506 539 2019 2020
1507 533 2030 2004
1508 556 2109 2107
1509 585 2234 2261
1510 546 2115 2082
1511 591 2288 2293
1512 564 2163 2170
1513 592 2263 2295
1514 542 2105 2070
1515 559 2131 2094
1516 620 2378 2410
1517 613 2323 2315
1518 658 2502 2526
1519 640 2427 2420
1520 687 2623 2619
1521 670 2585 2563
1522 655 2532 2505
1523 632 2398 2393
1524 673 2561 2580
1525 663 2547 2521
1526 684 2606 2602
1527 585 2242 2211
1528 590 2284 2262
1529 605 2297 2290
1530 655 2477 2499
1531 580 2220 2196
1532 567 2192 2173
1533 637 2414 2442
1534 657 2501 2498
1535 614 2333 2355
1536 637 2470 2446
1537 624 2377 2373
1538 667 2542 2562
1539 687 2654 2656
1540 676 2590 2617
1541 656 2504 2535
1542 682 2625 2598
1543 594 2254 2276
1544 679 2609 2581
1545 676 2594 2568
1546 589 2272 2252
1547 607 2314 2296
1548 621 2396 2413
1549 599 2325 2320
1550 636 2421 2443
1551 600 2302 2326
1552 645 2489 2507
1553 664 2525 2545
1554 629 2411 2389
1555 611 2370 2350
1556 552 2123 2101
1557 528 2024 2045
1558 598 2322 2324
1559 566 2181 2167
1560 511 1962 1964
1561 489 1873 1874
1562 521 2015 1988
1563 514 1971 1972
1564 438 1649 1632
1565 457 1738 1716
1566 453 1711 1708
1567 492 1853 1878
1568 485 1839 1819
1569 500 1899 1894
1570 543 2097 2078
1571 535 2055 2056
1572 548 2087 2086
1573 554 2153 2150
1574 540 2089 2071
1575 516 1993 1973
1576 560 2108 2113
1577 593 2245 2266
1578 452 1706 1705
1579 467 1806 1781
1580 528 2027 2001
1581 526 2022 1992
1582 467 1757 1784
1583 456 1734 1710
1584 442 1704 1683
1585 476 1827 1797
1586 480 1830 1803
1587 501 1925 1895
1588 505 1928 1900
1589 650 2471 2475
1590 661 2510 2536
1591 616 2380 2357
1592 603 2335 2334
1593 628 2405 2385
1594 630 2406 2387
1595 674 2611 2615
1596 672 2582 2604
1597 649 2495 2509
1598 660 2512 2533
1599 669 2575 2592
1600 671 2599 2603
1601 379 1410 1409
1602 427 1637 1657
1603 330 1269 1264
1604 429 1607 1605
1605 408 1568 1566
1606 286 1041 1038
1607 549 2139 2135
1608 593 2287 2264
1609 697 2667 2672
1610 576 2228 2232
1611 610 2358 2361
1612 461 1740 1766
1613 643 2473 2497
1614 548 2146 2142
1615 680 2589 2584
1616 260 967 940
1617 238 882 901
1618 285 1036 1034
1619 234 850 854
1620 317 1159 1190
1621 287 1056 1035
1622 509 1933 1958
1623 307 1148 1125
1624 248 949 928
1625 319 1213 1193
1626 306 1123 1124
1627 294 1076 1099
1628 280 1048 1024
1629 259 939 945
1630 269 978 1001
1631 262 972 946
1632 255 919 920
1633 494 1907 1880
1634 300 1142 1160
1635 244 886 910
1636 281 1046 1075
1637 547 2066 2083
1638 335 1239 1266
1639 331 1220 1214
1640 387 1475 1477
1641 360 1376 1380
1642 315 1205 1188
1643 406 1535 1510
1644 341 1312 1288
1645 399 1544 1541
1646 356 1375 1372
1647 436 1621 1623
1648 414 1530 1531
1649 470 1816 1790
1650 445 1717 1689
1651 432 1664 1663
1652 421 1636 1629
1653 522 1967 1989
1654 460 1739 1715
1655 696 2660 2668
1656 645 2490 2460
1657 575 2210 2230
1658 644 2455 2481
1659 666 2546 2541
1660 618 2400 2407
1661 691 2638 2633
1662 477 1799 1800
1663 577 2215 2239
1664 677 2576 2571
1665 594 2298 2270
1666 431 1661 1662
1667 464 1771 1775
1668 479 1829 1849
1669 507 1953 1956
1670 428 1631 1653
1671 508 1906 1909
1672 534 2005 2009
1673 527 2047 2044
1674 501 1926 1946
1675 631 2390 2391
1676 581 2222 2246
1677 326 1240 1212
1678 320 1176 1195
1679 240 900 902
1680 288 1058 1039
1681 261 942 941
1682 310 1153 1132
1683 284 1079 1078
1684 329 1245 1222
1685 312 1137 1138
1686 348 1335 1302
1687 373 1433 1400
1688 404 1536 1558
1689 400 1503 1502
1690 403 1556 1557
1691 429 1655 1656
1692 394 1466 1489
1693 376 1405 1404
1694 434 1643 1620
1695 418 1559 1586
1696 334 1250 1231
1697 328 1218 1216
1698 366 1356 1386
1699 349 1304 1303
1700 392 1458 1486
1701 374 1402 1401
1702 321 1228 1201
1703 295 1126 1100
1704 342 1314 1295
1705 357 1364 1368
1706 389 1448 1432
1707 322 1232 1200
1708 394 1516 1491
1709 409 1569 1572
1710 411 1545 1574
1711 434 1640 1665
1712 414 1578 1583
1713 438 1645 1674
1714 344 1315 1293
1715 327 1243 1211
1716 347 1326 1300
1717 358 1369 1367
1718 368 1419 1390
1719 385 1445 1471
1720 257 930 932
1721 216 796 773
1722 293 1118 1095
1723 282 1026 1027
1724 284 1031 1040
1725 264 970 950
1726 296 1131 1102
1727 309 1182 1180
1728 217 821 820
1729 245 894 923
1730 216 800 819
1731 242 906 908
1732 204 768 746
1733 198 738 722
1734 212 757 761
1735 225 808 831
1736 241 884 907
1737 209 788 781
1738 219 829 805
1739 200 752 748
1740 268 1020 997
1741 226 804 806
1742 255 971 968
1743 277 1065 1068
1744 230 869 868
1745 247 927 952
1746 252 961 960
1747 275 1044 1062
1748 230 818 824
1749 214 770 797
1750 201 740 758
1751 254 935 966
1752 200 717 720
1753 196 719 733
1754 194 728 726
1755 236 841 873
1756 193 711 723
1757 220 814 840
1758 274 1004 1007
1759 221 813 846
1760 208 743 765
1761 239 856 885
1762 235 849 875
1763 250 933 958
1764 266 955 981
1765 265 957 982
1766 274 1054 1053
1767 298 1139 1155
1768 364 1349 1383
1769 291 1121 1097
1770 335 1252 1235
1771 346 1329 1301
1772 380 1414 1415
1773 425 1593 1595
1774 399 1500 1501
1775 378 1436 1411
1776 406 1540 1565
1777 425 1650 1647
1778 441 1702 1680
1779 449 1741 1737
1780 371 1417 1395
1781 354 1339 1309
1782 410 1546 1573
1783 423 1579 1608
1784 316 1210 1191
1785 300 1141 1111
1786 345 1325 1294
1787 325 1238 1208
1788 292 1066 1094
1789 318 1166 1192
1790 336 1248 1229
1791 304 1143 1117
1792 363 1381 1379
1793 382 1465 1462
1794 370 1430 1397
1795 386 1474 1472
1796 423 1627 1601
1797 436 1673 1672
1798 447 1725 1694
1799 496 1868 1889
1800 463 1774 1776
1801 488 1841 1871
1802 589 2237 2259
1803 530 2006 2002
1804 555 2126 2106
1805 550 2102 2100
1806 578 2238 2241
1807 498 1937 1932
1808 613 2374 2379
1809 588 2249 2279
1810 471 1818 1789
1811 454 1729 1699
1812 513 1938 1965
1813 539 2064 2067
1814 469 1808 1783
1815 465 1791 1763
1816 494 1857 1884
1817 512 1939 1970
1818 449 1690 1696
1819 490 1843 1875
1820 503 1893 1901
1821 542 2039 2077
1822 569 2155 2176
1823 519 2008 1980
1824 515 1990 1969
1825 519 1957 1984
1826 537 2036 2065
1827 546 2061 2084
1828 558 2128 2152
1829 569 2207 2179
1830 562 2116 2117
1831 588 2257 2221
1832 561 2134 2114
1833 572 2233 2202
1834 564 2112 2118
1835 572 2164 2199
1836 604 2351 2317
1837 615 2354 2386
1838 651 2506 2524
1839 642 2456 2488
1840 689 2641 2658
1841 683 2601 2618
1842 665 2529 2527
1843 634 2424 2450
1844 663 2565 2569
1845 678 2574 2597
1846 686 2632 2651
1847 597 2265 2292
1848 600 2280 2277
1849 609 2321 2349
1850 640 2482 2484
1851 595 2247 2267
1852 578 2190 2189
1853 622 2416 2418
1854 659 2530 2555
1855 605 2336 2341
1856 648 2466 2462
1857 629 2402 2428
1858 657 2544 2548
1859 686 2637 2614
1860 662 2567 2543
1861 641 2485 2459
1862 693 2642 2657
1863 582 2251 2248
1864 690 2630 2647
1865 688 2620 2639
1866 599 2278 2281
1867 617 2342 2363
1868 612 2368 2347
1869 602 2306 2285
1870 623 2419 2417
1871 587 2275 2253
1872 636 2461 2441
1873 654 2528 2531
1874 641 2436 2452
1875 622 2369 2366
1876 565 2138 2166
1877 517 1999 1978
1878 596 2299 2269
1879 574 2187 2188
1880 509 1935 1915
1881 488 1842 1824
1882 535 2013 2012
1883 513 1940 1922
1884 446 1676 1693
1885 468 1760 1780
1886 457 1735 1755
1887 483 1856 1861
1888 495 1865 1885
1889 504 1927 1948
1890 549 2096 2092
1891 532 2031 2010
1892 551 2119 2144
1893 557 2127 2098
1894 554 2090 2093
1895 527 1994 1995
1896 557 2129 2156
1897 579 2243 2240
1898 456 1733 1756
1899 482 1807 1810
1900 541 2046 2073
1901 540 2042 2072
1902 451 1754 1749
1903 466 1753 1779
1904 451 1701 1700
1905 491 1847 1877
1906 493 1855 1882
1907 516 1945 1974
1908 518 1952 1979
1909 646 2493 2508
1910 647 2513 2515
1911 627 2381 2384
1912 606 2313 2294
1913 638 2429 2449
1914 639 2432 2454
1915 672 2586 2560
1916 661 2559 2537
1917 639 2476 2451
1918 650 2514 2516
1919 660 2552 2534
1920 669 2579 2553
1921 379 1439 1410
1922 427 1604 1637
1923 330 1247 1269
1924 429 1635 1607
1925 408 1543 1568
1926 286 1059 1041
1927 549 2120 2139
1928 593 2289 2287
1929 697 2669 2667
1930 576 2209 2228
1931 610 2332 2358
1932 461 1721 1740
1933 643 2453 2473
1934 548 2122 2146
1935 680 2616 2589
1936 260 988 967
1937 238 863 882
1938 285 1057 1036
1939 234 870 850
1940 317 1162 1159
1941 287 1088 1056
1942 509 1912 1933
1943 307 1173 1148
1944 248 948 949
1945 319 1219 1213
1946 306 1145 1123
1947 294 1074 1076
1948 280 1071 1048
1949 259 962 939
1950 269 977 978
1951 262 994 972
1952 255 938 919
1953 494 1910 1907
1954 300 1112 1142
1955 244 879 886
1956 281 1019 1046
1957 547 2068 2066
1958 335 1217 1239
1959 331 1246 1220
1960 387 1444 1475
1961 360 1343 1376
1962 315 1206 1205
1963 406 1560 1535
1964 341 1313 1312
1965 399 1532 1544
1966 356 1347 1375
1967 436 1644 1621
1968 414 1550 1530
1969 470 1814 1816
1970 445 1719 1717
1971 432 1641 1664
1972 421 1610 1636
1973 522 1966 1967
1974 460 1769 1739
1975 696 2662 2660
1976 645 2517 2490
1977 575 2184 2210
1978 644 2458 2455
1979 666 2573 2546
1980 618 2364 2400
1981 691 2655 2638
1982 477 1828 1799
1983 577 2193 2215
1984 677 2600 2576
1985 594 2301 2298
1986 431 1638 1661
1987 464 1743 1771
1988 479 1805 1829
1989 507 1930 1953
1990 428 1602 1631
1991 508 1931 1906
1992 534 2029 2005
1993 527 2026 2047
1994 501 1896 1926
1995 631 2409 2390
1996 581 2201 2222
1997 326 1256 1240
1998 320 1177 1176
1999 240 881 900
2000 288 1085 1058
2001 261 969 942
2002 310 1181 1153
2003 284 1055 1079
2004 329 1267 1245
2005 312 1152 1137
2006 348 1352 1335
2007 373 1451 1433
2008 404 1509 1536
2009 400 1533 1503
2010 403 1534 1556
2011 429 1633 1655
2012 394 1468 1466
2013 376 1435 1405
2014 434 1667 1643
2015 418 1561 1559
2016 334 1279 1250
2017 328 1244 1218
2018 366 1357 1356
2019 349 1336 1304
2020 392 1461 1458
2021 374 1434 1402
2022 321 1227 1228
2023 295 1127 1126
2024 342 1311 1314
2025 357 1342 1364
2026 389 1480 1448
2027 322 1233 1232
2028 394 1514 1516
2029 409 1542 1569
2030 411 1525 1545
2031 434 1617 1640
2032 414 1549 1578
2033 438 1628 1645
2034 344 1320 1315
2035 327 1265 1243
2036 347 1324 1326
2037 358 1346 1369
2038 368 1420 1419
2039 385 1427 1445
2040 257 951 930
2041 216 817 796
2042 293 1119 1118
2043 282 1049 1026
2044 284 1052 1031
2045 264 991 970
2046 296 1133 1131
2047 309 1150 1182
2048 217 802 821
2049 245 891 894
2050 216 776 800
2051 242 883 906
2052 204 769 768
2053 198 742 738
2054 212 774 757
2055 225 803 808
2056 241 860 884
2057 209 766 788
2058 219 832 829
2059 200 734 752
2060 268 1021 1020
2061 226 828 804
2062 255 943 971
2063 277 1033 1065
2064 230 844 869
2065 247 893 927
2066 252 936 961
2067 275 1011 1044
2068 230 835 818
2069 214 767 770
2070 201 725 740
2071 254 911 935
2072 200 730 717
2073 196 708 719
2074 194 715 728
2075 236 845 841
2076 193 702 711
2077 220 790 814
2078 274 1029 1004
2079 221 780 813
2080 208 739 743
2081 239 855 856
2082 235 847 849
2083 250 912 933
2084 266 959 955
2085 265 954 957
2086 274 1032 1054
2087 298 1107 1139
2088 364 1330 1349
2089 291 1113 1121
2090 335 1278 1252
2091 346 1316 1329
2092 380 1438 1414
2093 425 1619 1593
2094 399 1519 1500
2095 378 1455 1436
2096 406 1513 1540
2097 425 1626 1650
2098 441 1709 1702
2099 449 1728 1741
2100 371 1421 1417
2101 354 1365 1339
2102 410 1522 1546
2103 423 1577 1579
2104 316 1215 1210
2105 300 1158 1141
2106 345 1331 1325
2107 325 1258 1238
2108 292 1064 1066
2109 318 1168 1166
2110 336 1277 1248
2111 304 1165 1143
2112 363 1350 1381
2113 382 1442 1465
2114 370 1425 1430
2115 386 1446 1474
2116 423 1630 1627
2117 436 1646 1673
2118 447 1726 1725
2119 496 1866 1868
2120 463 1744 1774
2121 488 1823 1841
2122 589 2231 2237
2123 530 2028 2006
2124 555 2145 2126
2125 550 2124 2102
2126 578 2213 2238
2127 498 1916 1937
2128 613 2343 2374
2129 588 2219 2249
2130 471 1820 1818
2131 454 1758 1729
2132 513 1920 1938
2133 539 2035 2064
2134 469 1811 1808
2135 465 1795 1791
2136 494 1854 1857
2137 512 1917 1939
2138 449 1712 1690
2139 490 1836 1843
2140 503 1924 1893
2141 542 2038 2039
2142 569 2157 2155
2143 519 2011 2008
2144 515 1996 1990
2145 519 1954 1957
2146 537 2017 2036
2147 546 2059 2061
2148 558 2110 2128
2149 569 2204 2207
2150 562 2132 2116
2151 588 2283 2257
2152 561 2161 2134
2153 572 2229 2233
2154 564 2133 2112
2155 572 2169 2164
2156 604 2346 2351
2157 615 2327 2354
2158 651 2486 2506
2159 642 2434 2456
2160 689 2626 2641
2161 683 2607 2601
2162 665 2556 2529
2163 634 2403 2424
2164 663 2540 2565
2165 678 2578 2574
2166 686 2610 2632
2167 597 2268 2265
2168 600 2307 2280
2169 609 2305 2321
2170 640 2448 2482
2171 595 2255 2247
2172 578 2216 2190
2173 622 2394 2416
2174 659 2503 2530
2175 605 2311 2336
2176 648 2496 2466
2177 629 2382 2402
2178 657 2522 2544
2179 686 2652 2637
2180 662 2566 2567
2181 641 2483 2485
2182 693 2645 2642
2183 582 2224 2251
2184 690 2634 2630
2185 688 2621 2620
2186 599 2300 2278
2187 617 2340 2342
2188 612 2372 2368
2189 602 2328 2306
2190 623 2399 2419
2191 587 2273 2275
2192 636 2464 2461
2193 654 2500 2528
2194 641 2440 2436
2195 622 2397 2369
2196 565 2137 2138
2197 517 1997 1999
2198 596 2318 2299
2199 574 2208 2187
2200 509 1960 1935
2201 488 1872 1842
2202 535 2032 2013
2203 513 1968 1940
2204 446 1678 1676
2205 468 1762 1760
2206 457 1713 1735
2207 483 1834 1856
2208 495 1867 1865
2209 504 1902 1927
2210 549 2121 2096
2211 532 2053 2031
2212 551 2091 2119
2213 557 2154 2127
2214 554 2125 2090
2215 527 2023 1994
2216 557 2104 2129
2217 579 2218 2243
2218 456 1707 1733
2219 482 1833 1807
2220 541 2049 2046
2221 540 2041 2042
2222 451 1732 1754
2223 466 1750 1753
2224 451 1730 1701
2225 491 1846 1847
2226 493 1852 1855
2227 516 1943 1945
2228 518 1949 1952
2229 646 2469 2493
2230 647 2491 2513
2231 627 2401 2381
2232 606 2337 2313
2233 638 2426 2429
2234 639 2431 2432
2235 672 2608 2586
2236 661 2558 2559
2237 639 2478 2476
2238 650 2494 2514
2239 660 2551 2552
2240 669 2596 2579
2241 111 1464 1463
2242 107 1580 1597
2243 139 1230 1224
2244 92 1658 1656
2245 115 1520 1518
2246 147 1084 1081
2247 58 2095 2092
2248 38 2291 2266
2249 9 2670 2673
2250 49 2180 2186
2251 43 2308 2312
2252 95 1695 1724
2253 36 2437 2457
2254 57 2088 2086
2255 5 2640 2636
2256 154 1010 986
2257 173 837 859
2258 146 1087 1083
2259 166 887 889
2260 144 1170 1203
2261 145 1105 1089
2262 77 1888 1915
2263 139 1197 1175
2264 164 947 925
2265 139 1224 1197
2266 140 1164 1167
2267 149 1073 1098
2268 149 1096 1072
2269 157 980 983
2270 158 976 1000
2271 155 1013 993
2272 159 965 968
2273 79 1913 1884
2274 151 1093 1111
2275 167 876 896
2276 162 992 1022
2277 61 2069 2085
2278 144 1203 1235
2279 132 1281 1275
2280 122 1418 1424
2281 131 1310 1318
2282 142 1207 1189
2283 106 1589 1565
2284 133 1317 1290
2285 116 1506 1501
2286 133 1321 1317
2287 96 1668 1672
2288 104 1582 1583
2289 85 1812 1788
2290 96 1723 1692
2291 106 1616 1614
2292 108 1587 1584
2293 70 1963 1986
2294 87 1792 1770
2295 8 2663 2671
2296 12 2538 2507
2297 50 2165 2182
2298 25 2463 2487
2299 17 2595 2587
2300 44 2331 2339
2301 8 2665 2663
2302 74 1848 1850
2303 48 2174 2191
2304 4 2627 2624
2305 37 2303 2276
2306 102 1611 1613
2307 95 1724 1727
2308 85 1785 1809
2309 76 1905 1908
2310 101 1585 1603
2311 64 1955 1959
2312 55 2054 2060
2313 65 1998 1995
2314 75 1876 1895
2315 19 2433 2435
2316 47 2177 2198
2317 127 1286 1254
2318 137 1179 1198
2319 172 861 867
2320 146 1103 1087
2321 155 993 990
2322 137 1199 1178
2323 156 1043 1040
2324 128 1289 1263
2325 137 1178 1179
2326 118 1384 1351
2327 109 1483 1450
2328 111 1487 1511
2329 100 1553 1552
2330 110 1505 1507
2331 101 1603 1605
2332 112 1470 1491
2333 110 1457 1456
2334 93 1688 1665
2335 102 1562 1588
2336 129 1298 1276
2337 128 1263 1262
2338 120 1358 1387
2339 119 1355 1354
2340 111 1463 1487
2341 110 1456 1454
2342 137 1226 1199
2343 147 1129 1101
2344 128 1307 1289
2345 129 1319 1322
2346 113 1499 1481
2347 138 1234 1202
2348 111 1512 1489
2349 112 1517 1521
2350 113 1496 1527
2351 103 1594 1620
2352 113 1527 1531
2353 104 1606 1632
2354 130 1327 1297
2355 131 1292 1261
2356 129 1322 1298
2357 130 1328 1327
2358 121 1422 1391
2359 124 1398 1426
2360 158 975 976
2361 173 836 819
2362 149 1120 1096
2363 149 1072 1073
2364 148 1077 1078
2365 156 1009 998
2366 146 1135 1103
2367 147 1130 1129
2368 181 783 782
2369 166 889 918
2370 182 756 773
2371 173 859 866
2372 182 772 751
2373 184 745 729
2374 175 794 799
2375 175 799 825
2376 174 834 858
2377 184 750 745
2378 175 833 810
2379 186 721 720
2380 158 1023 999
2381 169 851 853
2382 167 922 920
2383 161 1002 1006
2384 176 827 824
2385 170 872 892
2386 168 916 914
2387 160 984 1008
2388 168 857 868
2389 177 763 789
2390 186 713 721
2391 171 878 915
2392 178 744 748
2393 188 700 707
2394 188 707 705
2395 171 848 878
2396 189 698 701
2397 179 760 784
2398 152 1051 1053
2399 180 747 777
2400 179 737 760
2401 169 853 880
2402 170 842 872
2403 169 880 909
2404 162 964 992
2405 161 953 979
2406 160 1008 1007
2407 152 1090 1106
2408 132 1296 1333
2409 152 1109 1092
2410 134 1291 1266
2411 134 1308 1291
2412 116 1459 1460
2413 98 1642 1647
2414 108 1538 1541
2415 116 1484 1459
2416 116 1488 1510
2417 107 1597 1595
2418 97 1714 1684
2419 98 1698 1696
2420 124 1423 1396
2421 125 1393 1366
2422 115 1492 1520
2423 105 1575 1601
2424 141 1225 1194
2425 142 1189 1160
2426 132 1332 1299
2427 133 1290 1260
2428 151 1063 1093
2429 141 1172 1196
2430 132 1299 1281
2431 141 1194 1171
2432 132 1333 1332
2433 124 1426 1423
2434 122 1424 1394
2435 123 1431 1429
2436 104 1634 1608
2437 105 1625 1623
2438 95 1727 1697
2439 79 1863 1887
2440 96 1722 1723
2441 87 1794 1824
2442 40 2225 2252
2443 58 2052 2050
2444 50 2168 2141
2445 50 2141 2136
2446 50 2182 2189
2447 81 1886 1883
2448 43 2312 2315
2449 53 2194 2221
2450 87 1825 1792
2451 88 1787 1761
2452 78 1891 1922
2453 69 2018 2020
2454 88 1815 1787
2455 89 1801 1777
2456 80 1851 1880
2457 79 1887 1914
2458 90 1731 1737
2459 81 1832 1864
2460 71 1944 1951
2461 63 2037 2070
2462 52 2160 2179
2463 70 2016 1984
2464 71 2003 1975
2465 71 1951 1980
2466 70 1986 2014
2467 62 2057 2082
2468 61 2085 2111
2469 51 2200 2176
2470 52 2159 2160
2471 44 2310 2279
2472 52 2183 2159
2473 53 2226 2199
2474 53 2162 2170
2475 54 2172 2202
2476 44 2339 2310
2477 44 2304 2331
2478 36 2457 2465
2479 35 2404 2439
2480 17 2605 2631
2481 18 2612 2628
2482 17 2587 2583
2483 34 2383 2408
2484 25 2511 2521
2485 17 2583 2605
2486 16 2588 2614
2487 44 2274 2304
2488 32 2329 2326
2489 43 2282 2308
2490 34 2412 2420
2491 43 2260 2282
2492 42 2244 2241
2493 31 2365 2366
2494 25 2487 2511
2495 42 2286 2290
2496 13 2523 2520
2497 33 2360 2389
2498 24 2492 2498
2499 6 2664 2651
2500 12 2564 2538
2501 23 2480 2452
2502 6 2648 2661
2503 46 2206 2205
2504 5 2636 2653
2505 4 2624 2644
2506 31 2316 2320
2507 29 2338 2362
2508 30 2375 2352
2509 30 2352 2330
2510 30 2376 2375
2511 40 2271 2250
2512 21 2468 2443
2513 23 2472 2480
2514 24 2445 2459
2515 23 2422 2418
2516 50 2136 2165
2517 66 1991 1976
2518 31 2345 2316
2519 40 2223 2225
2520 67 1981 1958
2521 77 1890 1871
2522 59 2058 2056
2523 68 1985 1965
2524 95 1679 1695
2525 85 1764 1785
2526 94 1691 1716
2527 85 1809 1812
2528 77 1870 1888
2529 76 1881 1905
2530 49 2140 2135
2531 58 2076 2052
2532 58 2074 2095
2533 46 2178 2156
2534 47 2149 2150
2535 56 2043 2044
2536 56 2075 2098
2537 47 2198 2197
2538 93 1686 1710
2539 73 1858 1859
2540 58 2050 2074
2541 57 2040 2071
2542 91 1703 1700
2543 84 1748 1778
2544 83 1751 1749
2545 75 1845 1876
2546 74 1850 1879
2547 66 1942 1973
2548 65 1947 1977
2549 21 2447 2467
2550 21 2467 2468
2551 21 2423 2425
2552 29 2359 2338
2553 21 2425 2447
2554 20 2430 2451
2555 2 2629 2604
2556 11 2557 2536
2557 19 2479 2454
2558 20 2474 2475
2559 10 2550 2533
2560 1 2613 2592
2561 1389 1412 1416
2562 1614 1612 1589
2563 1297 1274 1282
2564 1588 1609 1611
2565 1596 1570 1573
2566 1016 1042 1043
2567 2171 2143 2144
2568 2330 2309 2334
2569 2646 2659 2650
2570 2250 2227 2223
2571 2371 2353 2349
2572 1718 1720 1693
2573 2439 2444 2415
2574 2175 2147 2149
2575 2572 2593 2598
2576 990 989 1012
2577 867 865 838
2578 1012 1037 1039
2579 825 843 839
2580 1106 1140 1109
2581 1083 1086 1104
2582 1908 1911 1885
2583 1167 1169 1193
2584 998 973 996
2585 1261 1242 1264
2586 1098 1122 1116
2587 1028 1050 1027
2588 1069 1070 1095
2589 918 937 934
2590 934 956 932
2591 996 995 1016
2592 888 917 916
2593 1961 1934 1963
2594 1115 1114 1094
2595 839 862 833
2596 1006 1014 981
2597 2014 2034 2016
2598 1204 1209 1190
2599 1196 1223 1229
2600 1493 1473 1469
2601 1394 1373 1361
2602 1253 1237 1255
2603 1551 1555 1580
2604 1366 1340 1372
2605 1571 1547 1551
2606 1396 1377 1378
2607 1592 1618 1616
2608 1497 1529 1528
2609 1862 1837 1861
2610 1770 1742 1776
2611 1692 1666 1668
2612 1670 1639 1642
2613 1914 1936 1913
2614 1765 1767 1789
2615 2631 2649 2633
2616 2520 2519 2543
2617 2186 2185 2166
2618 2408 2438 2412
2619 2539 2554 2563
2620 2415 2392 2386
2621 2628 2643 2646
2622 1778 1798 1797
2623 2197 2195 2175
2624 2549 2577 2581
2625 2344 2319 2348
2626 1685 1660 1658
2627 1788 1768 1766
2628 1796 1802 1780
2629 1976 1950 1948
2630 1599 1600 1581
2631 1879 1903 1900
2632 1977 2000 1998
2633 2079 2051 2054
2634 1898 1897 1877
2635 2362 2388 2387
2636 2205 2203 2178
2637 1262 1259 1287
2638 1136 1151 1138
2639 921 898 895
2640 1081 1082 1102
2641 924 944 946
2642 1186 1184 1201
2643 1101 1080 1084
2644 1273 1271 1295
2645 1104 1134 1132
2646 1354 1353 1385
2647 1454 1453 1485
2648 1507 1508 1486
2649 1485 1504 1505
2650 1581 1554 1553
2651 1682 1654 1653
2652 1416 1441 1422
2653 1387 1406 1408
2654 1671 1669 1691
2655 1511 1537 1512
2656 1283 1280 1300
2657 1198 1221 1222
2658 1306 1337 1307
2659 1287 1305 1306
2660 1408 1437 1409
2661 1385 1403 1404
2662 1276 1249 1273
2663 1175 1149 1180
2664 1359 1338 1358
2665 1388 1360 1359
2666 1478 1479 1497
2667 1282 1251 1283
2668 1563 1539 1562
2669 1590 1567 1563
2670 1521 1523 1493
2671 1613 1615 1590
2672 1598 1576 1574
2673 1622 1624 1598
2674 1361 1341 1367
2675 1275 1270 1296
2676 1371 1345 1368
2677 1391 1370 1371
2678 1469 1443 1470
2679 1429 1428 1399
2680 896 926 922
2681 815 816 834
2682 1171 1146 1172
2683 1000 1025 1024
2684 1005 1030 1028
2685 983 985 1005
2686 1185 1154 1186
2687 1202 1183 1185
2688 838 822 823
2689 858 877 854
2690 782 779 762
2691 925 903 901
2692 811 793 815
2693 775 759 781
2694 736 754 750
2695 764 786 761
2696 866 864 836
2697 810 791 794
2698 874 852 876
2699 778 755 758
2700 1067 1047 1069
2701 771 801 798
2702 999 974 975
2703 1092 1061 1051
2704 890 871 874
2705 905 899 875
2706 987 963 965
2707 1017 1015 987
2708 789 809 807
2709 735 749 732
2710 732 727 718
2711 897 904 873
2712 706 716 714
2713 712 710 703
2714 753 731 733
2715 784 812 787
2716 705 704 699
2717 795 792 765
2718 979 1003 1002
2719 787 785 753
2720 714 724 712
2721 807 830 806
2722 798 826 795
2723 914 913 885
2724 892 929 897
2725 909 931 905
2726 1091 1060 1062
2727 1110 1108 1091
2728 1318 1323 1292
2729 1187 1147 1170
2730 1285 1284 1301
2731 1374 1344 1362
2732 1392 1413 1411
2733 1564 1591 1587
2734 1482 1498 1494
2735 1449 1452 1482
2736 1518 1515 1490
2737 1684 1652 1657
2738 1761 1736 1765
2739 1777 1746 1747
2740 1460 1440 1462
2741 1362 1363 1392
2742 1526 1524 1495
2743 1528 1548 1526
2744 1260 1241 1268
2745 1156 1157 1188
2746 1378 1348 1379
2747 1255 1257 1288
2748 1018 1045 1017
2749 1116 1144 1120
2750 1268 1272 1294
2751 1161 1163 1191
2752 1399 1382 1383
2753 1490 1467 1471
2754 1481 1447 1477
2755 1495 1476 1478
2756 1677 1648 1679
2757 1697 1675 1677
2758 1772 1745 1775
2759 1817 1838 1815
2760 1793 1773 1772
2761 1821 1822 1793
2762 2191 2212 2188
2763 1983 2007 2010
2764 2151 2148 2173
2765 2081 2103 2106
2766 2258 2236 2230
2767 1975 1941 1944
2768 2395 2367 2361
2769 2214 2217 2183
2770 1869 1840 1874
2771 1747 1752 1783
2772 1918 1919 1890
2773 2080 2062 2058
2774 1860 1835 1863
2775 1844 1826 1851
2776 1804 1831 1801
2777 1923 1921 1889
2778 1659 1687 1681
2779 1786 1813 1782
2780 1864 1892 1886
2781 1987 2021 1982
2782 2111 2130 2117
2783 2063 2033 2069
2784 2048 2025 2057
2785 1904 1929 1901
2786 2020 2019 1989
2787 2004 2030 2003
2788 2107 2109 2083
2789 2261 2234 2260
2790 2082 2115 2114
2791 2293 2288 2317
2792 2170 2163 2194
2793 2295 2263 2293
2794 2070 2105 2094
2795 2094 2131 2099
2796 2410 2378 2407
2797 2315 2323 2292
2798 2526 2502 2497
2799 2420 2427 2395
2800 2619 2623 2597
2801 2563 2585 2570
2802 2505 2532 2541
2803 2393 2398 2371
2804 2580 2561 2555
2805 2521 2547 2527
2806 2602 2606 2580
2807 2211 2242 2214
2808 2262 2284 2286
2809 2290 2297 2267
2810 2499 2477 2463
2811 2196 2220 2200
2812 2173 2192 2196
2813 2442 2414 2413
2814 2498 2501 2481
2815 2355 2333 2329
2816 2446 2470 2472
2817 2373 2377 2355
2818 2562 2542 2535
2819 2656 2654 2666
2820 2617 2590 2615
2821 2535 2504 2531
2822 2598 2625 2602
2823 2276 2254 2256
2824 2581 2609 2584
2825 2568 2594 2571
2826 2252 2272 2269
2827 2296 2314 2294
2828 2413 2396 2417
2829 2320 2325 2347
2830 2443 2421 2423
2831 2326 2302 2324
2832 2507 2489 2515
2833 2545 2525 2523
2834 2389 2411 2393
2835 2350 2370 2373
2836 2101 2123 2100
2837 2045 2024 2040
2838 2324 2322 2350
2839 2167 2181 2180
2840 1964 1962 1983
2841 1874 1873 1891
2842 1988 2015 2018
2843 1972 1971 1988
2844 1632 1649 1634
2845 1716 1738 1718
2846 1708 1711 1688
2847 1878 1853 1849
2848 1819 1839 1821
2849 1894 1899 1878
2850 2078 2097 2101
2851 2056 2055 2078
2852 2086 2087 2073
2853 2150 2153 2177
2854 2071 2089 2088
2855 1973 1993 1992
2856 2113 2108 2079
2857 2266 2245 2246
2858 1705 1706 1685
2859 1781 1806 1803
2860 2001 2027 2002
2861 1992 2022 1991
2862 1784 1757 1759
2863 1710 1734 1708
2864 1683 1704 1705
2865 1797 1827 1796
2866 1803 1830 1800
2867 1895 1925 1894
2868 1900 1928 1898
2869 2475 2471 2449
2870 2536 2510 2508
2871 2357 2380 2376
2872 2334 2335 2357
2873 2385 2405 2384
2874 2387 2406 2385
2875 2615 2611 2635
2876 2604 2582 2603
2877 2509 2495 2518
2878 2533 2512 2509
2879 2592 2575 2591
2880 2603 2599 2622
2881 1409 1410 1388
2882 1657 1637 1663
2883 1264 1269 1293
2884 1605 1607 1586
2885 1566 1568 1592
2886 1038 1041 1013
2887 2135 2139 2167
2888 2264 2287 2285
2889 2672 2667 2665
2890 2232 2228 2253
2891 2361 2358 2383
2892 1766 1740 1764
2893 2497 2473 2488
2894 2142 2146 2174
2895 2584 2589 2562
2896 940 967 941
2897 901 882 902
2898 1034 1036 1010
2899 854 850 831
2900 1190 1159 1155
2901 1035 1056 1034
2902 1958 1933 1956
2903 1125 1148 1124
2904 928 949 950
2905 1193 1213 1211
2906 1124 1123 1099
2907 1099 1076 1077
2908 1024 1048 1023
2909 945 939 923
2910 1001 978 980
2911 946 972 947
2912 920 919 890
2913 1880 1907 1904
2914 1160 1142 1161
2915 910 886 887
2916 1075 1046 1068
2917 2083 2066 2065
2918 1266 1239 1253
2919 1214 1220 1192
2920 1477 1475 1496
2921 1380 1376 1397
2922 1188 1205 1204
2923 1510 1535 1506
2924 1288 1312 1309
2925 1541 1544 1564
2926 1372 1375 1395
2927 1623 1621 1596
2928 1531 1530 1499
2929 1790 1816 1819
2930 1689 1717 1715
2931 1663 1664 1689
2932 1629 1636 1659
2933 1989 1967 1970
2934 1715 1739 1714
2935 2668 2660 2658
2936 2460 2490 2462
2937 2230 2210 2232
2938 2481 2455 2450
2939 2541 2546 2526
2940 2407 2400 2437
2941 2633 2638 2618
2942 1800 1799 1779
2943 2239 2215 2240
2944 2571 2576 2545
2945 2270 2298 2296
2946 1662 1661 1686
2947 1775 1771 1790
2948 1849 1829 1845
2949 1956 1953 1978
2950 1653 1631 1651
2951 1909 1906 1882
2952 2009 2005 1979
2953 2044 2047 2075
2954 1946 1926 1947
2955 2391 2390 2363
2956 2246 2222 2248
2957 1212 1240 1216
2958 1195 1176 1174
2959 902 900 924
2960 1039 1058 1038
2961 941 942 921
2962 1132 1153 1135
2963 1078 1079 1100
2964 1222 1245 1226
2965 1138 1137 1105
2966 1302 1335 1303
2967 1400 1433 1401
2968 1558 1536 1557
2969 1502 1503 1483
2970 1557 1556 1585
2971 1656 1655 1683
2972 1489 1466 1464
2973 1404 1405 1386
2974 1620 1643 1622
2975 1586 1559 1558
2976 1231 1250 1234
2977 1216 1218 1195
2978 1386 1356 1355
2979 1303 1304 1286
2980 1486 1458 1457
2981 1401 1402 1384
2982 1201 1228 1231
2983 1100 1126 1125
2984 1295 1314 1319
2985 1368 1364 1389
2986 1432 1448 1431
2987 1200 1232 1230
2988 1491 1516 1517
2989 1572 1569 1594
2990 1574 1545 1572
2991 1665 1640 1662
2992 1583 1578 1606
2993 1674 1645 1671
2994 1293 1315 1310
2995 1211 1243 1214
2996 1300 1326 1328
2997 1367 1369 1390
2998 1390 1419 1418
2999 1471 1445 1472
3000 932 930 910
3001 773 796 772
3002 1095 1118 1117
3003 1027 1026 1001
3004 1040 1031 1009
3005 950 970 945
3006 1102 1131 1130
3007 1180 1182 1200
3008 820 821 837
3009 923 894 907
3010 819 800 820
3011 908 906 928
3012 746 768 764
3013 722 738 735
3014 761 757 741
3015 831 808 811
3016 907 884 908
3017 781 788 805
3018 805 829 827
3019 748 752 771
3020 997 1020 1018
3021 806 804 778
3022 968 971 997
3023 1068 1065 1097
3024 868 869 888
3025 952 927 953
3026 960 961 984
3027 1062 1044 1063
3028 824 818 797
3029 797 770 775
3030 758 740 763
3031 966 935 964
3032 720 717 709
3033 733 719 737
3034 726 728 747
3035 873 841 840
3036 723 711 726
3037 840 814 842
3038 1007 1004 982
3039 846 813 848
3040 765 743 744
3041 885 856 857
3042 875 849 851
3043 958 933 960
3044 981 955 952
3045 982 957 958
3046 1053 1054 1090
3047 1155 1139 1156
3048 1383 1349 1380
3049 1097 1121 1128
3050 1235 1252 1236
3051 1301 1329 1334
3052 1415 1414 1393
3053 1595 1593 1571
3054 1501 1500 1484
3055 1411 1436 1407
3056 1565 1540 1566
3057 1647 1650 1680
3058 1680 1702 1699
3059 1737 1741 1763
3060 1395 1417 1415
3061 1309 1339 1308
3062 1573 1546 1575
3063 1608 1579 1582
3064 1191 1210 1208
3065 1111 1141 1110
3066 1294 1325 1321
3067 1208 1238 1207
3068 1094 1066 1067
3069 1192 1166 1164
3070 1229 1248 1225
3071 1117 1143 1115
3072 1379 1381 1398
3073 1462 1465 1488
3074 1397 1430 1432
3075 1472 1474 1492
3076 1601 1627 1625
3077 1672 1673 1694
3078 1694 1725 1722
3079 1889 1868 1869
3080 1776 1774 1794
3081 1871 1841 1870
3082 2259 2237 2239
3083 2002 2006 1981
3084 2106 2126 2107
3085 2100 2102 2080
3086 2241 2238 2262
3087 1932 1937 1969
3088 2379 2374 2404
3089 2279 2249 2274
3090 1789 1818 1817
3091 1699 1729 1698
3092 1965 1938 1964
3093 2067 2064 2081
3094 1783 1808 1804
3095 1763 1791 1786
3096 1884 1857 1860
3097 1970 1939 1972
3098 1696 1690 1670
3099 1875 1843 1844
3100 1901 1893 1875
3101 2077 2039 2048
3102 2176 2155 2152
3103 1980 2008 2004
3104 1969 1990 1987
3105 1984 1957 1961
3106 2065 2036 2067
3107 2084 2061 2063
3108 2152 2128 2151
3109 2179 2207 2211
3110 2117 2116 2084
3111 2221 2257 2226
3112 2114 2134 2118
3113 2202 2233 2235
3114 2118 2112 2077
3115 2199 2164 2162
3116 2317 2351 2356
3117 2386 2354 2379
3118 2524 2506 2539
3119 2488 2456 2484
3120 2658 2641 2656
3121 2618 2601 2595
3122 2527 2529 2499
3123 2450 2424 2445
3124 2569 2565 2588
3125 2597 2574 2569
3126 2651 2632 2648
3127 2292 2265 2261
3128 2277 2280 2258
3129 2349 2321 2341
3130 2484 2482 2505
3131 2267 2247 2244
3132 2189 2190 2168
3133 2418 2416 2446
3134 2555 2530 2548
3135 2341 2336 2360
3136 2462 2466 2442
3137 2428 2402 2422
3138 2548 2544 2572
3139 2614 2637 2619
3140 2543 2567 2568
3141 2459 2485 2492
3142 2657 2642 2640
3143 2248 2251 2270
3144 2647 2630 2627
3145 2639 2620 2617
3146 2281 2278 2259
3147 2363 2342 2344
3148 2347 2368 2365
3149 2285 2306 2281
3150 2417 2419 2441
3151 2253 2275 2277
3152 2441 2461 2460
3153 2531 2528 2549
3154 2452 2436 2428
3155 2366 2369 2345
3156 2166 2138 2140
3157 1978 1999 2001
3158 2269 2299 2271
3159 2188 2187 2171
3160 1915 1935 1918
3161 1824 1842 1825
3162 2012 2013 1985
3163 1922 1940 1923
3164 1693 1676 1674
3165 1780 1760 1755
3166 1755 1735 1748
3167 1861 1856 1881
3168 1885 1865 1862
3169 1948 1927 1942
3170 2092 2096 2076
3171 2010 2031 2012
3172 2144 2119 2142
3173 2098 2127 2093
3174 2093 2090 2072
3175 1995 1994 1974
3176 2156 2129 2158
3177 2240 2243 2264
3178 1756 1733 1751
3179 1810 1807 1784
3180 2073 2046 2045
3181 2072 2042 2043
3182 1749 1754 1781
3183 1779 1753 1756
3184 1700 1701 1682
3185 1877 1847 1848
3186 1882 1855 1858
3187 1974 1945 1946
3188 1979 1952 1955
3189 2508 2493 2516
3190 2515 2513 2537
3191 2384 2381 2359
3192 2294 2313 2291
3193 2449 2429 2430
3194 2454 2432 2433
3195 2560 2586 2564
3196 2537 2559 2560
3197 2451 2476 2474
3198 2516 2514 2534
3199 2534 2552 2553
3200 2553 2579 2557
3201 1410 1439 1412
3202 1637 1604 1612
3203 1269 1247 1274
3204 1607 1635 1609
3205 1568 1543 1570
3206 1041 1059 1042
3207 2139 2120 2143
3208 2287 2289 2309
3209 2667 2669 2659
3210 2228 2209 2227
3211 2358 2332 2353
3212 1740 1721 1720
3213 2473 2453 2444
3214 2146 2122 2147
3215 2589 2616 2593
3216 967 988 989
3217 882 863 865
3218 1036 1057 1037
3219 850 870 843
3220 1159 1162 1140
3221 1056 1088 1086
3222 1933 1912 1911
3223 1148 1173 1169
3224 949 948 973
3225 1213 1219 1242
3226 1123 1145 1122
3227 1076 1074 1050
3228 1048 1071 1070
3229 939 962 937
3230 978 977 956
3231 972 994 995
3232 919 938 917
3233 1907 1910 1934
3234 1142 1112 1114
3235 886 879 862
3236 1046 1019 1014
3237 2066 2068 2034
3238 1239 1217 1209
3239 1220 1246 1223
3240 1475 1444 1473
3241 1376 1343 1373
3242 1205 1206 1237
3243 1535 1560 1555
3244 1312 1313 1340
3245 1544 1532 1547
3246 1375 1347 1377
3247 1621 1644 1618
3248 1530 1550 1529
3249 1816 1814 1837
3250 1717 1719 1742
3251 1664 1641 1666
3252 1636 1610 1639
3253 1967 1966 1936
3254 1739 1769 1767
3255 2660 2662 2649
3256 2490 2517 2519
3257 2210 2184 2185
3258 2455 2458 2438
3259 2546 2573 2554
3260 2400 2364 2392
3261 2638 2655 2643
3262 1799 1828 1798
3263 2215 2193 2195
3264 2576 2600 2577
3265 2298 2301 2319
3266 1661 1638 1660
3267 1771 1743 1768
3268 1829 1805 1802
3269 1953 1930 1950
3270 1631 1602 1600
3271 1906 1931 1903
3272 2005 2029 2000
3273 2047 2026 2051
3274 1926 1896 1897
3275 2390 2409 2388
3276 2222 2201 2203
3277 1240 1256 1259
3278 1176 1177 1151
3279 900 881 898
3280 1058 1085 1082
3281 942 969 944
3282 1153 1181 1184
3283 1079 1055 1080
3284 1245 1267 1271
3285 1137 1152 1134
3286 1335 1352 1353
3287 1433 1451 1453
3288 1536 1509 1508
3289 1503 1533 1504
3290 1556 1534 1554
3291 1655 1633 1654
3292 1466 1468 1441
3293 1405 1435 1406
3294 1643 1667 1669
3295 1559 1561 1537
3296 1250 1279 1280
3297 1218 1244 1221
3298 1356 1357 1337
3299 1304 1336 1305
3300 1458 1461 1437
3301 1402 1434 1403
3302 1228 1227 1249
3303 1126 1127 1149
3304 1314 1311 1338
3305 1364 1342 1360
3306 1448 1480 1479
3307 1232 1233 1251
3308 1516 1514 1539
3309 1569 1542 1567
3310 1545 1525 1523
3311 1640 1617 1615
3312 1578 1549 1576
3313 1645 1628 1624
3314 1315 1320 1341
3315 1243 1265 1270
3316 1326 1324 1345
3317 1369 1346 1370
3318 1419 1420 1443
3319 1445 1427 1428
3320 930 951 926
3321 796 817 816
3322 1118 1119 1146
3323 1026 1049 1025
3324 1031 1052 1030
3325 970 991 985
3326 1131 1133 1154
3327 1182 1150 1183
3328 821 802 822
3329 894 891 877
3330 800 776 779
3331 906 883 903
3332 768 769 793
3333 738 742 759
3334 757 774 754
3335 808 803 786
3336 884 860 864
3337 788 766 791
3338 829 832 852
3339 752 734 755
3340 1020 1021 1047
3341 804 828 801
3342 971 943 974
3343 1065 1033 1061
3344 869 844 871
3345 927 893 899
3346 961 936 963
3347 1044 1011 1015
3348 818 835 809
3349 770 767 749
3350 740 725 727
3351 935 911 904
3352 717 730 716
3353 719 708 710
3354 728 715 731
3355 841 845 812
3356 711 702 704
3357 814 790 792
3358 1004 1029 1003
3359 813 780 785
3360 743 739 724
3361 856 855 830
3362 849 847 826
3363 933 912 913
3364 955 959 929
3365 957 954 931
3366 1054 1032 1060
3367 1139 1107 1108
3368 1349 1330 1323
3369 1121 1113 1147
3370 1252 1278 1284
3371 1329 1316 1344
3372 1414 1438 1413
3373 1593 1619 1591
3374 1500 1519 1498
3375 1436 1455 1452
3376 1540 1513 1515
3377 1650 1626 1652
3378 1702 1709 1736
3379 1741 1728 1746
3380 1417 1421 1440
3381 1339 1365 1363
3382 1546 1522 1524
3383 1579 1577 1548
3384 1210 1215 1241
3385 1141 1158 1157
3386 1325 1331 1348
3387 1238 1258 1257
3388 1066 1064 1045
3389 1166 1168 1144
3390 1248 1277 1272
3391 1143 1165 1163
3392 1381 1350 1382
3393 1465 1442 1467
3394 1430 1425 1447
3395 1474 1446 1476
3396 1627 1630 1648
3397 1673 1646 1675
3398 1725 1726 1745
3399 1868 1866 1838
3400 1774 1744 1773
3401 1841 1823 1822
3402 2237 2231 2212
3403 2006 2028 2007
3404 2126 2145 2148
3405 2102 2124 2103
3406 2238 2213 2236
3407 1937 1916 1941
3408 2374 2343 2367
3409 2249 2219 2217
3410 1818 1820 1840
3411 1729 1758 1752
3412 1938 1920 1919
3413 2064 2035 2062
3414 1808 1811 1835
3415 1791 1795 1826
3416 1857 1854 1831
3417 1939 1917 1921
3418 1690 1712 1687
3419 1843 1836 1813
3420 1893 1924 1892
3421 2039 2038 2021
3422 2155 2157 2130
3423 2008 2011 2033
3424 1990 1996 2025
3425 1957 1954 1929
3426 2036 2017 2019
3427 2061 2059 2030
3428 2128 2110 2109
3429 2207 2204 2234
3430 2116 2132 2115
3431 2257 2283 2288
3432 2134 2161 2163
3433 2233 2229 2263
3434 2112 2133 2105
3435 2164 2169 2131
3436 2351 2346 2378
3437 2354 2327 2323
3438 2506 2486 2502
3439 2456 2434 2427
3440 2641 2626 2623
3441 2601 2607 2585
3442 2529 2556 2532
3443 2424 2403 2398
3444 2565 2540 2561
3445 2574 2578 2547
3446 2632 2610 2606
3447 2265 2268 2242
3448 2280 2307 2284
3449 2321 2305 2297
3450 2482 2448 2477
3451 2247 2255 2220
3452 2190 2216 2192
3453 2416 2394 2414
3454 2530 2503 2501
3455 2336 2311 2333
3456 2466 2496 2470
3457 2402 2382 2377
3458 2544 2522 2542
3459 2637 2652 2654
3460 2567 2566 2590
3461 2485 2483 2504
3462 2642 2645 2625
3463 2251 2224 2254
3464 2630 2634 2609
3465 2620 2621 2594
3466 2278 2300 2272
3467 2342 2340 2314
3468 2368 2372 2396
3469 2306 2328 2325
3470 2419 2399 2421
3471 2275 2273 2302
3472 2461 2464 2489
3473 2528 2500 2525
3474 2436 2440 2411
3475 2369 2397 2370
3476 2138 2137 2123
3477 1999 1997 2024
3478 2299 2318 2322
3479 2187 2208 2181
3480 1935 1960 1962
3481 1842 1872 1873
3482 2013 2032 2015
3483 1940 1968 1971
3484 1676 1678 1649
3485 1760 1762 1738
3486 1735 1713 1711
3487 1856 1834 1853
3488 1865 1867 1839
3489 1927 1902 1899
3490 2096 2121 2097
3491 2031 2053 2055
3492 2119 2091 2087
3493 2127 2154 2153
3494 2090 2125 2089
3495 1994 2023 1993
3496 2129 2104 2108
3497 2243 2218 2245
3498 1733 1707 1706
3499 1807 1833 1806
3500 2046 2049 2027
3501 2042 2041 2022
3502 1754 1732 1757
3503 1753 1750 1734
3504 1701 1730 1704
3505 1847 1846 1827
3506 1855 1852 1830
3507 1945 1943 1925
3508 1952 1949 1928
3509 2493 2469 2471
3510 2513 2491 2510
3511 2381 2401 2380
3512 2313 2337 2335
3513 2429 2426 2405
3514 2432 2431 2406
3515 2586 2608 2611
3516 2559 2558 2582
3517 2476 2478 2495
3518 2514 2494 2512
3519 2552 2551 2575
3520 2579 2596 2599
3521 1463 1464 1439
3522 1597 1580 1604
3523 1224 1230 1247
3524 1656 1658 1635
3525 1518 1520 1543
3526 1081 1084 1059
3527 2092 2095 2120
3528 2266 2291 2289
3529 2673 2670 2669
3530 2186 2180 2209
3531 2312 2308 2332
3532 1724 1695 1721
3533 2457 2437 2453
3534 2086 2088 2122
3535 2636 2640 2616
3536 986 1010 988
3537 859 837 863
3538 1083 1087 1057
3539 889 887 870
3540 1203 1170 1162
3541 1089 1105 1088
3542 1915 1888 1912
3543 1175 1197 1173
3544 925 947 948
3545 1197 1224 1219
3546 1167 1164 1145
3547 1098 1073 1074
3548 1072 1096 1071
3549 983 980 962
3550 1000 976 977
3551 993 1013 994
3552 968 965 938
3553 1884 1913 1910
3554 1111 1093 1112
3555 896 876 879
3556 1022 992 1019
3557 2085 2069 2068
3558 1235 1203 1217
3559 1275 1281 1246
3560 1424 1418 1444
3561 1318 1310 1343
3562 1189 1207 1206
3563 1565 1589 1560
3564 1290 1317 1313
3565 1501 1506 1532
3566 1317 1321 1347
3567 1672 1668 1644
3568 1583 1582 1550
3569 1788 1812 1814
3570 1692 1723 1719
3571 1614 1616 1641
3572 1584 1587 1610
3573 1986 1963 1966
3574 1770 1792 1769
3575 2671 2663 2662
3576 2507 2538 2517
3577 2182 2165 2184
3578 2487 2463 2458
3579 2587 2595 2573
3580 2339 2331 2364
3581 2663 2665 2655
3582 1850 1848 1828
3583 2191 2174 2193
3584 2624 2627 2600
3585 2276 2303 2301
3586 1613 1611 1638
3587 1727 1724 1743
3588 1809 1785 1805
3589 1908 1905 1930
3590 1603 1585 1602
3591 1959 1955 1931
3592 2060 2054 2029
3593 1995 1998 2026
3594 1895 1876 1896
3595 2435 2433 2409
3596 2198 2177 2201
3597 1254 1286 1256
3598 1198 1179 1177
3599 867 861 881
3600 1087 1103 1085
3601 990 993 969
3602 1178 1199 1181
3603 1040 1043 1055
3604 1263 1289 1267
3605 1179 1178 1152
3606 1351 1384 1352
3607 1450 1483 1451
3608 1511 1487 1509
3609 1552 1553 1533
3610 1507 1505 1534
3611 1605 1603 1633
3612 1491 1470 1468
3613 1456 1457 1435
3614 1665 1688 1667
3615 1588 1562 1561
3616 1276 1298 1279
3617 1262 1263 1244
3618 1387 1358 1357
3619 1354 1355 1336
3620 1487 1463 1461
3621 1454 1456 1434
3622 1199 1226 1227
3623 1101 1129 1127
3624 1289 1307 1311
3625 1322 1319 1342
3626 1481 1499 1480
3627 1202 1234 1233
3628 1489 1512 1514
3629 1521 1517 1542
3630 1527 1496 1525
3631 1620 1594 1617
3632 1531 1527 1549
3633 1632 1606 1628
3634 1297 1327 1320
3635 1261 1292 1265
3636 1298 1322 1324
3637 1327 1328 1346
3638 1391 1422 1420
3639 1426 1398 1427
3640 976 975 951
3641 819 836 817
3642 1096 1120 1119
3643 1073 1072 1049
3644 1078 1077 1052
3645 998 1009 991
3646 1103 1135 1133
3647 1129 1130 1150
3648 782 783 802
3649 918 889 891
3650 773 756 776
3651 866 859 883
3652 751 772 769
3653 729 745 742
3654 799 794 774
3655 825 799 803
3656 858 834 860
3657 745 750 766
3658 810 833 832
3659 720 721 734
3660 999 1023 1021
3661 853 851 828
3662 920 922 943
3663 1006 1002 1033
3664 824 827 844
3665 892 872 893
3666 914 916 936
3667 1008 984 1011
3668 868 857 835
3669 789 763 767
3670 721 713 725
3671 915 878 911
3672 748 744 730
3673 707 700 708
3674 705 707 715
3675 878 848 845
3676 701 698 702
3677 784 760 790
3678 1053 1051 1029
3679 777 747 780
3680 760 737 739
3681 880 853 855
3682 872 842 847
3683 909 880 912
3684 992 964 959
3685 979 953 954
3686 1007 1008 1032
3687 1106 1090 1107
3688 1333 1296 1330
3689 1092 1109 1113
3690 1266 1291 1278
3691 1291 1308 1316
3692 1460 1459 1438
3693 1647 1642 1619
3694 1541 1538 1519
3695 1459 1484 1455
3696 1510 1488 1513
3697 1595 1597 1626
3698 1684 1714 1709
3699 1696 1698 1728
3700 1396 1423 1421
3701 1366 1393 1365
3702 1520 1492 1522
3703 1601 1575 1577
3704 1194 1225 1215
3705 1160 1189 1158
3706 1299 1332 1331
3707 1260 1290 1258
3708 1093 1063 1064
3709 1196 1172 1168
3710 1281 1299 1277
3711 1171 1194 1165
3712 1332 1333 1350
3713 1423 1426 1442
3714 1394 1424 1425
3715 1429 1431 1446
3716 1608 1634 1630
3717 1623 1625 1646
3718 1697 1727 1726
3719 1887 1863 1866
3720 1723 1722 1744
3721 1824 1794 1823
3722 2252 2225 2231
3723 2050 2052 2028
3724 2141 2168 2145
3725 2136 2141 2124
3726 2189 2182 2213
3727 1883 1886 1916
3728 2315 2312 2343
3729 2221 2194 2219
3730 1792 1825 1820
3731 1761 1787 1758
3732 1922 1891 1920
3733 2020 2018 2035
3734 1787 1815 1811
3735 1777 1801 1795
3736 1880 1851 1854
3737 1914 1887 1917
3738 1737 1731 1712
3739 1864 1832 1836
3740 1951 1944 1924
3741 2070 2037 2038
3742 2179 2160 2157
3743 1984 2016 2011
3744 1975 2003 1996
3745 1980 1951 1954
3746 2014 1986 2017
3747 2082 2057 2059
3748 2111 2085 2110
3749 2176 2200 2204
3750 2160 2159 2132
3751 2279 2310 2283
3752 2159 2183 2161
3753 2199 2226 2229
3754 2170 2162 2133
3755 2202 2172 2169
3756 2310 2339 2346
3757 2331 2304 2327
3758 2465 2457 2486
3759 2439 2404 2434
3760 2631 2605 2626
3761 2628 2612 2607
3762 2583 2587 2556
3763 2408 2383 2403
3764 2521 2511 2540
3765 2605 2583 2578
3766 2614 2588 2610
3767 2304 2274 2268
3768 2326 2329 2307
3769 2308 2282 2305
3770 2420 2412 2448
3771 2282 2260 2255
3772 2241 2244 2216
3773 2366 2365 2394
3774 2511 2487 2503
3775 2290 2286 2311
3776 2520 2523 2496
3777 2389 2360 2382
3778 2498 2492 2522
3779 2651 2664 2652
3780 2538 2564 2566
3781 2452 2480 2483
3782 2661 2648 2645
3783 2205 2206 2224
3784 2653 2636 2634
3785 2644 2624 2621
3786 2320 2316 2300
3787 2362 2338 2340
3788 2352 2375 2372
3789 2330 2352 2328
3790 2375 2376 2399
3791 2250 2271 2273
3792 2443 2468 2464
3793 2480 2472 2500
3794 2459 2445 2440
3795 2418 2422 2397
3796 2165 2136 2137
3797 1976 1991 1997
3798 2316 2345 2318
3799 2225 2223 2208
3800 1958 1981 1960
3801 1871 1890 1872
3802 2056 2058 2032
3803 1965 1985 1968
3804 1695 1679 1678
3805 1785 1764 1762
3806 1716 1691 1713
3807 1812 1809 1834
3808 1888 1870 1867
3809 1905 1881 1902
3810 2135 2140 2121
3811 2052 2076 2053
3812 2095 2074 2091
3813 2156 2178 2154
3814 2150 2149 2125
3815 2044 2043 2023
3816 2098 2075 2104
3817 2197 2198 2218
3818 1710 1686 1707
3819 1859 1858 1833
3820 2074 2050 2049
3821 2071 2040 2041
3822 1700 1703 1732
3823 1778 1748 1750
3824 1749 1751 1730
3825 1876 1845 1846
3826 1879 1850 1852
3827 1973 1942 1943
3828 1977 1947 1949
3829 2467 2447 2469
3830 2468 2467 2491
3831 2425 2423 2401
3832 2338 2359 2337
3833 2447 2425 2426
3834 2451 2430 2431
3835 2604 2629 2608
3836 2536 2557 2558
3837 2454 2479 2478
3838 2475 2474 2494
3839 2533 2550 2551
3840 2592 2613 2596
3841 1412 381 1416
3842 1612 417 1589
3843 1274 337 1282
3844 1609 430 1611
3845 1570 410 1573
3846 1042 289 1043
3847 2143 551 2144
3848 2309 603 2334
3849 2659 694 2650
3850 2227 573 2223
3851 2353 609 2349
3852 1720 446 1693
3853 2444 633 2415
3854 2147 553 2149
3855 2593 682 2598
3856 989 271 1012
3857 865 229 838
3858 1037 288 1039
3859 843 233 839
3860 1140 301 1109
3861 1086 297 1104
3862 1911 495 1885
3863 1169 319 1193
3864 973 263 996
3865 1242 330 1264
3866 1122 303 1116
3867 1050 282 1027
3868 1070 293 1095
3869 937 258 934
3870 956 257 932
3871 995 272 1016
3872 917 253 916
3873 1934 510 1963
3874 1114 292 1094
3875 862 232 833
3876 1014 266 981
3877 2034 538 2016
3878 1209 317 1190
3879 1223 336 1229
3880 1473 383 1469
3881 1373 353 1361
3882 1237 324 1255
3883 1555 417 1580
3884 1340 356 1372
3885 1547 401 1551
3886 1377 361 1378
3887 1618 433 1616
3888 1529 413 1528
3889 1837 483 1861
3890 1742 463 1776
3891 1666 433 1668
3892 1639 424 1642
3893 1936 510 1913
3894 1767 471 1789
3895 2649 691 2633
3896 2519 662 2543
3897 2185 565 2166
3898 2438 635 2412
3899 2554 670 2563
3900 2392 615 2386
3901 2643 692 2646
3902 1798 476 1797
3903 2195 568 2175
3904 2577 679 2581
3905 2319 608 2348
3906 1660 430 1658
3907 1768 461 1766
3908 1802 468 1780
3909 1950 504 1948
3910 1600 416 1581
3911 1903 505 1900
3912 2000 529 1998
3913 2051 529 2054
3914 1897 491 1877
3915 2388 630 2387
3916 2203 570 2178
3917 1259 340 1287
3918 1151 312 1138
3919 898 237 895
3920 1082 296 1102
3921 944 262 946
3922 1184 321 1201
3923 1080 289 1084
3924 1271 342 1295
3925 1134 310 1132
3926 1353 365 1385
3927 1453 391 1485
3928 1508 392 1486
3929 1504 402 1505
3930 1554 402 1553
3931 1654 428 1653
3932 1441 384 1422
3933 1406 377 1408
3934 1669 444 1691
3935 1537 405 1512
3936 1280 347 1300
3937 1221 329 1222
3938 1337 351 1307
3939 1305 350 1306
3940 1437 379 1409
3941 1403 376 1404
3942 1249 333 1273
3943 1149 309 1180
3944 1338 351 1358
3945 1360 355 1359
3946 1479 397 1497
3947 1251 338 1283
3948 1539 405 1562
3949 1567 407 1563
3950 1523 396 1493
3951 1615 419 1590
3952 1576 411 1574
3953 1624 422 1598
3954 1341 358 1367
3955 1270 343 1296
3956 1345 357 1368
3957 1370 359 1371
3958 1443 384 1470
3959 1428 372 1399
3960 926 256 922
3961 816 228 834
3962 1146 305 1172
3963 1025 280 1024
3964 1030 283 1028
3965 985 270 1005
3966 1154 313 1186
3967 1183 311 1185
3968 822 218 823
3969 877 234 854
3970 779 207 762
3971 903 238 901
3972 793 215 815
3973 759 209 781
3974 754 210 750
3975 786 212 761
3976 864 228 836
3977 791 210 794
3978 852 232 876
3979 755 201 758
3980 1047 279 1069
3981 801 224 798
3982 974 256 975
3983 1061 273 1051
3984 871 231 874
3985 899 235 875
3986 963 253 965
3987 1015 267 987
3988 809 227 807
3989 749 203 732
3990 727 195 718
3991 904 236 873
3992 716 199 714
3993 710 191 703
3994 731 196 733
3995 812 222 787
3996 704 190 699
3997 792 208 765
3998 1003 273 1002
3999 785 205 753
4000 724 197 712
4001 830 226 806
4002 826 223 795
4003 913 239 885
4004 929 251 897
4005 931 249 905
4006 1060 275 1062
4007 1108 290 1091
4008 1323 343 1292
4009 1147 301 1170
4010 1284 346 1301
4011 1344 352 1362
4012 1413 378 1411
4013 1591 424 1587
4014 1498 398 1494
4015 1452 390 1482
4016 1515 393 1490
4017 1652 427 1657
4018 1736 458 1765
4019 1746 450 1747
4020 1440 382 1462
4021 1363 369 1392
4022 1524 395 1495
4023 1548 412 1526
4024 1241 332 1268
4025 1157 315 1188
4026 1348 363 1379
4027 1257 341 1288
4028 1045 276 1017
4029 1144 305 1120
4030 1272 345 1294
4031 1163 316 1191
4032 1382 364 1383
4033 1467 385 1471
4034 1447 387 1477
4035 1476 388 1478
4036 1648 439 1679
4037 1675 437 1677
4038 1745 464 1775
4039 1838 484 1815
4040 1773 462 1772
4041 1822 472 1793
4042 2212 574 2188
4043 2007 532 2010
4044 2148 567 2173
4045 2103 555 2106
4046 2236 575 2230
4047 1941 499 1944
4048 2367 610 2361
4049 2217 571 2183
4050 1840 489 1874
4051 1752 469 1783
4052 1919 497 1890
4053 2062 536 2058
4054 1835 484 1863
4055 1826 478 1851
4056 1831 478 1801
4057 1921 496 1889
4058 1687 448 1681
4059 1813 473 1782
4060 1892 499 1886
4061 2021 523 1982
4062 2130 562 2117
4063 2033 538 2069
4064 2025 531 2057
4065 1929 503 1901
4066 2019 522 1989
4067 2030 531 2003
4068 2109 547 2083
4069 2234 583 2260
4070 2115 561 2114
4071 2288 604 2317
4072 2163 571 2194
4073 2263 591 2293
4074 2105 559 2094
4075 2131 563 2099
4076 2378 618 2407
4077 2323 597 2292
4078 2502 643 2497
4079 2427 625 2395
4080 2623 678 2597
4081 2585 675 2570
4082 2532 666 2541
4083 2398 619 2371
4084 2561 659 2555
4085 2547 665 2527
4086 2606 673 2580
4087 2242 586 2214
4088 2284 601 2286
4089 2297 595 2267
4090 2477 635 2463
4091 2220 583 2200
4092 2192 580 2196
4093 2414 621 2413
4094 2501 644 2481
4095 2333 601 2329
4096 2470 653 2472
4097 2377 614 2355
4098 2542 656 2535
4099 2654 695 2666
4100 2590 674 2615
4101 2504 654 2531
4102 2625 684 2602
4103 2254 584 2256
4104 2609 680 2584
4105 2594 677 2571
4106 2272 596 2269
4107 2314 606 2294
4108 2396 623 2417
4109 2325 612 2347
4110 2421 626 2423
4111 2302 598 2324
4112 2489 647 2515
4113 2525 653 2523
4114 2411 632 2393
4115 2370 624 2373
4116 2123 550 2100
4117 2024 525 2040
4118 2322 611 2350
4119 2181 573 2180
4120 1962 520 1983
4121 1873 497 1891
4122 2015 536 2018
4123 1971 521 1988
4124 1649 439 1634
4125 1738 459 1718
4126 1711 444 1688
4127 1853 479 1849
4128 1839 487 1821
4129 1899 492 1878
4130 2097 552 2101
4131 2055 543 2078
4132 2087 541 2073
4133 2153 570 2177
4134 2089 553 2088
4135 1993 526 1992
4136 2108 544 2079
4137 2245 581 2246
4138 1706 443 1685
4139 1806 480 1803
4140 2027 530 2002
4141 2022 525 1991
4142 1757 455 1759
4143 1734 453 1708
4144 1704 452 1705
4145 1827 475 1796
4146 1830 477 1800
4147 1925 500 1894
4148 1928 502 1898
4149 2471 638 2449
4150 2510 646 2508
4151 2380 626 2376
4152 2335 616 2357
4153 2405 627 2384
4154 2406 628 2385
4155 2611 685 2635
4156 2582 671 2603
4157 2495 652 2518
4158 2512 649 2509
4159 2575 668 2591
4160 2599 681 2622
4161 1410 367 1388
4162 1637 432 1663
4163 1269 344 1293
4164 1607 418 1586
4165 1568 420 1592
4166 1041 272 1013
4167 2139 566 2167
4168 2287 602 2285
4169 2667 692 2665
4170 2228 587 2253
4171 2358 619 2383
4172 1740 459 1764
4173 2473 642 2488
4174 2146 568 2174
4175 2589 667 2562
4176 967 261 941
4177 882 240 902
4178 1036 271 1010
4179 850 225 831
4180 1159 298 1155
4181 1056 285 1034
4182 1933 507 1956
4183 1148 306 1124
4184 949 264 950
4185 1213 327 1211
4186 1123 294 1099
4187 1076 283 1077
4188 1048 279 1023
4189 939 245 923
4190 978 258 980
4191 972 263 947
4192 919 243 890
4193 1907 506 1904
4194 1142 302 1161
4195 886 233 887
4196 1046 277 1068
4197 2066 537 2065
4198 1239 323 1253
4199 1220 318 1192
4200 1475 396 1496
4201 1376 370 1397
4202 1205 323 1204
4203 1535 401 1506
4204 1312 354 1309
4205 1544 415 1564
4206 1375 371 1395
4207 1621 420 1596
4208 1530 397 1499
4209 1816 485 1819
4210 1717 460 1715
4211 1664 445 1689
4212 1636 440 1659
4213 1967 512 1970
4214 1739 458 1714
4215 2660 689 2658
4216 2490 648 2462
4217 2210 576 2232
4218 2455 634 2450
4219 2546 658 2526
4220 2400 633 2437
4221 2638 683 2618
4222 1799 466 1779
4223 2215 579 2240
4224 2576 664 2545
4225 2298 607 2296
4226 1661 443 1686
4227 1771 470 1790
4228 1829 475 1845
4229 1953 517 1978
4230 1631 426 1651
4231 1906 493 1882
4232 2005 518 1979
4233 2047 544 2075
4234 1926 502 1947
4235 2390 617 2363
4236 2222 582 2248
4237 1240 328 1216
4238 1176 308 1174
4239 900 246 924
4240 1058 286 1038
4241 942 246 921
4242 1153 313 1135
4243 1079 295 1100
4244 1245 333 1226
4245 1137 297 1105
4246 1335 349 1303
4247 1433 374 1401
4248 1536 403 1557
4249 1503 391 1483
4250 1556 416 1585
4251 1655 442 1683
4252 1466 381 1464
4253 1405 366 1386
4254 1643 435 1622
4255 1559 404 1558
4256 1250 338 1234
4257 1218 320 1195
4258 1356 350 1355
4259 1304 340 1286
4260 1458 377 1457
4261 1402 365 1384
4262 1228 334 1231
4263 1126 307 1125
4264 1314 355 1319
4265 1364 367 1389
4266 1448 388 1431
4267 1232 337 1230
4268 1516 407 1517
4269 1569 419 1594
4270 1545 409 1572
4271 1640 431 1662
4272 1578 422 1606
4273 1645 435 1671
4274 1315 353 1310
4275 1243 331 1214
4276 1326 359 1328
4277 1369 368 1390
4278 1419 383 1418
4279 1445 386 1472
4280 930 244 910
4281 796 215 772
4282 1118 304 1117
4283 1026 269 1001
4284 1031 270 1009
4285 970 259 945
4286 1131 311 1130
4287 1182 322 1200
4288 821 229 837
4289 894 241 907
4290 800 217 820
4291 906 248 928
4292 768 213 764
4293 738 206 735
4294 757 202 741
4295 808 213 811
4296 884 242 908
4297 788 219 805
4298 829 231 827
4299 752 211 771
4300 1020 278 1018
4301 804 211 778
4302 971 268 997
4303 1065 291 1097
4304 869 243 888
4305 927 249 953
4306 961 267 984
4307 1044 276 1063
4308 818 214 797
4309 770 206 775
4310 740 203 763
4311 935 251 964
4312 717 192 709
4313 719 197 737
4314 728 205 747
4315 841 220 840
4316 711 194 726
4317 814 223 842
4318 1004 265 982
4319 813 222 848
4320 743 199 744
4321 856 227 857
4322 849 224 851
4323 933 252 960
4324 955 247 952
4325 957 250 958
4326 1054 290 1090
4327 1139 299 1156
4328 1349 360 1380
4329 1121 314 1128
4330 1252 339 1236
4331 1329 362 1334
4332 1414 369 1393
4333 1593 415 1571
4334 1500 390 1484
4335 1436 375 1407
4336 1540 408 1566
4337 1650 441 1680
4338 1702 454 1699
4339 1741 465 1763
4340 1417 380 1415
4341 1339 352 1308
4342 1546 412 1575
4343 1579 413 1582
4344 1210 325 1208
4345 1141 299 1110
4346 1325 361 1321
4347 1238 324 1207
4348 1066 278 1067
4349 1166 303 1164
4350 1248 332 1225
4351 1143 302 1115
4352 1381 372 1398
4353 1465 393 1488
4354 1430 389 1432
4355 1474 395 1492
4356 1627 437 1625
4357 1673 447 1694
4358 1725 462 1722
4359 1868 486 1869
4360 1774 472 1794
4361 1841 487 1870
4362 2237 577 2239
4363 2006 520 1981
4364 2126 556 2107
4365 2102 545 2080
4366 2238 590 2262
4367 1937 515 1969
4368 2374 625 2404
4369 2249 586 2274
4370 1818 486 1817
4371 1729 450 1698
4372 1938 511 1964
4373 2064 545 2081
4374 1808 481 1804
4375 1791 474 1786
4376 1857 481 1860
4377 1939 514 1972
4378 1690 440 1670
4379 1843 474 1844
4380 1893 490 1875
4381 2039 524 2048
4382 2155 558 2152
4383 2008 533 2004
4384 1990 524 1987
4385 1957 506 1961
4386 2036 539 2067
4387 2061 533 2063
4388 2128 556 2151
4389 2207 585 2211
4390 2116 546 2084
4391 2257 591 2226
4392 2134 564 2118
4393 2233 592 2235
4394 2112 542 2077
4395 2164 559 2162
4396 2351 620 2356
4397 2354 613 2379
4398 2506 658 2539
4399 2456 640 2484
4400 2641 687 2656
4401 2601 670 2595
4402 2529 655 2499
4403 2424 632 2445
4404 2565 673 2588
4405 2574 663 2569
4406 2632 684 2648
4407 2265 585 2261
4408 2280 590 2258
4409 2321 605 2341
4410 2482 655 2505
4411 2247 580 2244
4412 2190 567 2168
4413 2416 637 2446
4414 2530 657 2548
4415 2336 614 2360
4416 2466 637 2442
4417 2402 624 2422
4418 2544 667 2572
4419 2637 687 2619
4420 2567 676 2568
4421 2485 656 2492
4422 2642 682 2640
4423 2251 594 2270
4424 2630 679 2627
4425 2620 676 2617
4426 2278 589 2259
4427 2342 607 2344
4428 2368 621 2365
4429 2306 599 2281
4430 2419 636 2441
4431 2275 600 2277
4432 2461 645 2460
4433 2528 664 2549
4434 2436 629 2428
4435 2369 611 2345
4436 2138 552 2140
4437 1999 528 2001
4438 2299 598 2271
4439 2187 566 2171
4440 1935 511 1918
4441 1842 489 1825
4442 2013 521 1985
4443 1940 514 1923
4444 1676 438 1674
4445 1760 457 1755
4446 1735 453 1748
4447 1856 492 1881
4448 1865 485 1862
4449 1927 500 1942
4450 2096 543 2076
4451 2031 535 2012
4452 2119 548 2142
4453 2127 554 2093
4454 2090 540 2072
4455 1994 516 1974
4456 2129 560 2158
4457 2243 593 2264
4458 1733 452 1751
4459 1807 467 1784
4460 2046 528 2045
4461 2042 526 2043
4462 1754 467 1781
4463 1753 456 1756
4464 1701 442 1682
4465 1847 476 1848
4466 1855 480 1858
4467 1945 501 1946
4468 1952 505 1955
4469 2493 650 2516
4470 2513 661 2537
4471 2381 616 2359
4472 2313 603 2291
4473 2429 628 2430
4474 2432 630 2433
4475 2586 674 2564
4476 2559 672 2560
4477 2476 649 2474
4478 2514 660 2534
4479 2552 669 2553
4480 2579 671 2557
4481 1439 381 1412
4482 1604 417 1612
4483 1247 337 1274
4484 1635 430 1609
4485 1543 410 1570
4486 1059 289 1042
4487 2120 551 2143
4488 2289 603 2309
4489 2669 694 2659
4490 2209 573 2227
4491 2332 609 2353
4492 1721 446 1720
4493 2453 633 2444
4494 2122 553 2147
4495 2616 682 2593
4496 988 271 989
4497 863 229 865
4498 1057 288 1037
4499 870 233 843
4500 1162 301 1140
4501 1088 297 1086
4502 1912 495 1911
4503 1173 319 1169
4504 948 263 973
4505 1219 330 1242
4506 1145 303 1122
4507 1074 282 1050
4508 1071 293 1070
4509 962 258 937
4510 977 257 956
4511 994 272 995
4512 938 253 917
4513 1910 510 1934
4514 1112 292 1114
4515 879 232 862
4516 1019 266 1014
4517 2068 538 2034
4518 1217 317 1209
4519 1246 336 1223
4520 1444 383 1473
4521 1343 353 1373
4522 1206 324 1237
4523 1560 417 1555
4524 1313 356 1340
4525 1532 401 1547
4526 1347 361 1377
4527 1644 433 1618
4528 1550 413 1529
4529 1814 483 1837
4530 1719 463 1742
4531 1641 433 1666
4532 1610 424 1639
4533 1966 510 1936
4534 1769 471 1767
4535 2662 691 2649
4536 2517 662 2519
4537 2184 565 2185
4538 2458 635 2438
4539 2573 670 2554
4540 2364 615 2392
4541 2655 692 2643
4542 1828 476 1798
4543 2193 568 2195
4544 2600 679 2577
4545 2301 608 2319
4546 1638 430 1660
4547 1743 461 1768
4548 1805 468 1802
4549 1930 504 1950
4550 1602 416 1600
4551 1931 505 1903
4552 2029 529 2000
4553 2026 529 2051
4554 1896 491 1897
4555 2409 630 2388
4556 2201 570 2203
4557 1256 340 1259
4558 1177 312 1151
4559 881 237 898
4560 1085 296 1082
4561 969 262 944
4562 1181 321 1184
4563 1055 289 1080
4564 1267 342 1271
4565 1152 310 1134
4566 1352 365 1353
4567 1451 391 1453
4568 1509 392 1508
4569 1533 402 1504
4570 1534 402 1554
4571 1633 428 1654
4572 1468 384 1441
4573 1435 377 1406
4574 1667 444 1669
4575 1561 405 1537
4576 1279 347 1280
4577 1244 329 1221
4578 1357 351 1337
4579 1336 350 1305
4580 1461 379 1437
4581 1434 376 1403
4582 1227 333 1249
4583 1127 309 1149
4584 1311 351 1338
4585 1342 355 1360
4586 1480 397 1479
4587 1233 338 1251
4588 1514 405 1539
4589 1542 407 1567
4590 1525 396 1523
4591 1617 419 1615
4592 1549 411 1576
4593 1628 422 1624
4594 1320 358 1341
4595 1265 343 1270
4596 1324 357 1345
4597 1346 359 1370
4598 1420 384 1443
4599 1427 372 1428
4600 951 256 926
4601 817 228 816
4602 1119 305 1146
4603 1049 280 1025
4604 1052 283 1030
4605 991 270 985
4606 1133 313 1154
4607 1150 311 1183
4608 802 218 822
4609 891 234 877
4610 776 207 779
4611 883 238 903
4612 769 215 793
4613 742 209 759
4614 774 210 754
4615 803 212 786
4616 860 228 864
4617 766 210 791
4618 832 232 852
4619 734 201 755
4620 1021 279 1047
4621 828 224 801
4622 943 256 974
4623 1033 273 1061
4624 844 231 871
4625 893 235 899
4626 936 253 963
4627 1011 267 1015
4628 835 227 809
4629 767 203 749
4630 725 195 727
4631 911 236 904
4632 730 199 716
4633 708 191 710
4634 715 196 731
4635 845 222 812
4636 702 190 704
4637 790 208 792
4638 1029 273 1003
4639 780 205 785
4640 739 197 724
4641 855 226 830
4642 847 223 826
4643 912 239 913
4644 959 251 929
4645 954 249 931
4646 1032 275 1060
4647 1107 290 1108
4648 1330 343 1323
4649 1113 301 1147
4650 1278 346 1284
4651 1316 352 1344
4652 1438 378 1413
4653 1619 424 1591
4654 1519 398 1498
4655 1455 390 1452
4656 1513 393 1515
4657 1626 427 1652
4658 1709 458 1736
4659 1728 450 1746
4660 1421 382 1440
4661 1365 369 1363
4662 1522 395 1524
4663 1577 412 1548
4664 1215 332 1241
4665 1158 315 1157
4666 1331 363 1348
4667 1258 341 1257
4668 1064 276 1045
4669 1168 305 1144
4670 1277 345 1272
4671 1165 316 1163
4672 1350 364 1382
4673 1442 385 1467
4674 1425 387 1447
4675 1446 388 1476
4676 1630 439 1648
4677 1646 437 1675
4678 1726 464 1745
4679 1866 484 1838
4680 1744 462 1773
4681 1823 472 1822
4682 2231 574 2212
4683 2028 532 2007
4684 2145 567 2148
4685 2124 555 2103
4686 2213 575 2236
4687 1916 499 1941
4688 2343 610 2367
4689 2219 571 2217
4690 1820 489 1840
4691 1758 469 1752
4692 1920 497 1919
4693 2035 536 2062
4694 1811 484 1835
4695 1795 478 1826
4696 1854 478 1831
4697 1917 496 1921
4698 1712 448 1687
4699 1836 473 1813
4700 1924 499 1892
4701 2038 523 2021
4702 2157 562 2130
4703 2011 538 2033
4704 1996 531 2025
4705 1954 503 1929
4706 2017 522 2019
4707 2059 531 2030
4708 2110 547 2109
4709 2204 583 2234
4710 2132 561 2115
4711 2283 604 2288
4712 2161 571 2163
4713 2229 591 2263
4714 2133 559 2105
4715 2169 563 2131
4716 2346 618 2378
4717 2327 597 2323
4718 2486 643 2502
4719 2434 625 2427
4720 2626 678 2623
4721 2607 675 2585
4722 2556 666 2532
4723 2403 619 2398
4724 2540 659 2561
4725 2578 665 2547
4726 2610 673 2606
4727 2268 586 2242
4728 2307 601 2284
4729 2305 595 2297
4730 2448 635 2477
4731 2255 583 2220
4732 2216 580 2192
4733 2394 621 2414
4734 2503 644 2501
4735 2311 601 2333
4736 2496 653 2470
4737 2382 614 2377
4738 2522 656 2542
4739 2652 695 2654
4740 2566 674 2590
4741 2483 654 2504
4742 2645 684 2625
4743 2224 584 2254
4744 2634 680 2609
4745 2621 677 2594
4746 2300 596 2272
4747 2340 606 2314
4748 2372 623 2396
4749 2328 612 2325
4750 2399 626 2421
4751 2273 598 2302
4752 2464 647 2489
4753 2500 653 2525
4754 2440 632 2411
4755 2397 624 2370
4756 2137 550 2123
4757 1997 525 2024
4758 2318 611 2322
4759 2208 573 2181
4760 1960 520 1962
4761 1872 497 1873
4762 2032 536 2015
4763 1968 521 1971
4764 1678 439 1649
4765 1762 459 1738
4766 1713 444 1711
4767 1834 479 1853
4768 1867 487 1839
4769 1902 492 1899
4770 2121 552 2097
4771 2053 543 2055
4772 2091 541 2087
4773 2154 570 2153
4774 2125 553 2089
4775 2023 526 1993
4776 2104 544 2108
4777 2218 581 2245
4778 1707 443 1706
4779 1833 480 1806
4780 2049 530 2027
4781 2041 525 2022
4782 1732 455 1757
4783 1750 453 1734
4784 1730 452 1704
4785 1846 475 1827
4786 1852 477 1830
4787 1943 500 1925
4788 1949 502 1928
4789 2469 638 2471
4790 2491 646 2510
4791 2401 626 2380
4792 2337 616 2335
4793 2426 627 2405
4794 2431 628 2406
4795 2608 685 2611
4796 2558 671 2582
4797 2478 652 2495
4798 2494 649 2512
4799 2551 668 2575
4800 2596 681 2599
4801 1464 381 1439
4802 1580 417 1604
4803 1230 337 1247
4804 1658 430 1635
4805 1520 410 1543
4806 1084 289 1059
4807 2095 551 2120
4808 2291 603 2289
4809 2670 694 2669
4810 2180 573 2209
4811 2308 609 2332
4812 1695 446 1721
4813 2437 633 2453
4814 2088 553 2122
4815 2640 682 2616
4816 1010 271 988
4817 837 229 863
4818 1087 288 1057
4819 887 233 870
4820 1170 301 1162
4821 1105 297 1088
4822 1888 495 1912
4823 1197 319 1173
4824 947 263 948
4825 1224 330 1219
4826 1164 303 1145
4827 1073 282 1074
4828 1096 293 1071
4829 980 258 962
4830 976 257 977
4831 1013 272 994
4832 965 253 938
4833 1913 510 1910
4834 1093 292 1112
4835 876 232 879
4836 992 266 1019
4837 2069 538 2068
4838 1203 317 1217
4839 1281 336 1246
4840 1418 383 1444
4841 1310 353 1343
4842 1207 324 1206
4843 1589 417 1560
4844 1317 356 1313
4845 1506 401 1532
4846 1321 361 1347
4847 1668 433 1644
4848 1582 413 1550
4849 1812 483 1814
4850 1723 463 1719
4851 1616 433 1641
4852 1587 424 1610
4853 1963 510 1966
4854 1792 471 1769
4855 2663 691 2662
4856 2538 662 2517
4857 2165 565 2184
4858 2463 635 2458
4859 2595 670 2573
4860 2331 615 2364
4861 2665 692 2655
4862 1848 476 1828
4863 2174 568 2193
4864 2627 679 2600
4865 2303 608 2301
4866 1611 430 1638
4867 1724 461 1743
4868 1785 468 1805
4869 1905 504 1930
4870 1585 416 1602
4871 1955 505 1931
4872 2054 529 2029
4873 1998 529 2026
4874 1876 491 1896
4875 2433 630 2409
4876 2177 570 2201
4877 1286 340 1256
4878 1179 312 1177
4879 861 237 881
4880 1103 296 1085
4881 993 262 969
4882 1199 321 1181
4883 1043 289 1055
4884 1289 342 1267
4885 1178 310 1152
4886 1384 365 1352
4887 1483 391 1451
4888 1487 392 1509
4889 1553 402 1533
4890 1505 402 1534
4891 1603 428 1633
4892 1470 384 1468
4893 1457 377 1435
4894 1688 444 1667
4895 1562 405 1561
4896 1298 347 1279
4897 1263 329 1244
4898 1358 351 1357
4899 1355 350 1336
4900 1463 379 1461
4901 1456 376 1434
4902 1226 333 1227
4903 1129 309 1127
4904 1307 351 1311
4905 1319 355 1342
4906 1499 397 1480
4907 1234 338 1233
4908 1512 405 1514
4909 1517 407 1542
4910 1496 396 1525
4911 1594 419 1617
4912 1527 411 1549
4913 1606 422 1628
4914 1327 358 1320
4915 1292 343 1265
4916 1322 357 1324
4917 1328 359 1346
4918 1422 384 1420
4919 1398 372 1427
4920 975 256 951
4921 836 228 817
4922 1120 305 1119
4923 1072 280 1049
4924 1077 283 1052
4925 1009 270 991
4926 1135 313 1133
4927 1130 311 1150
4928 783 218 802
4929 889 234 891
4930 756 207 776
4931 859 238 883
4932 772 215 769
4933 745 209 742
4934 794 210 774
4935 799 212 803
4936 834 228 860
4937 750 210 766
4938 833 232 832
4939 721 201 734
4940 1023 279 1021
4941 851 224 828
4942 922 256 943
4943 1002 273 1033
4944 827 231 844
4945 872 235 893
4946 916 253 936
4947 984 267 1011
4948 857 227 835
4949 763 203 767
4950 713 195 725
4951 878 236 911
4952 744 199 730
4953 700 191 708
4954 707 196 715
4955 848 222 845
4956 698 190 702
4957 760 208 790
4958 1051 273 1029
4959 747 205 780
4960 737 197 739
4961 853 226 855
4962 842 223 847
4963 880 239 912
4964 964 251 959
4965 953 249 954
4966 1008 275 1032
4967 1090 290 1107
4968 1296 343 1330
4969 1109 301 1113
4970 1291 346 1278
4971 1308 352 1316
4972 1459 378 1438
4973 1642 424 1619
4974 1538 398 1519
4975 1484 390 1455
4976 1488 393 1513
4977 1597 427 1626
4978 1714 458 1709
4979 1698 450 1728
4980 1423 382 1421
4981 1393 369 1365
4982 1492 395 1522
4983 1575 412 1577
4984 1225 332 1215
4985 1189 315 1158
4986 1332 363 1331
4987 1290 341 1258
4988 1063 276 1064
4989 1172 305 1168
4990 1299 345 1277
4991 1194 316 1165
4992 1333 364 1350
4993 1426 385 1442
4994 1424 387 1425
4995 1431 388 1446
4996 1634 439 1630
4997 1625 437 1646
4998 1727 464 1726
4999 1863 484 1866
5000 1722 462 1744
5001 1794 472 1823
5002 2225 574 2231
5003 2052 532 2028
5004 2168 567 2145
5005 2141 555 2124
5006 2182 575 2213
5007 1886 499 1916
5008 2312 610 2343
5009 2194 571 2219
5010 1825 489 1820
5011 1787 469 1758
5012 1891 497 1920
5013 2018 536 2035
5014 1815 484 1811
5015 1801 478 1795
5016 1851 478 1854
5017 1887 496 1917
5018 1731 448 1712
5019 1832 473 1836
5020 1944 499 1924
5021 2037 523 2038
5022 2160 562 2157
5023 2016 538 2011
5024 2003 531 1996
5025 1951 503 1954
5026 1986 522 2017
5027 2057 531 2059
5028 2085 547 2110
5029 2200 583 2204
5030 2159 561 2132
5031 2310 604 2283
5032 2183 571 2161
5033 2226 591 2229
5034 2162 559 2133
5035 2172 563 2169
5036 2339 618 2346
5037 2304 597 2327
5038 2457 643 2486
5039 2404 625 2434
5040 2605 678 2626
5041 2612 675 2607
5042 2587 666 2556
5043 2383 619 2403
5044 2511 659 2540
5045 2583 665 2578
5046 2588 673 2610
5047 2274 586 2268
5048 2329 601 2307
5049 2282 595 2305
5050 2412 635 2448
5051 2260 583 2255
5052 2244 580 2216
5053 2365 621 2394
5054 2487 644 2503
5055 2286 601 2311
5056 2523 653 2496
5057 2360 614 2382
5058 2492 656 2522
5059 2664 695 2652
5060 2564 674 2566
5061 2480 654 2483
5062 2648 684 2645
5063 2206 584 2224
5064 2636 680 2634
5065 2624 677 2621
5066 2316 596 2300
5067 2338 606 2340
5068 2375 623 2372
5069 2352 612 2328
5070 2376 626 2399
5071 2271 598 2273
5072 2468 647 2464
5073 2472 653 2500
5074 2445 632 2440
5075 2422 624 2397
5076 2136 550 2137
5077 1991 525 1997
5078 2345 611 2318
5079 2223 573 2208
5080 1981 520 1960
5081 1890 497 1872
5082 2058 536 2032
5083 1985 521 1968
5084 1679 439 1678
5085 1764 459 1762
5086 1691 444 1713
5087 1809 479 1834
5088 1870 487 1867
5089 1881 492 1902
5090 2140 552 2121
5091 2076 543 2053
5092 2074 541 2091
5093 2178 570 2154
5094 2149 553 2125
5095 2043 526 2023
5096 2075 544 2104
5097 2198 581 2218
5098 1686 443 1707
5099 1858 480 1833
5100 2050 530 2049
5101 2040 525 2041
5102 1703 455 1732
5103 1748 453 1750
5104 1751 452 1730
5105 1845 475 1846
5106 1850 477 1852
5107 1942 500 1943
5108 1947 502 1949
5109 2447 638 2469
5110 2467 646 2491
5111 2423 626 2401
5112 2359 616 2337
5113 2425 627 2426
5114 2430 628 2431
5115 2629 685 2608
5116 2557 671 2558
5117 2479 652 2478
5118 2474 649 2494
5119 2550 668 2551
5120 2613 681 2596
