       1       1       2       3
       2       4       1       3
       3       5       4       3
       4       5       3       6
       5       7       5       6
       6       6       8       7
       7       9       7       8
       8      10       9       8
       9      10       8      11
      10      12      10      11
      11      13      12      11
      12      13      11      14
      13      15      13      14
      14      14       2      15
      15       6       2      14
      16      15      16      13
      17      15      17      16
      18      16      12      13
      19      17      18      16
      20       9      10      19
      21      11       8      14
      22      20       9      19
      23      19      21      20
      24      21      22      23
      25      23      22      24
      26      23      24      25
      27      25      26      23
      28      20      23      26
      29      25      27      26
      30      27      28      26
      31      28       9      26
      32      28      27      29
      33      29      30      28
      34      30       7      28
      35      29      31      30
      36      30      31      32
      37       5      30      32
      38      33       5      32
      39      34      33      32
      40      35      34      32
      41      35      32      36
      42      35      36      37
      43      37      38      35
      44      38      39      35
      45      38      40      39
      46      41      39      40
      47      41      40      42
      48      42      43      41
      49      41      43      44
      50      41      44      45
      51      46      45      44
      52      47      46      44
      53      44      48      47
      54      49      47      48
      55      48      50      49
      56      51      49      50
      57      50      52      51
      58      51      52      53
      59      51      53      54
      60      54      55      51
      61      55      56      51
      62      57      51      56
      63      57      56      58
      64      59      57      58
      65      59      58      60
      66      59      60      61
      67      61      62      59
      68      63      62      61
      69      64      63      61
      70      65      64      61
      71      63      66      67
      72      68      69      66
      73      66      70      67
      74      67      71      72
      75      72      71      47
      76      72      63      67
      77      70      71      67
      78      73      71      70
      79      74      73      75
      80      46      73      74
      81      75      76      77
      82      45      75      77
      83      45      77      39
      84      77      34      39
      85      34      77      78
      86      76      78      77
      87      76      79      78
      88      79      80      78
      89      79      81      80
      90      80      33      78
      91      80      81       4
      92       4      81      82
      93      75      45      74
      94      71      73      46
      95      63      68      66
      96      68      63      64
      97      72      62      63
      98      49      62      72
      99      49      57      62
     100      61      60      65
     101      83      65      60
     102      83      60      84
     103      83      84      85
     104      84      86      85
     105      87      86      88
     106      87      88      89
     107      89      90      87
     108      91      87      90
     109      90      92      91
     110      93      92      94
     111      95      93      96
     112      97      95      98
     113      97      98      99
     114     100      97      99
     115      99     101     100
     116     100     101     102
     117     102     103     100
     118     104     100     103
     119     104     103     105
     120     104     105     106
     121     106     107     104
     122     108     104     107
     123      97     104     108
     124     108     109      97
     125     110     106     105
     126     111     110     105
     127     105     112     111
     128     113     111     112
     129     113     112     114
     130     115     113     114
     131     116     115     114
     132     116     114     117
     133     118     116     117
     134     119     118     117
     135     119     117     120
     136     119     120     121
     137     122     119     121
     138     121     123     122
     139     123     124     122
     140     122     124     125
     141     125     126     122
     142     126     125     127
     143     126     127     128
     144     126     128     118
     145     129     118     128
     146     130     129     128
     147     131     130     128
     148     130     131     132
     149     133     130     132
     150     132     134     133
     151     135     133     134
     152     136     135     134
     153     136     134     137
     154     138     136     137
     155     139     138     137
     156     139     137     140
     157     141     139     140
     158     142     141     140
     159     140     143     142
     160     142     143     144
     161     145     142     144
     162     145     144     146
     163     146     147     145
     164     147     148     145
     165     149     147     150
     166     149     150     151
     167     152     149     151
     168     152     153     154
     169     152     151     153
     170     153     155     154
     171     156     154     155
     172     156     155     157
     173     158     159     160
     174     158     157     159
     175     161     160     159
     176     162     161     159
     177     159     163     162
     178     162     163     164
     179     165     162     164
     180     164     166     165
     181     167     165     166
     182     167     166     168
     183     167     168     169
     184     170     167     169
     185     169     171     170
     186     171     172     170
     187     170     172     173
     188     170     173     174
     189     173     175     174
     190     175     176     174
     191     174     176     165
     192     176     175     177
     193     176     177     178
     194     178     161     176
     195     178     179     161
     196     179     160     161
     197     180     179     178
     198     181     180     178
     199     182     180     181
     200     183     182     181
     201     183     181     184
     202     183     184     185
     203     186     183     185
     204     185     187     186
     205     187     188     186
     206     188     187     189
     207     189     190     191
     208     189     187     190
     209     191     190     192
     210     192     190     193
     211     193     194     192
     212     194     195     192
     213     196     195     194
     214     196     194     197
     215     197     198     196
     216     196     198     199
     217     199     200     196
     218     199     201     200
     219     202     203     204
     220     205     206     207
     221     206     202     204
     222     205     202     206
     223     206     208     207
     224     209     210     211
     225     207     212     209
     226     212     207     208
     227     209     212     210
     228     213     209     211
     229     213     214     215
     230     211     214     213
     231     214     211     216
     232     215     214     217
     233     218     217     219
     234     217     218     215
     235     217     220     219
     236     221     220     217
     237     222     220     221
     238     222     221     223
     239     223     224     222
     240     224     220     222
     241     223     225     224
     242     226     224     225
     243     226     225     227
     244     228     226     227
     245     229     228     227
     246     230     229     227
     247     227     231     230
     248     230     231     232
     249     230     232     233
     250     233     234     230
     251     234     233     235
     252     236     234     235
     253     236     235     237
     254     238     236     237
     255     238     237     239
     256     240     238     239
     257     241     240     239
     258     241     239     242
     259     243     241     242
     260     243     242     244
     261     244     245     243
     262     243     245     246
     263     247     243     246
     264     246     248     247
     265     249     247     248
     266     248     250     249
     267     251     249     250
     268     251     252     249
     269     249     252     253
     270     252     254     253
     271     254     255     256
     272     253     256     247
     273     256     241     247
     274     254     256     253
     275     240     256     255
     276     255     257     240
     277     258     250     248
     278     258     248     259
     279     259     260     258
     280     258     260     261
     281     261     262     258
     282     258     262     263
     283     264     263     262
     284     260     265     261
     285     266     265     260
     286     266     260     267
     287     268     266     267
     288     269     268     267
     289     270     269     267
     290     270     267     271
     291     272     270     271
     292     271     245     272
     293     270     272     273
     294     274     270     273
     295     274     273     275
     296     274     275     276
     297     274     276     277
     298     269     274     277
     299     269     277     278
     300     278     268     269
     301     277     279     278
     302     279     280     278
     303     279     281     280
     304     280     281     282
     305     281     283     282
     306     283      24     282
     307     282      24     284
     308     276     283     281
     309     276     285     283
     310     283     285      25
     311      25     285     286
     312     287      25     286
     313     287     286     288
     314      31     287     288
     315      36      31     288
     316     289      36     288
     317     290     289     288
     318     289     290     291
     319     292     289     291
     320     292     291     293
     321     294     292     293
     322     293     295     294
     323     296     294     295
     324     296     295     297
     325     297     298     296
     326     299     296     298
     327     299     298     300
     328     300     301     299
     329     301     302     299
     330     299     302     303
     331     299     303     304
     332     303      42     304
     333      42     305     304
     334     294     304     305
     335     303     302     306
     336      43     303     306
     337      48      43     306
     338     306     302      52
     339      52     302     307
     340     301     307     302
     341     307     301     308
     342      53     307     308
     343     301     309     308
     344     308     309     310
     345      54     308     310
     346     311      54     310
     347     312     311     310
     348     312     310     313
     349     314     312     313
     350     314     313     315
     351     316     314     315
     352     317     316     315
     353     318     317     315
     354     319     318     315
     355     319     320     318
     356     321     318     320
     357     322     321     320
     358     323     322     320
     359     324     323     320
     360     325     323     324
     361     326     325     324
     362     324     327     326
     363     327     328     326
     364     329     326     328
     365     328     330     329
     366     331     329     330
     367     330     300     331
     368     331     300     332
     369     333     331     332
     370     332     334     333
     371     335     333     334
     372     336     335     334
     373     336     334     337
     374     337     297     336
     375     338     336     297
     376     338     339     336
     377     339     338     340
     378     340     341     339
     379     339     341     342
     380     342     335     339
     381     335     342     343
     382     344     335     343
     383     343     345     344
     384     344     345     346
     385     347     344     346
     386     347     346     348
     387     325     347     348
     388     325     329     347
     389     346     349     348
     390     349     350     348
     391     351     348     350
     392     352     351     350
     393     353     352     350
     394     352     353     354
     395     355     352     354
     396     354     356     355
     397     355     356     357
     398     358     355     357
     399     358     357     359
     400     358     359     360
     401     360     361     358
     402     362     358     361
     403     362     361     363
     404     363     351     362
     405     364     351     363
     406     365     364     363
     407     365     363     366
     408     365     366     367
     409     367     368     365
     410     365     368     322
     411     369     368     367
     412     367     370     369
     413     371     369     370
     414     371     370     372
     415     372     373     371
     416     374     371     373
     417     375     374     373
     418     376     375     373
     419     373     377     376
     420     377     378     376
     421     376     378     379
     422     379     378     380
     423     381     379     380
     424     381     380     382
     425     383     381     382
     426     383     382     384
     427     385     383     384
     428     385     384     386
     429     386     387     385
     430     387     388     385
     431     385     388     389
     432     389     388     390
     433     391     389     390
     434     390     392     391
     435     392     393     391
     436     393     394     391
     437     395     391     394
     438     395     394     396
     439     395     396     381
     440     396     394     397
     441     396     397     375
     442     396     375     379
     443     397     394     398
     444     398     399     397
     445     399     374     397
     446     400     374     399
     447     399     401     400
     448     402     400     401
     449     402     401     403
     450     402     403     404
     451     402     404     405
     452     405     406     402
     453     321     406     405
     454     321     368     406
     455     317     405     404
     456     404     407     317
     457     407     404     408
     458     409     407     408
     459     409     408     410
     460     411     409     410
     461     412     411     410
     462     412     410     121
     463     121     413     412
     464     413     414     412
     465     412     414     415
     466     414      99     415
     467     101     414     413
     468     412     415     411
     469     415     416     411
     470     411     416     417
     471     416     418     417
     472     417     418     419
     473     419     420     417
     474     417     420     409
     475     419     421     420
     476     420     421     316
     477     407     420     316
     478     422     421     419
     479     419     423     422
     480     423     424     422
     481     425     422     424
     482     425     424     426
     483     426     427     425
     484     428     425     427
     485     311     428     427
     486     311     427      55
     487     428     429     425
     488     429     428     312
     489     427     426      55
     490     424      88     426
     491      88      56     426
     492     425     429     422
     493     424     423      90
     494      94      90     423
     495     418      94     423
     496     429     421     422
     497     429     314     421
     498     418     423     419
     499     416      96     418
     500     416      98      96
     501     415      98     416
     502     417     409     411
     503     430     410     408
     504     403     430     408
     505     431     430     403
     506     430     431     432
     507     430     432     123
     508     431     433     432
     509     433     124     432
     510     433     434     124
     511     433     399     434
     512     431     401     433
     513     430     123     410
     514     407     409     420
     515     403     408     404
     516     431     403     401
     517     402     406     400
     518     369     400     406
     519     399     433     401
     520     434     399     398
     521     398     435     434
     522     435     125     434
     523     435     398     393
     524     393     436     435
     525     127     435     436
     526     131     127     436
     527     436     437     131
     528     436     392     437
     529     437     392     438
     530     438     439     437
     531     132     437     439
     532     438     440     439
     533     440     441     439
     534     441     134     439
     535     441     440     143
     536     137     441     143
     537     440     438     442
     538     440     442     144
     539     442     438     390
     540     393     398     394
     541     393     392     436
     542     392     390     438
     543     389     391     395
     544     383     389     395
     545     442     390     388
     546     442     388     146
     547     146     388     387
     548     387     150     146
     549     443     150     387
     550     443     387     386
     551     443     386     444
     552     445     443     444
     553     444     446     445
     554     445     446     155
     555     155     446     163
     556     444     447     446
     557     164     446     447
     558     448     447     444
     559     447     448     449
     560     166     447     449
     561     450     449     448
     562     448     384     450
     563     450     451     449
     564     168     449     451
     565     452     168     451
     566     453     452     451
     567     454     453     451
     568     455     453     454
     569     455     454     380
     570     453     455     456
     571     457     453     456
     572     458     457     456
     573     458     456     459
     574     459     460     458
     575     460     461     458
     576     462     458     461
     577     461     463     462
     578     462     463     464
     579     462     464     465
     580     457     462     465
     581     465     452     457
     582     452     465     169
     583     171     465     464
     584     466     171     464
     585     464     467     466
     586     467     468     466
     587     466     468     469
     588     172     466     469
     589     470     172     469
     590     471     470     469
     591     472     471     469
     592     472     473     471
     593     471     473     474
     594     471     474     475
     595     475     474     476
     596     475     476     477
     597     477     478     475
     598     475     478     470
     599     470     478     173
     600     479     478     477
     601     477     185     479
     602     175     478     479
     603     477     476     187
     604     187     476     190
     605     193     476     474
     606     474     197     193
     607     197     474     473
     608     473     472     480
     609     198     473     480
     610     480     481     198
     611     481     480     482
     612     483     481     482
     613     484     483     482
     614     485     484     482
     615     485     482     486
     616     485     486     487
     617     485     487     488
     618     489     485     488
     619     489     488     210
     620     490     210     488
     621     491     490     488
     622     491     488     492
     623     492     493     491
     624     493     494     491
     625     491     494     495
     626     494     496     495
     627     497     495     496
     628     498     497     496
     629     498     496     499
     630     498     499     500
     631     500     223     498
     632     223     500     501
     633     501     231     223
     634     231     501     502
     635     502     501     503
     636     356     502     503
     637     503     504     356
     638     502     356     505
     639     232     502     505
     640     232     505     506
     641     505     507     506
     642     508     506     507
     643     509     508     507
     644     507     510     509
     645     510     345     509
     646     510     349     345
     647     510     353     349
     648     510     507     354
     649     509     511     508
     650     511     512     508
     651     512     513     508
     652     514     513     512
     653     512     515     514
     654     516     514     515
     655     516     515     342
     656     515     511     342
     657     517     514     516
     658     518     517     516
     659     341     518     516
     660     518     341     519
     661     520     518     519
     662     520     519     521
     663     520     521     273
     664     522     273     521
     665     522     521     523
     666     524     522     523
     667     525     524     523
     668     340     525     523
     669     519     340     523
     670     525     293     524
     671     524     526     522
     672     527     522     526
     673     526     528     527
     674     527     528     275
     675     285     275     528
     676     285     528     290
     677     291     528     526
     678     526     524     291
     679     527     273     522
     680     521     519     523
     681     518     520     529
     682     529     520     244
     683     244     520     272
     684     517     518     529
     685     517     529     530
     686     531     517     530
     687     530     237     531
     688     529     242     530
     689     531     514     517
     690     513     514     531
     691     235     513     531
     692     515     512     511
     693     511     509     343
     694     506     508     513
     695     506     513     233
     696     505     356     507
     697     504     503     501
     698     501     500     504
     699     500     532     504
     700     532     357     504
     701     500     499     532
     702     533     532     499
     703     533     499     534
     704     533     534     535
     705     533     535     536
     706     533     536     359
     707     537     536     535
     708     535     460     537
     709     538     537     460
     710     539     537     538
     711     459     539     538
     712     539     459     540
     713     541     539     540
     714     540     378     541
     715     378     540     455
     716     539     541     542
     717     542     541     543
     718     360     542     543
     719     542     360     536
     720     541     544     543
     721     366     543     544
     722     361     543     366
     723     544     541     377
     724     377     370     544
     725     539     542     537
     726     535     545     460
     727     546     460     545
     728     545     493     546
     729     493     547     546
     730     547     548     546
     731     461     546     548
     732     547     492     548
     733     548     492     549
     734     548     549     463
     735     467     463     549
     736     487     467     549
     737     549     492     487
     738     537     542     536
     739     535     534     545
     740     534     494     545
     741     532     533     359
     742     499     496     534
     743     498     221     497
     744     221     214     497
     745     497     216     495
     746     216     490     495
     747     496     494     534
     748     493     545     494
     749     493     492     547
     750     495     490     491
     751     492     488     487
     752     487     486     468
     753     468     486     472
     754     485     489     484
     755     484     489     550
     756     551     484     550
     757     551     550     212
     758     489     212     550
     759     551     483     484
     760     552     483     551
     761     553     552     551
     762     551     208     553
     763     553     208     204
     764     553     554     552
     765     483     552     481
     766     199     481     552
     767     480     486     482
     768     486     480     472
     769     470     471     475
     770     469     468     472
     771     467     487     468
     772     467     464     463
     773     461     548     463
     774     546     461     460
     775     460     459     538
     776     540     459     456
     777     457     458     462
     778     540     456     455
     779     452     453     457
     780     450     454     451
     781     454     450     382
     782     151     443     445
     783     153     151     445
     784     448     444     386
     785     386     384     448
     786     383     385     389
     787     450     384     382
     788     383     395     381
     789     454     382     380
     790     379     381     396
     791     380     378     455
     792     377     541     378
     793     375     376     379
     794     397     374     375
     795     371     374     400
     796     373     372     377
     797     377     372     370
     798     400     369     371
     799     367     544     370
     800     406     368     369
     801     367     366     544
     802     365     322     364
     803     363     361     366
     804     360     543     361
     805     360     359     536
     806     357     532     359
     807     355     358     362
     808     504     357     356
     809     354     507     356
     810     352     355     362
     811     353     510     354
     812     352     362     351
     813     348     351     364
     814     348     364     323
     815     353     350     349
     816     347     333     344
     817     346     345     349
     818     509     345     343
     819     511     343     342
     820     342     341     516
     821     340     519     341
     822     338     525     340
     823     525     338     295
     824     335     336     339
     825     344     333     335
     826     332     337     334
     827     347     331     333
     828     332     300     337
     829     300     330     309
     830     555     309     330
     831     347     329     331
     832     328     555     330
     833     328     327     555
     834     555     327     313
     835     319     313     327
     836     324     319     327
     837     329     325     326
     838     348     323     325
     839     323     364     322
     840     321     322     368
     841     405     318     321
     842     320     319     324
     843     317     318     405
     844     407     316     317
     845     314     316     421
     846     313     319     315
     847     314     429     312
     848     310     555     313
     849     312     428     311
     850     309     555     310
     851     300     309     301
     852     337     300     298
     853     299     304     296
     854     337     298     297
     855     295     338     297
     856     294     296     304
     857     525     295     293
     858     305     292     294
     859     556     292     305
     860     556     305      40
     861     292     556      37
     862     524     293     291
     863     292      37     289
     864     528     291     290
     865     286     290     288
     866     290     286     285
     867     281     279     277
     868     281     277     276
     869     285     276     275
     870     275     273     527
     871     520     273     272
     872     259     271     267
     873     271     259     246
     874     270     274     269
     875     267     260     259
     876     258     263     250
     877     253     247     249
     878     259     248     246
     879     271     246     245
     880     245     244     272
     881     529     244     242
     882     241     243     247
     883     239     530     242
     884     241     256     240
     885     238     240     257
     886     238     257     557
     887     557     558     238
     888     530     239     237
     889     558     236     238
     890     558     559     236
     891     235     531     237
     892     559     229     234
     893     559     234     236
     894     559     560     229
     895     560     228     229
     896     235     233     513
     897     506     233     232
     898     232     231     502
     899     229     230     234
     900     231     227     225
     901     225     223     231
     902     498     223     221
     903     217     214     221
     904     216     497     214
     905     216     211     490
     906     210     490     211
     907     489     210     212
     908     212     208     551
     909     204     208     206
     910     203     553     204
     911     553     203     561
     912     561     554     553
     913     554     201     552
     914     552     201     199
     915     481     199     198
     916     198     197     473
     917     196     200     195
     918     194     193     197
     919     193     190     476
     920     185     477     187
     921     184     479     185
     922     184     177     479
     923     177     184     181
     924     177     181     178
     925     175     479     177
     926     173     478     175
     927     173     172     470
     928     171     466     172
     929     465     171     169
     930     167     170     174
     931     169     168     452
     932     168     166     449
     933     167     174     165
     934     447     166     164
     935     176     162     165
     936     164     163     446
     937     159     157     163
     938     162     176     161
     939     158     156     157
     940     163     157     155
     941     153     445     155
     942     151     150     443
     943     150     147     146
     944     146     144     442
     945     145     148     142
     946     148     562     142
     947     143     440     144
     948     562     141     142
     949     143     140     137
     950     136     563     564
     951     135     565     566
     952     563     136     138
     953     567     564     563
     954     568     569     570
     955     570     571     568
     956     566     568     571
     957     572     566     571
     958     572     571     573
     959     574     572     573
     960     574     573     575
     961     129     574     575
     962     129     575     116
     963     573     576     575
     964     115     575     576
     965     577     115     576
     966     577     576     578
     967     577     578     579
     968     577     579     580
     969     577     580     113
     970     579     581     580
     971     581     582     580
     972     580     582     111
     973     582     110     111
     974     583     581     579
     975     583     579     584
     976     585     583     584
     977     585     584     586
     978     587     585     586
     979     588     587     586
     980     589     588     586
     981     588     589     590
     982     569     590     589
     983     586     584     589
     984     578     589     584
     985     589     578     570
     986     579     578     584
     987     578     576     570
     988     573     570     576
     989     572     574     133
     990     566     572     135
     991     565     135     136
     992     573     571     570
     993     569     589     570
     994     590     564     567
     995     566     564     568
     996     134     441     137
     997     565     564     566
     998     135     572     133
     999     132     439     134
    1000     133     574     130
    1001     131     437     132
    1002     574     129     130
    1003     127     131     128
    1004     125     435     127
    1005     124     434     125
    1006     432     124     123
    1007     121     410     123
    1008     126     119     122
    1009     413     121     120
    1010     413     120     102
    1011     120     591     102
    1012     117     591     120
    1013     118     119     126
    1014     116     118     129
    1015     114     591     117
    1016     116     575     115
    1017     113     115     577
    1018     112     591     114
    1019     103     591     112
    1020     113     580     111
    1021     103     112     105
    1022     102     591     103
    1023     102     101     413
    1024     414     101      99
    1025      97     100     104
    1026     415      99      98
    1027      98      95      96
    1028     109      95      97
    1029      93      94      96
    1030      96      94     418
    1031      94      92      90
    1032      90      89     424
    1033     424      89      88
    1034      84      58      88
    1035      88      86      84
    1036      60      58      84
    1037      57      59      62
    1038      88      58      56
    1039      56      55     426
    1040      55      54     311
    1041      54      53     308
    1042      52     307      53
    1043     306      52      50
    1044      57      49      51
    1045      48     306      50
    1046      47      49      72
    1047      47      71      46
    1048      45      46      74
    1049      44      43      48
    1050     303      43      42
    1051      42      40     305
    1052      45      39      41
    1053      38     556      40
    1054     556      38      37
    1055      36     289      37
    1056      34      35      39
    1057      34      78      33
    1058       5      33      80
    1059      36      32      31
    1060      31      29     287
    1061     287      29      27
    1062      27      25     287
    1063     283      25      24
    1064      22     284      24
    1065      23      20      21
    1066      20      26       9
    1067       9      28       7
    1068       6      14       8
    1069      30       5       7
    1070       4       5      80
    1071       1       4      82
    1072       2       6       3
    