       1    1.62830727750938E+01    3.98362107284888E+01    -3.096829E+04
       2    1.60665989430604E+01    3.99030028605239E+01    -3.697633E+04
       3    1.61974141941471E+01    3.97950511328749E+01    -3.295673E+04
       4    1.63253557262817E+01    3.97079144861906E+01    -2.906385E+04
       5    1.62154314473429E+01    3.96045117840568E+01    -3.223596E+04
       6    1.60869975179126E+01    3.96916682464997E+01    -3.578398E+04
       7    1.59823670724883E+01    3.95867858376516E+01    -4.209489E+04
       8    1.58575579465787E+01    3.96726950487297E+01    -4.812341E+04
       9    1.57611892613484E+01    3.95656041610746E+01    -5.946848E+04
      10    1.56177802574050E+01    3.96955182315540E+01    -7.167550E+04
      11    1.57317985274403E+01    3.97586290664473E+01    -5.374368E+04
      12    1.56906671280915E+01    3.98652709093351E+01    -4.821220E+04
      13    1.58306110773943E+01    3.98651820907722E+01    -4.380568E+04
      14    1.59589050877962E+01    3.97785087079301E+01    -3.975623E+04
      15    1.59974012024844E+01    3.99418557921643E+01    -3.877189E+04
      16    1.57289415776598E+01    3.99531887098911E+01    -4.471800E+04
      17    1.58756044450964E+01    4.00378102155212E+01    -4.218637E+04
      18    1.57652586808744E+01    4.00712963229773E+01    -4.420943E+04
      19    1.55793702310500E+01    3.95256914565985E+01    -7.657341E+04
      20    1.56640188083606E+01    3.94587053850811E+01    -7.011176E+04
      21    1.55743666841926E+01    3.93498926514241E+01    -8.537262E+04
      22    1.55188394020351E+01    3.92342831727781E+01    -8.997892E+04
      23    1.56857069490876E+01    3.92676525202155E+01    -7.085496E+04
      24    1.55883421366049E+01    3.91608649905611E+01    -8.103142E+04
      25    1.57974240726924E+01    3.91851317545732E+01    -5.674560E+04
      26    1.57799975627374E+01    3.93752054479558E+01    -5.852030E+04
      27    1.59004086717245E+01    3.92903930496669E+01    -4.994701E+04
      28    1.58810967004714E+01    3.94810238050076E+01    -5.035131E+04
      29    1.60059571876540E+01    3.93949793898687E+01    -4.459131E+04
      30    1.61094840769468E+01    3.95000717687746E+01    -3.774030E+04
      31    1.61326855121463E+01    3.93082512103803E+01    -4.022661E+04
      32    1.62367793564421E+01    3.94130908107491E+01    -3.370314E+04
      33    1.63427788129767E+01    3.95174243728973E+01    -2.819782E+04
      34    1.64701076157415E+01    3.94301170253425E+01    -2.435323E+04
      35    1.63638130414596E+01    3.93259649363628E+01    -2.970152E+04
      36    1.62597390598868E+01    3.92212195791095E+01    -3.627217E+04
      37    1.63862109506720E+01    3.91341197662534E+01    -3.214575E+04
      38    1.64903497481137E+01    3.92387523456670E+01    -2.558321E+04
      39    1.65975734460769E+01    3.93425609072466E+01    -2.080078E+04
      40    1.66176316934100E+01    3.91511313348181E+01    -2.214701E+04
      41    1.67241500628886E+01    3.92550143262497E+01    -1.688172E+04
      42    1.67450275221759E+01    3.90632623937777E+01    -1.898842E+04
      43    1.68522040967546E+01    3.91668661926981E+01    -1.411835E+04
      44    1.69612005663891E+01    3.92699670363237E+01    -1.021606E+04
      45    1.68325207365955E+01    3.93583881862173E+01    -1.260389E+04
      46    1.70740709716881E+01    3.93720094568925E+01    -8.598320E+03
      47    1.72062924862748E+01    3.92822923704246E+01    -8.680890E+03
      48    1.70935559098429E+01    3.91803389311061E+01    -1.040877E+04
      49    1.73384828575687E+01    3.91923644444684E+01    -8.962380E+03
      50    1.72260593502394E+01    3.90904331645921E+01    -1.091470E+04
      51    1.73583770385127E+01    3.90003554328320E+01    -1.152019E+04
      52    1.71138735965230E+01    3.89884202888051E+01    -1.281087E+04
      53    1.72457119421258E+01    3.88985774954303E+01    -1.312831E+04
      54    1.73770896500657E+01    3.88086332642406E+01    -1.336350E+04
      55    1.74895822428791E+01    3.89103337045266E+01    -1.162280E+04
      56    1.76012139797534E+01    3.90122369003474E+01    -9.114370E+03
      57    1.74702263593371E+01    3.91023160157151E+01    -9.173700E+03
      58    1.77133578816795E+01    3.91139708567041E+01    -6.728150E+03
      59    1.75823569931523E+01    3.92041668357243E+01    -6.799420E+03
      60    1.76956165535884E+01    3.93056800638969E+01    -4.942740E+03
      61    1.75643418193454E+01    3.93958370128434E+01    -5.074840E+03
      62    1.74510507684947E+01    3.92942152231889E+01    -6.891370E+03
      63    1.74326417501950E+01    3.94858839248832E+01    -5.152250E+03
      64    1.76102634275980E+01    3.95223171330039E+01    -3.981620E+03
      65    1.77343153780559E+01    3.94230890825684E+01    -3.984330E+03
      66    1.73807100536048E+01    3.96255630090287E+01    -4.436050E+03
      67    1.73006040501854E+01    3.95757812721605E+01    -5.232260E+03
      68    1.75469859904206E+01    3.95873057491566E+01    -3.819390E+03
      69    1.74900761692820E+01    3.97027890544062E+01    -3.509170E+03
      70    1.71374966573064E+01    3.95968528450045E+01    -6.468190E+03
      71    1.71872617566044E+01    3.94739317765775E+01    -6.973080E+03
      72    1.73192147648120E+01    3.93841731964417E+01    -6.860240E+03
      73    1.70168027958207E+01    3.95820737433123E+01    -7.995560E+03
      74    1.69425979510045E+01    3.94612860185553E+01    -9.214730E+03
      75    1.68135613293617E+01    3.95496924928449E+01    -1.160902E+04
      76    1.67510667087916E+01    3.95954471722530E+01    -1.459614E+04
      77    1.67056695869452E+01    3.94461097896577E+01    -1.637381E+04
      78    1.65797480705314E+01    3.95333749734423E+01    -2.094378E+04
      79    1.66567112616931E+01    3.96783325740092E+01    -1.916296E+04
      80    1.64531681283335E+01    3.96205937702704E+01    -2.529548E+04
      81    1.65213553057864E+01    3.97561545006049E+01    -2.395147E+04
      82    1.63908814732357E+01    3.98027317719864E+01    -2.780383E+04
      83    1.78175350476325E+01    3.93191689869834E+01    -4.272670E+03
      84    1.78266152449731E+01    3.92153661624104E+01    -4.851880E+03
      85    1.79177478782464E+01    3.92332427648161E+01    -4.434090E+03
      86    1.80005143217280E+01    3.91291973896644E+01    -4.743380E+03
      87    1.80656164827357E+01    3.90071382610545E+01    -5.053650E+03
      88    1.78436504762464E+01    3.90237465829191E+01    -6.415610E+03
      89    1.79737179998651E+01    3.89333582560343E+01    -6.173320E+03
      90    1.81039523136199E+01    3.88426884425929E+01    -6.255790E+03
      91    1.82182118557318E+01    3.89434432143291E+01    -4.982280E+03
      92    1.83486067392260E+01    3.88523913808236E+01    -5.373490E+03
      93    1.84787582783804E+01    3.87611778480703E+01    -5.823880E+03
      94    1.82341617872922E+01    3.87518053242516E+01    -6.539290E+03
      95    1.86079944521976E+01    3.86699957010672E+01    -5.895180E+03
      96    1.83641237502058E+01    3.86607698151710E+01    -6.878220E+03
      97    1.87366593228986E+01    3.85787562261831E+01    -5.808190E+03
      98    1.84931030730499E+01    3.85697852348217E+01    -6.791550E+03
      99    1.86214111417715E+01    3.84787734450013E+01    -6.479470E+03
     100    1.87495366862001E+01    3.83875862185146E+01    -6.261490E+03
     101    1.86345147431134E+01    3.82876199347015E+01    -6.879100E+03
     102    1.87619503138462E+01    3.81965444867482E+01    -6.426410E+03
     103    1.88773290810181E+01    3.82962835649543E+01    -6.037880E+03
     104    1.88649236560626E+01    3.84874109725150E+01    -5.674130E+03
     105    1.89929798105644E+01    3.83959100185844E+01    -5.617290E+03
     106    1.89702177407718E+01    3.84730391735873E+01    -5.515490E+03
     107    1.89186322928901E+01    3.85321917428493E+01    -5.488250E+03
     108    1.88440238226960E+01    3.86050260753423E+01    -5.536950E+03
     109    1.88097526103092E+01    3.86819825614558E+01    -5.508360E+03
     110    1.90850504361208E+01    3.84041532072227E+01    -5.480470E+03
     111    1.91207131868511E+01    3.83042764756123E+01    -5.563050E+03
     112    1.90048040855693E+01    3.82048573994728E+01    -5.817430E+03
     113    1.91320747849650E+01    3.81132691225349E+01    -5.675090E+03
     114    1.90162632694517E+01    3.80139042542521E+01    -5.788130E+03
     115    1.91432225663616E+01    3.79223205601058E+01    -5.654460E+03
     116    1.89006703714055E+01    3.79144277074887E+01    -5.836700E+03
     117    1.87734348017224E+01    3.80057542327215E+01    -5.993810E+03
     118    1.86580705245817E+01    3.79060594243407E+01    -5.980570E+03
     119    1.85311422995700E+01    3.79969567036632E+01    -6.544810E+03
     120    1.86464954194278E+01    3.80967856769544E+01    -6.556730E+03
     121    1.84046476211176E+01    3.80875287508251E+01    -7.601720E+03
     122    1.84161291785913E+01    3.78969970924732E+01    -6.549170E+03
     123    1.82899650807973E+01    3.79873459749592E+01    -7.817010E+03
     124    1.83014097076868E+01    3.77969003535618E+01    -6.541060E+03
     125    1.84283578558311E+01    3.77062414929763E+01    -6.005750E+03
     126    1.85430730541525E+01    3.78062055761790E+01    -6.003540E+03
     127    1.85557816396139E+01    3.76152289690588E+01    -5.991810E+03
     128    1.86704050180217E+01    3.77150986946438E+01    -5.921740E+03
     129    1.87853110762973E+01    3.78148488568373E+01    -5.832280E+03
     130    1.87973220136140E+01    3.76238997070412E+01    -5.773000E+03
     131    1.86827335186281E+01    3.75241345259372E+01    -5.873470E+03
     132    1.88093274749440E+01    3.74329383751517E+01    -5.723830E+03
     133    1.89239233694840E+01    3.75325710019629E+01    -5.623340E+03
     134    1.89356166027666E+01    3.73416132710838E+01    -5.577180E+03
     135    1.90502135876156E+01    3.74411318574687E+01    -5.473750E+03
     136    1.90615450957636E+01    3.72501895401405E+01    -5.396670E+03
     137    1.89472516795059E+01    3.71506634783802E+01    -5.503130E+03
     138    1.90956936289188E+01    3.71515639113490E+01    -5.296130E+03
     139    1.89757104836362E+01    3.70266478217661E+01    -5.382160E+03
     140    1.88332880270394E+01    3.70509985400824E+01    -5.628550E+03
     141    1.89073932431156E+01    3.69551760443885E+01    -5.472980E+03
     142    1.87196563440082E+01    3.69512048609937E+01    -5.774610E+03
     143    1.87074972874254E+01    3.71421471808222E+01    -5.892770E+03
     144    1.85939834998476E+01    3.70421929647042E+01    -6.111770E+03
     145    1.86063030600481E+01    3.68512762637527E+01    -5.907140E+03
     146    1.84806899037113E+01    3.69421332848926E+01    -6.278030E+03
     147    1.85397597559510E+01    3.67550627331064E+01    -5.958380E+03
     148    1.86920962478901E+01    3.68036822015824E+01    -5.731470E+03
     149    1.84439128479840E+01    3.67285328437319E+01    -6.087130E+03
     150    1.83675305124430E+01    3.68420074976242E+01    -6.333350E+03
     151    1.82546125363502E+01    3.67417592361677E+01    -6.352210E+03
     152    1.84043902812768E+01    3.66115547321452E+01    -6.036420E+03
     153    1.82677020598415E+01    3.65508594425080E+01    -6.089850E+03
     154    1.83481135214113E+01    3.64766132345782E+01    -5.970450E+03
     155    1.81553143474804E+01    3.64505135195866E+01    -6.077300E+03
     156    1.82584399111655E+01    3.63056904357008E+01    -5.909720E+03
     157    1.80431570869211E+01    3.63500478955922E+01    -6.023850E+03
     158    1.81577247451102E+01    3.61978167637417E+01    -5.875960E+03
     159    1.79312971111981E+01    3.62494708669316E+01    -5.975460E+03
     160    1.80348129251026E+01    3.61034101555545E+01    -5.855710E+03
     161    1.78197621612514E+01    3.61487648760731E+01    -5.950950E+03
     162    1.78054688041146E+01    3.63397019239441E+01    -6.146980E+03
     163    1.79173552820836E+01    3.64403870292004E+01    -6.224120E+03
     164    1.77912667326484E+01    3.65305958188264E+01    -6.429640E+03
     165    1.76793980333515E+01    3.64297832697472E+01    -6.352370E+03
     166    1.76648705422189E+01    3.66206824115434E+01    -6.627270E+03
     167    1.75530349328799E+01    3.65197508255986E+01    -6.558400E+03
     168    1.75381789214377E+01    3.67106451506788E+01    -6.824630E+03
     169    1.74263802660086E+01    3.66095942149049E+01    -6.766440E+03
     170    1.74415306032760E+01    3.64187008035268E+01    -6.515070E+03
     171    1.73148551894563E+01    3.65084355829920E+01    -6.694880E+03
     172    1.72035388774221E+01    3.64071805177304E+01    -6.567660E+03
     173    1.73301919150021E+01    3.63175638334141E+01    -6.389140E+03
     174    1.75678828093266E+01    3.63288512068520E+01    -6.315990E+03
     175    1.74565683737148E+01    3.62278130619848E+01    -6.220570E+03
     176    1.76939305772296E+01    3.62388788029981E+01    -6.108060E+03
     177    1.75826565477545E+01    3.61379477843224E+01    -6.053840E+03
     178    1.77085350996324E+01    3.60479315104594E+01    -5.940550E+03
     179    1.78730710178303E+01    3.60043630100764E+01    -5.855570E+03
     180    1.77840563770335E+01    3.59457184557584E+01    -5.864840E+03
     181    1.75975803286771E+01    3.59469817062043E+01    -5.921430E+03
     182    1.76560894923667E+01    3.58824469272247E+01    -5.876420E+03
     183    1.75163655754174E+01    3.58821314355852E+01    -5.906950E+03
     184    1.74716615808727E+01    3.60369005773699E+01    -5.993480E+03
     185    1.73609685414834E+01    3.59357378052615E+01    -5.945110E+03
     186    1.73331153972450E+01    3.57957848316909E+01    -5.881930E+03
     187    1.72505567772207E+01    3.58344519808104E+01    -5.894720E+03
     188    1.72056659310515E+01    3.57320186552201E+01    -5.854810E+03
     189    1.70887020089863E+01    3.57177907128629E+01    -5.852950E+03
     190    1.70142492780744E+01    3.58225199501238E+01    -5.887370E+03
     191    1.69881671693221E+01    3.57216217654150E+01    -5.855440E+03
     192    1.67779692884251E+01    3.58101210447823E+01    -5.865810E+03
     193    1.68877573785715E+01    3.59118622113401E+01    -5.911830E+03
     194    1.66512161248798E+01    3.58992214162892E+01    -5.886700E+03
     195    1.64823427221604E+01    3.58523194619906E+01    -5.841750E+03
     196    1.65241441162917E+01    3.59882032916769E+01    -5.884910E+03
     197    1.67609801249849E+01    3.60010691083693E+01    -5.935830E+03
     198    1.66339113111785E+01    3.60901574208399E+01    -5.957400E+03
     199    1.63966602108232E+01    3.60770843463736E+01    -5.799890E+03
     200    1.64145909745105E+01    3.58861592911927E+01    -5.765810E+03
     201    1.62870600782733E+01    3.59749433716908E+01    -5.627270E+03
     202    1.57892941388523E+01    3.63924986399829E+01    -7.362810E+03
     203    1.59046799598583E+01    3.62400098448460E+01    -6.504010E+03
     204    1.60140212824451E+01    3.63425359606283E+01    -6.577150E+03
     205    1.58218602381134E+01    3.66229613640247E+01    -8.013650E+03
     206    1.59960019861768E+01    3.65331538555306E+01    -7.251810E+03
     207    1.60864345476901E+01    3.66093850798892E+01    -7.160740E+03
     208    1.61236626240429E+01    3.64449553877553E+01    -6.658440E+03
     209    1.61587088110779E+01    3.66509819825471E+01    -7.224910E+03
     210    1.63448474206688E+01    3.66491969045549E+01    -7.507680E+03
     211    1.62165607166996E+01    3.67377808017319E+01    -7.733700E+03
     212    1.62338804200671E+01    3.65471920124309E+01    -6.930930E+03
     213    1.61002579059239E+01    3.67402110588493E+01    -7.726250E+03
     214    1.61998650608647E+01    3.69281753463975E+01    -8.997000E+03
     215    1.59819698808990E+01    3.69188369404455E+01    -8.114350E+03
     216    1.63282370133637E+01    3.68396624350870E+01    -8.608770E+03
     217    1.60711836885942E+01    3.70165442925457E+01    -9.378280E+03
     218    1.59461725578425E+01    3.69948102931433E+01    -8.563970E+03
     219    1.59507987325784E+01    3.70756652499466E+01    -9.565740E+03
     220    1.59964834708356E+01    3.71612645473288E+01    -1.143478E+04
     221    1.61844253166053E+01    3.71182072826888E+01    -1.113724E+04
     222    1.60566491745636E+01    3.72062356400197E+01    -1.233609E+04
     223    1.61689919303430E+01    3.73082138529155E+01    -1.332391E+04
     224    1.60187383726463E+01    3.72601271077366E+01    -1.309596E+04
     225    1.60404481528656E+01    3.73963490972611E+01    -1.423813E+04
     226    1.58974642692070E+01    3.73571220987050E+01    -1.409183E+04
     227    1.59110858256655E+01    3.74844776780656E+01    -1.481235E+04
     228    1.57745891072078E+01    3.74543458950219E+01    -1.428880E+04
     229    1.57810742098036E+01    3.75725593798220E+01    -1.516013E+04
     230    1.60238637406431E+01    3.75865303569658E+01    -1.593422E+04
     231    1.61528896653159E+01    3.74983818753090E+01    -1.511386E+04
     232    1.61365293006527E+01    3.76885809146703E+01    -1.678008E+04
     233    1.60082730261686E+01    3.77764339738234E+01    -1.832928E+04
     234    1.58942850107075E+01    3.76746146010559E+01    -1.659255E+04
     235    1.58822394314693E+01    3.78634822958458E+01    -2.153033E+04
     236    1.57667336863310E+01    3.77619487087417E+01    -1.877806E+04
     237    1.57570868438195E+01    3.79500927966020E+01    -2.550044E+04
     238    1.56408152454203E+01    3.78486401890641E+01    -2.222675E+04
     239    1.56318546821709E+01    3.80365254839889E+01    -2.961090E+04
     240    1.55137823834458E+01    3.79354179915262E+01    -2.514095E+04
     241    1.55084082090192E+01    3.81222850556701E+01    -3.507400E+04
     242    1.57485119736199E+01    3.81379531713205E+01    -3.294785E+04
     243    1.56234932770150E+01    3.82242298893894E+01    -3.740993E+04
     244    1.57347798148727E+01    3.83271193355139E+01    -3.707048E+04
     245    1.56120209857422E+01    3.84127192242386E+01    -4.321602E+04
     246    1.55005628097571E+01    3.83097694471990E+01    -4.341865E+04
     247    1.53856854108291E+01    3.82076597226820E+01    -4.119535E+04
     248    1.52746748094361E+01    3.82898774685480E+01    -5.509777E+04
     249    1.51543035734018E+01    3.81890130663916E+01    -4.908399E+04
     250    1.51161127265517E+01    3.82290458350600E+01    -5.957201E+04
     251    1.50905874788903E+01    3.81833204514853E+01    -4.965599E+04
     252    1.50906306158510E+01    3.81240892093920E+01    -4.089864E+04
     253    1.52649399625506E+01    3.81070077322746E+01    -3.494915E+04
     254    1.52653204457902E+01    3.79938241415267E+01    -2.785533E+04
     255    1.53848009055832E+01    3.78984255001033E+01    -2.461225E+04
     256    1.53872797539910E+01    3.80218491832750E+01    -2.859571E+04
     257    1.54762243086821E+01    3.78467529707878E+01    -2.302862E+04
     258    1.51784708127416E+01    3.83681916129627E+01    -7.874907E+04
     259    1.53863284733898E+01    3.83929072874466E+01    -5.524764E+04
     260    1.52860841922536E+01    3.84723219887775E+01    -7.629511E+04
     261    1.51856316880686E+01    3.84499036643134E+01    -8.351638E+04
     262    1.50885935585056E+01    3.83684561966112E+01    -8.927438E+04
     263    1.50871162390970E+01    3.82800096216567E+01    -7.519410E+04
     264    1.50144039237520E+01    3.83264190617186E+01    -8.870607E+04
     265    1.52560964965669E+01    3.84928309089478E+01    -8.167455E+04
     266    1.52802567595931E+01    3.85615646752412E+01    -8.049823E+04
     267    1.53886331857570E+01    3.85777199312037E+01    -7.036914E+04
     268    1.53387445951927E+01    3.86668044332443E+01    -7.991691E+04
     269    1.54931997118469E+01    3.86825845012887E+01    -6.555085E+04
     270    1.56065416157491E+01    3.85996657237725E+01    -5.293090E+04
     271    1.54961577940772E+01    3.84963677748543E+01    -5.401193E+04
     272    1.57241315472578E+01    3.85154750770978E+01    -4.323099E+04
     273    1.58347487857014E+01    3.86185819032781E+01    -4.207277E+04
     274    1.57159544930123E+01    3.87031781518653E+01    -5.101852E+04
     275    1.58213858744432E+01    3.88076947252786E+01    -4.633283E+04
     276    1.57051624979410E+01    3.88915394953162E+01    -5.714357E+04
     277    1.56007448248263E+01    3.87866708434903E+01    -6.245526E+04
     278    1.54070125097799E+01    3.88218494383610E+01    -7.933472E+04
     279    1.54883178247108E+01    3.88692809566479E+01    -7.585716E+04
     280    1.54586060815694E+01    3.89881807537995E+01    -8.292392E+04
     281    1.55938124343720E+01    3.89739549611494E+01    -7.126510E+04
     282    1.54818198470812E+01    3.90563745053161E+01    -8.513923E+04
     283    1.56968510388761E+01    3.90792394412471E+01    -6.489522E+04
     284    1.54913250240950E+01    3.91663515677081E+01    -8.940750E+04
     285    1.58099137032707E+01    3.89962915564330E+01    -5.184844E+04
     286    1.59158973328708E+01    3.91007116178869E+01    -4.714577E+04
     287    1.60249459997548E+01    3.92043294737206E+01    -4.420909E+04
     288    1.61517485232867E+01    3.91174617110072E+01    -4.012469E+04
     289    1.62782264054295E+01    3.90304688731519E+01    -3.603132E+04
     290    1.60387401865269E+01    3.90149787784984E+01    -4.054185E+04
     291    1.61648687957486E+01    3.89281828612412E+01    -3.624797E+04
     292    1.64046023093197E+01    3.89432865369142E+01    -3.207302E+04
     293    1.62921448173901E+01    3.88408868902790E+01    -3.289397E+04
     294    1.65315915645037E+01    3.88557347326457E+01    -2.871162E+04
     295    1.64196480220565E+01    3.87533058647304E+01    -2.988952E+04
     296    1.66578643598959E+01    3.87681460272143E+01    -2.508938E+04
     297    1.65467335440369E+01    3.86656190909936E+01    -2.681598E+04
     298    1.67828076243801E+01    3.86807035849368E+01    -2.080518E+04
     299    1.68915092035759E+01    3.87837448586749E+01    -1.727483E+04
     300    1.69087615608648E+01    3.85927880702849E+01    -1.737584E+04
     301    1.70195509988668E+01    3.86951543959517E+01    -1.517714E+04
     302    1.70018764509771E+01    3.88863185255840E+01    -1.461892E+04
     303    1.68725807185688E+01    3.89751267296870E+01    -1.613735E+04
     304    1.67655135215012E+01    3.88715708609099E+01    -2.090328E+04
     305    1.66388715203455E+01    3.89593613147312E+01    -2.431435E+04
     306    1.69824707548733E+01    3.90779102563825E+01    -1.299070E+04
     307    1.71325937141028E+01    3.87968922909844E+01    -1.423282E+04
     308    1.72636213208711E+01    3.87071625074327E+01    -1.426147E+04
     309    1.71500052243606E+01    3.86057053138159E+01    -1.485388E+04
     310    1.73941296930129E+01    3.86173527123554E+01    -1.416677E+04
     311    1.75073447196518E+01    3.87187748754070E+01    -1.308503E+04
     312    1.75242012741543E+01    3.85274271570952E+01    -1.400077E+04
     313    1.74109237972121E+01    3.84261066592879E+01    -1.485133E+04
     314    1.76537170575556E+01    3.84374353850988E+01    -1.368412E+04
     315    1.75407067036022E+01    3.83361617756861E+01    -1.472693E+04
     316    1.77822672992911E+01    3.83474884161696E+01    -1.294782E+04
     317    1.76694255570634E+01    3.82462804349758E+01    -1.411642E+04
     318    1.75558639269079E+01    3.81452439152824E+01    -1.460719E+04
     319    1.74275533219168E+01    3.82348935718829E+01    -1.546859E+04
     320    1.74424116612271E+01    3.80441344473032E+01    -1.496277E+04
     321    1.75683508431753E+01    3.79550453407121E+01    -1.276673E+04
     322    1.73296501431971E+01    3.79428058854269E+01    -1.556608E+04
     323    1.72018603600323E+01    3.80320736679229E+01    -1.673463E+04
     324    1.73146147009873E+01    3.81335243910834E+01    -1.614429E+04
     325    1.70728486671167E+01    3.81214697382215E+01    -1.730742E+04
     326    1.71852770105565E+01    3.82231218293079E+01    -1.652282E+04
     327    1.72978389164922E+01    3.83247033802923E+01    -1.561929E+04
     328    1.71677386807230E+01    3.84143972451761E+01    -1.572966E+04
     329    1.70556174717108E+01    3.83125756089444E+01    -1.689963E+04
     330    1.70378108640715E+01    3.85038196456626E+01    -1.616238E+04
     331    1.69266700331399E+01    3.84016240165458E+01    -1.794989E+04
     332    1.67991151127526E+01    3.84900783503546E+01    -2.011243E+04
     333    1.68150883411483E+01    3.82995142620174E+01    -1.924456E+04
     334    1.66877152677227E+01    3.83878093526631E+01    -2.150375E+04
     335    1.65754084196477E+01    3.82857486192182E+01    -2.209840E+04
     336    1.65609757733467E+01    3.84757156002235E+01    -2.437675E+04
     337    1.66732136571296E+01    3.85778759698818E+01    -2.355182E+04
     338    1.64339615539834E+01    3.85634891599653E+01    -2.727179E+04
     339    1.64484614753661E+01    3.83736000667064E+01    -2.481432E+04
     340    1.63214275862699E+01    3.84612619036768E+01    -2.767417E+04
     341    1.62089593391735E+01    3.83589940885144E+01    -2.791201E+04
     342    1.63358742502269E+01    3.82714724113348E+01    -2.499872E+04
     343    1.64626109238088E+01    3.81837894414312E+01    -2.216775E+04
     344    1.67026848982957E+01    3.81975939865455E+01    -1.979815E+04
     345    1.65896583154699E+01    3.80958042843798E+01    -1.973888E+04
     346    1.68306865236811E+01    3.81090301483209E+01    -1.817345E+04
     347    1.69435393685241E+01    3.82107131227963E+01    -1.789298E+04
     348    1.69595673861207E+01    3.80200074781826E+01    -1.732797E+04
     349    1.67173757450114E+01    3.80074299204992E+01    -1.794956E+04
     350    1.68458779284753E+01    3.79186266864465E+01    -1.687561E+04
     351    1.69751143595244E+01    3.78294112688250E+01    -1.648813E+04
     352    1.68614432455076E+01    3.77281114886781E+01    -1.586115E+04
     353    1.67322038512384E+01    3.78172120374034E+01    -1.622750E+04
     354    1.66189002734960E+01    3.77156507994271E+01    -1.561810E+04
     355    1.67479442820696E+01    3.76267215712065E+01    -1.514372E+04
     356    1.65061315289897E+01    3.76139241783722E+01    -1.515566E+04
     357    1.66346693619869E+01    3.75252415533532E+01    -1.436992E+04
     358    1.68765556196064E+01    3.75376868867337E+01    -1.458805E+04
     359    1.67630869499215E+01    3.74363773525713E+01    -1.370548E+04
     360    1.70041370242193E+01    3.74487208789013E+01    -1.355483E+04
     361    1.71176304235105E+01    3.75498750548235E+01    -1.423249E+04
     362    1.69902656881022E+01    3.76389052426366E+01    -1.542544E+04
     363    1.71038904230892E+01    3.77401003765855E+01    -1.600321E+04
     364    1.70886928304270E+01    3.79307059675416E+01    -1.684877E+04
     365    1.72169733620726E+01    3.78414160598221E+01    -1.602033E+04
     366    1.72310434088280E+01    3.76510152695750E+01    -1.465393E+04
     367    1.73434959185500E+01    3.77523933172635E+01    -1.423919E+04
     368    1.74554698948434E+01    3.78538575075256E+01    -1.330644E+04
     369    1.75806719850298E+01    3.77648720859099E+01    -1.084047E+04
     370    1.74684765869749E+01    3.76635760857579E+01    -1.164261E+04
     371    1.77065138562404E+01    3.76754986643433E+01    -8.995260E+03
     372    1.75937176085487E+01    3.75744883991887E+01    -9.415470E+03
     373    1.77200856204993E+01    3.74848755686755E+01    -8.133300E+03
     374    1.78332209204005E+01    3.75856851424744E+01    -7.923410E+03
     375    1.78473300856771E+01    3.73948125618242E+01    -7.633020E+03
     376    1.76072644739626E+01    3.73839531558726E+01    -8.347950E+03
     377    1.74811974383016E+01    3.74733582491042E+01    -9.815920E+03
     378    1.74947070122303E+01    3.72829111075024E+01    -8.536680E+03
     379    1.77343484942774E+01    3.72940420385506E+01    -7.755130E+03
     380    1.76215344514757E+01    3.71931982952689E+01    -7.787220E+03
     381    1.78615071922076E+01    3.72039061966402E+01    -7.414640E+03
     382    1.77486384522853E+01    3.71031845811182E+01    -7.423060E+03
     383    1.79883679761183E+01    3.71136453187546E+01    -7.077790E+03
     384    1.78754788078780E+01    3.70130448137174E+01    -7.085220E+03
     385    1.81152351851750E+01    3.70231716688175E+01    -6.948110E+03
     386    1.80021803756450E+01    3.69227320289528E+01    -6.856480E+03
     387    1.82415517478690E+01    3.69326450451232E+01    -6.653150E+03
     388    1.83548334996446E+01    3.70328605637015E+01    -6.686710E+03
     389    1.82285141258880E+01    3.71234989419028E+01    -6.989490E+03
     390    1.83418604072880E+01    3.72237804543342E+01    -6.874490E+03
     391    1.82149417117761E+01    3.73144982271465E+01    -6.990390E+03
     392    1.83279693580037E+01    3.74149473209832E+01    -6.471210E+03
     393    1.82007963797172E+01    3.75056527675227E+01    -6.633420E+03
     394    1.80877580506674E+01    3.74050913108845E+01    -7.134000E+03
     395    1.81014723806190E+01    3.72141434488634E+01    -7.013030E+03
     396    1.79744986493524E+01    3.73045552507634E+01    -7.285900E+03
     397    1.79604854925233E+01    3.74954909603201E+01    -7.423680E+03
     398    1.80736632342471E+01    3.75961345060171E+01    -7.026560E+03
     399    1.79466815674353E+01    3.76863624277702E+01    -7.725150E+03
     400    1.78200500997787E+01    3.77762777871866E+01    -8.860150E+03
     401    1.79345553168813E+01    3.78767365685065E+01    -9.158330E+03
     402    1.78085179702295E+01    3.79663937168316E+01    -1.089869E+04
     403    1.79235363149669E+01    3.80667990548382E+01    -1.133847E+04
     404    1.77968488544984E+01    3.81565440531223E+01    -1.286596E+04
     405    1.76824766034936E+01    3.80558471229043E+01    -1.283855E+04
     406    1.76938824900390E+01    3.78658516647604E+01    -1.050321E+04
     407    1.79102442855448E+01    3.82574808993732E+01    -1.204535E+04
     408    1.80375784257164E+01    3.81674348711179E+01    -1.092949E+04
     409    1.81512082984578E+01    3.82681445380650E+01    -1.004245E+04
     410    1.82782321673050E+01    3.81778585162712E+01    -8.918950E+03
     411    1.82650691600651E+01    3.83687579940021E+01    -9.099510E+03
     412    1.83925838727849E+01    3.82782083486096E+01    -8.287290E+03
     413    1.85195871111571E+01    3.81875935898094E+01    -7.348700E+03
     414    1.85068969319527E+01    3.83785398438704E+01    -7.422160E+03
     415    1.83789712217513E+01    3.84693248890142E+01    -7.974600E+03
     416    1.82503604006958E+01    3.85600832808581E+01    -8.291200E+03
     417    1.81368048885868E+01    3.84593009458266E+01    -9.631080E+03
     418    1.81208332602802E+01    3.86508816638488E+01    -8.222430E+03
     419    1.80079188664880E+01    3.85497950881505E+01    -9.967270E+03
     420    1.80233189908319E+01    3.83584632095723E+01    -1.080738E+04
     421    1.78949394471311E+01    3.84487029931161E+01    -1.146053E+04
     422    1.78786481614849E+01    3.86401781366761E+01    -1.026553E+04
     423    1.79910445612755E+01    3.87415287359449E+01    -8.198310E+03
     424    1.78611514855378E+01    3.88319743726280E+01    -8.321120E+03
     425    1.77492380750844E+01    3.87303796308985E+01    -1.068549E+04
     426    1.77313381009092E+01    3.89221775225120E+01    -8.710970E+03
     427    1.76196495045992E+01    3.88204086417718E+01    -1.120299E+04
     428    1.76370414424719E+01    3.86288314819088E+01    -1.265648E+04
     429    1.77662422225903E+01    3.85388128054405E+01    -1.211711E+04
     430    1.81641107221805E+01    3.80774020925830E+01    -9.493700E+03
     431    1.80495949065650E+01    3.79770183449296E+01    -9.601880E+03
     432    1.81751868607167E+01    3.78871548552301E+01    -7.761590E+03
     433    1.80605815188757E+01    3.77868762536926E+01    -7.613150E+03
     434    1.81871458268161E+01    3.76966451671034E+01    -6.628030E+03
     435    1.83140634502789E+01    3.76061102735850E+01    -6.080940E+03
     436    1.84413840502383E+01    3.75152423899854E+01    -6.007770E+03
     437    1.85684447464431E+01    3.74242408855582E+01    -5.967870E+03
     438    1.84547865834059E+01    3.73241381403148E+01    -6.278890E+03
     439    1.86950572681484E+01    3.73331579358474E+01    -5.836860E+03
     440    1.85813090689694E+01    3.72331978908039E+01    -6.094990E+03
     441    1.88213691759101E+01    3.72419545690351E+01    -5.710500E+03
     442    1.84681154728686E+01    3.71330320162307E+01    -6.521240E+03
     443    1.81285631918680E+01    3.68323058965355E+01    -6.615330E+03
     444    1.80158319729599E+01    3.67318541368472E+01    -6.551360E+03
     445    1.81419167364954E+01    3.66414169869644E+01    -6.320980E+03
     446    1.80295265554046E+01    3.65409524901428E+01    -6.297300E+03
     447    1.79034386224898E+01    3.66312707755578E+01    -6.514840E+03
     448    1.78894499254109E+01    3.68221694698730E+01    -6.781530E+03
     449    1.77770373712736E+01    3.67214763223910E+01    -6.720770E+03
     450    1.77627825363961E+01    3.69123523347584E+01    -7.022130E+03
     451    1.76503279264949E+01    3.68115585918583E+01    -6.920580E+03
     452    1.74112685452925E+01    3.68004630993333E+01    -7.075260E+03
     453    1.75235049488499E+01    3.69014669905354E+01    -7.243500E+03
     454    1.76360404790160E+01    3.70023516677411E+01    -7.412150E+03
     455    1.75090408142799E+01    3.70922157441938E+01    -7.831670E+03
     456    1.73967107733959E+01    3.69911618129052E+01    -7.784920E+03
     457    1.72846181980389E+01    3.68899997589084E+01    -7.697610E+03
     458    1.71582261506357E+01    3.69792555593559E+01    -8.690250E+03
     459    1.72702200048352E+01    3.70805563626479E+01    -8.727930E+03
     460    1.70319634658535E+01    3.70682691645863E+01    -9.965360E+03
     461    1.70464661576593E+01    3.68778572693137E+01    -8.609390E+03
     462    1.71728641983383E+01    3.67887106516524E+01    -7.637990E+03
     463    1.70611648550377E+01    3.66873727488675E+01    -7.417810E+03
     464    1.71879173334411E+01    3.65980349578759E+01    -6.895810E+03
     465    1.72994628297381E+01    3.66993025233949E+01    -6.997120E+03
     466    1.70765906240242E+01    3.64966711523161E+01    -6.744470E+03
     467    1.69495591724013E+01    3.65859768299419E+01    -7.062560E+03
     468    1.68384097084657E+01    3.64844187038289E+01    -6.816690E+03
     469    1.69655189745758E+01    3.63952023961746E+01    -6.568970E+03
     470    1.70923881644241E+01    3.63058486738772E+01    -6.356420E+03
     471    1.69815020389733E+01    3.62044031107824E+01    -6.129460E+03
     472    1.68546632654815E+01    3.62936393166181E+01    -6.343880E+03
     473    1.68710249544244E+01    3.61028155650262E+01    -5.983710E+03
     474    1.69978236829958E+01    3.60134836288436E+01    -5.954530E+03
     475    1.71082021382940E+01    3.61149926390676E+01    -6.015510E+03
     476    1.71243425753848E+01    3.59240345157978E+01    -5.930740E+03
     477    1.72347300291292E+01    3.60254274276118E+01    -5.980390E+03
     478    1.72191038490720E+01    3.62163210609328E+01    -6.236360E+03
     479    1.73454806445130E+01    3.61266872020957E+01    -6.083730E+03
     480    1.67440234235303E+01    3.61919918283706E+01    -6.070500E+03
     481    1.65064988456400E+01    3.61791354669533E+01    -5.942200E+03
     482    1.66168008226985E+01    3.62810206082993E+01    -6.202790E+03
     483    1.63788696941449E+01    3.62679551930476E+01    -5.976120E+03
     484    1.64893486051762E+01    3.63699008854888E+01    -6.376170E+03
     485    1.66001194462063E+01    3.64717357304340E+01    -6.778870E+03
     486    1.67275262028177E+01    3.63827567825346E+01    -6.553700E+03
     487    1.67111815918004E+01    3.65734586192461E+01    -7.181110E+03
     488    1.65840081301919E+01    3.66622829842296E+01    -7.776230E+03
     489    1.64726433771650E+01    3.65605273394425E+01    -7.152230E+03
     490    1.64563433531663E+01    3.67510154268770E+01    -8.241460E+03
     491    1.65682180856596E+01    3.68527108667929E+01    -9.028950E+03
     492    1.66958109927909E+01    3.67638783141720E+01    -8.496580E+03
     493    1.66806472829612E+01    3.69542162757311E+01    -9.988150E+03
     494    1.65529595359411E+01    3.70429806334510E+01    -1.067477E+04
     495    1.64404133558723E+01    3.69413927122085E+01    -9.618730E+03
     496    1.64250870834923E+01    3.71315753467154E+01    -1.143726E+04
     497    1.63126297860932E+01    3.70298480884644E+01    -1.041838E+04
     498    1.62970732074303E+01    3.72199899470630E+01    -1.230416E+04
     499    1.65373993030717E+01    3.72333015248638E+01    -1.215971E+04
     500    1.64092761268594E+01    3.73218648855031E+01    -1.297648E+04
     501    1.62812894688380E+01    3.74101721165780E+01    -1.408186E+04
     502    1.62653584903069E+01    3.76003665752167E+01    -1.580668E+04
     503    1.63936630539202E+01    3.75120818106799E+01    -1.468838E+04
     504    1.65217865109877E+01    3.74236161057004E+01    -1.365102E+04
     505    1.63775432116529E+01    3.77024056248809E+01    -1.610996E+04
     506    1.62487653375638E+01    3.77907138758438E+01    -1.714144E+04
     507    1.64902672680339E+01    3.78042638454869E+01    -1.656488E+04
     508    1.63624366654559E+01    3.78924399867297E+01    -1.823901E+04
     509    1.64762269865946E+01    3.79940867707280E+01    -1.920946E+04
     510    1.66037988416583E+01    3.79058726831149E+01    -1.734472E+04
     511    1.63494852961158E+01    3.80818746973173E+01    -2.181664E+04
     512    1.62360705005193E+01    3.79800122843352E+01    -2.107057E+04
     513    1.61221997369229E+01    3.78782302476957E+01    -1.982129E+04
     514    1.61108222255875E+01    3.80670784889209E+01    -2.482826E+04
     515    1.62231791913299E+01    3.81693330244140E+01    -2.490624E+04
     516    1.60967068861538E+01    3.82566306667229E+01    -2.808387E+04
     517    1.59850328636995E+01    3.81540883501274E+01    -2.842727E+04
     518    1.59704851099896E+01    3.83436461657448E+01    -3.162218E+04
     519    1.60823791060107E+01    3.84462046510703E+01    -3.124201E+04
     520    1.58457903328513E+01    3.84300553896102E+01    -3.634733E+04
     521    1.59573926241948E+01    3.85328062011564E+01    -3.580261E+04
     522    1.60682753471827E+01    3.86357062355208E+01    -3.458625E+04
     523    1.61944426483233E+01    3.85486960975056E+01    -3.076552E+04
     524    1.61791809713224E+01    3.87385786061774E+01    -3.317822E+04
     525    1.63065305798613E+01    3.86511484368704E+01    -3.009783E+04
     526    1.60524148880989E+01    3.88256399358940E+01    -3.683699E+04
     527    1.59430723597036E+01    3.87222574212677E+01    -3.922723E+04
     528    1.59285956496169E+01    3.89117205070134E+01    -4.259342E+04
     529    1.58597638491013E+01    3.82407436570481E+01    -3.255975E+04
     530    1.58726915616782E+01    3.80516847231220E+01    -2.813081E+04
     531    1.59971349809409E+01    3.79651387636982E+01    -2.367699E+04
     532    1.66499462998969E+01    3.73349313317595E+01    -1.283737E+04
     533    1.67778886664529E+01    3.72460946537591E+01    -1.208059E+04
     534    1.66654242586136E+01    3.71445573819470E+01    -1.147777E+04
     535    1.69052474046425E+01    3.71572031734770E+01    -1.113631E+04
     536    1.68907665902409E+01    3.73474954360665E+01    -1.275571E+04
     537    1.70176701315137E+01    3.72586082115265E+01    -1.149304E+04
     538    1.71440615598029E+01    3.71696506625390E+01    -1.008892E+04
     539    1.72563080227967E+01    3.72709626310329E+01    -1.011083E+04
     540    1.73824289217250E+01    3.71817591249750E+01    -8.708730E+03
     541    1.73687328974232E+01    3.73721857607966E+01    -1.005065E+04
     542    1.71304465970873E+01    3.73598856550620E+01    -1.188253E+04
     543    1.72433192095837E+01    3.74610931873626E+01    -1.213421E+04
     544    1.73562412422241E+01    3.75622582466254E+01    -1.221582E+04
     545    1.67930513501590E+01    3.70557007831355E+01    -1.073075E+04
     546    1.69200838819874E+01    3.69667996653389E+01    -9.787660E+03
     547    1.68079785170323E+01    3.68653489669649E+01    -9.261640E+03
     548    1.69346794231405E+01    3.67764387748843E+01    -8.312960E+03
     549    1.68228447926736E+01    3.66749915868191E+01    -7.788320E+03
     550    1.63617104725233E+01    3.64586219970888E+01    -6.620110E+03
     551    1.62511809819304E+01    3.63565867968607E+01    -6.163230E+03
     552    1.62689821539997E+01    3.61658154638603E+01    -5.777930E+03
     553    1.61413997138380E+01    3.62543117008823E+01    -6.013070E+03
     554    1.61593164641414E+01    3.60635863874687E+01    -5.537330E+03
     555    1.72806894774010E+01    3.85159551304377E+01    -1.489301E+04
     556    1.65124980473600E+01    3.90468586819263E+01    -2.810135E+04
     557    1.55501129842797E+01    3.77768860210965E+01    -2.089386E+04
     558    1.56399439804597E+01    3.77254360478836E+01    -1.849069E+04
     559    1.56899662358736E+01    3.76686681720962E+01    -1.622763E+04
     560    1.56518698420019E+01    3.75513057557186E+01    -1.477959E+04
     561    1.60316993267553E+01    3.61519851443448E+01    -5.725200E+03
     562    1.87996607404113E+01    3.68794792612642E+01    -5.615610E+03
     563    1.92523122900775E+01    3.73020376457562E+01    -5.250470E+03
     564    1.92911766922296E+01    3.74488092336261E+01    -5.271150E+03
     565    1.91761923927062E+01    3.73495746782249E+01    -5.322970E+03
     566    1.91651759773302E+01    3.75404995095463E+01    -5.409250E+03
     567    1.94800007678825E+01    3.75235680978571E+01    -5.215450E+03
     568    1.94065508812228E+01    3.75478990232763E+01    -5.273990E+03
     569    1.95221952510006E+01    3.76468562778961E+01    -5.251180E+03
     570    1.93961843724767E+01    3.77387953069001E+01    -5.384600E+03
     571    1.92805501435212E+01    3.76397042375500E+01    -5.413120E+03
     572    1.90388666974699E+01    3.76320719088231E+01    -5.549040E+03
     573    1.91542386555380E+01    3.77314009559813E+01    -5.554470E+03
     574    1.89122441463753E+01    3.77235251929433E+01    -5.689590E+03
     575    1.90276134242724E+01    3.78229788731634E+01    -5.695680E+03
     576    1.92698628588167E+01    3.78306171053702E+01    -5.520140E+03
     577    1.92590240430735E+01    3.80215690779775E+01    -5.531700E+03
     578    1.93856686858797E+01    3.79297310477493E+01    -5.399130E+03
     579    1.93751370848998E+01    3.81206741793641E+01    -5.407660E+03
     580    1.92481261551039E+01    3.82125297051027E+01    -5.510930E+03
     581    1.93825404132214E+01    3.82245834655417E+01    -5.367920E+03
     582    1.92225386577054E+01    3.83213644715932E+01    -5.427130E+03
     583    1.95192615546699E+01    3.81415052631008E+01    -5.268480E+03
     584    1.95017869121891E+01    3.80287190202491E+01    -5.276860E+03
     585    1.96557002746686E+01    3.80582668698813E+01    -5.191260E+03
     586    1.96282031934939E+01    3.79366247322313E+01    -5.203020E+03
     587    1.97743893141411E+01    3.79571567045554E+01    -5.188500E+03
     588    1.97543857025608E+01    3.78443744732687E+01    -5.186940E+03
     589    1.95119991147175E+01    3.78377838000958E+01    -5.268460E+03
     590    1.96380964965790E+01    3.77456985268153E+01    -5.193650E+03
     591    1.88890463848057E+01    3.81053467126191E+01    -5.961870E+03
     