1 39 163 158
2 39 156 163
3 37 173 167
4 35 196 192
5 35 208 219
6 24 233 205
7 3 253 260
8 32 225 231
9 6 280 305
10 12 312 309
11 11 398 413
12 35 190 208
13 40 148 140
14 37 187 173
15 30 213 217
16 27 227 199
17 30 206 213
18 35 219 210
19 10 448 444
20 38 157 159
21 42 141 139
22 33 198 186
23 27 197 222
24 21 245 216
25 2 263 288
26 15 286 257
27 18 259 235
28 31 300 283
29 29 322 340
30 5 349 363
31 9 291 324
32 8 384 390
33 8 358 384
34 5 333 323
35 1 317 332
36 6 305 293
37 5 363 352
38 28 376 382
39 13 469 459
40 16 474 467
41 20 424 392
42 14 403 435
43 14 368 403
44 29 340 303
45 20 387 421
46 20 347 387
47 16 463 475
48 17 351 394
49 23 359 393
50 23 318 359
51 25 454 437
52 22 473 457
53 35 192 184
54 38 172 162
55 38 160 169
56 33 181 189
57 34 239 218
58 23 327 319
59 6 293 267
60 33 189 198
61 9 316 290
62 14 402 380
63 14 419 402
64 38 176 172
65 38 159 160
66 34 209 212
67 29 303 258
68 23 319 318
69 32 249 228
70 31 283 265
71 7 420 438
72 42 136 141
73 38 162 157
74 32 228 225
75 30 217 193
76 17 357 351
77 3 260 251
78 14 380 368
79 17 361 357
80 29 272 294
81 28 411 376
82 8 390 367
83 12 309 282
84 11 405 389
85 9 324 316
86 1 302 317
87 5 352 333
88 8 367 355
89 7 418 410
90 29 294 322
91 10 445 458
92 13 459 472
93 16 466 463
94 17 429 399
95 15 285 286
96 25 430 422
97 23 407 379
98 21 242 244
99 20 431 424
100 21 244 245
101 26 374 345
102 27 222 227
103 22 456 464
104 19 471 476
105 53 178 168
106 50 170 165
107 52 161 164
108 59 183 188
109 65 234 226
110 80 269 236
111 76 281 271
112 64 202 215
113 83 311 308
114 100 377 344
115 113 417 414
116 55 185 195
117 48 153 146
118 61 194 182
119 69 264 240
120 78 262 229
121 66 237 223
122 71 254 232
123 125 433 440
124 46 142 151
125 46 154 147
126 64 214 200
127 60 220 221
128 88 301 250
129 75 268 277
130 96 338 295
131 91 315 266
132 89 276 278
133 101 391 370
134 106 385 378
135 85 314 320
136 109 404 396
137 98 342 360
138 94 306 313
139 94 341 337
140 97 343 321
141 111 401 381
142 101 325 353
143 132 452 455
144 133 460 462
145 127 450 425
146 114 432 434
147 96 330 365
148 110 395 354
149 108 412 416
150 87 284 339
151 127 453 468
152 88 292 350
153 105 383 388
154 78 256 307
155 131 449 443
156 134 465 461
157 56 177 171
158 55 190 175
159 48 148 155
160 54 174 180
161 74 275 247
162 82 242 238
163 92 326 297
164 59 196 207
165 98 358 336
166 113 398 372
167 122 445 436
168 58 209 203
169 47 144 145
170 58 176 179
171 93 328 274
172 80 233 230
173 77 272 246
174 81 252 241
175 118 405 423
176 43 137 143
177 50 156 152
178 66 206 204
179 72 287 248
180 91 259 255
181 84 310 296
182 100 312 304
183 95 285 273
184 77 249 261
185 120 439 406
186 116 415 400
187 99 371 346
188 118 420 408
189 103 375 369
190 86 279 298
191 107 373 356
192 106 349 335
193 117 397 386
194 89 300 329
195 122 419 441
196 126 426 447
197 128 429 428
198 128 466 451
199 95 361 364
200 115 374 362
201 123 456 442
202 82 327 334
203 130 471 470
204 87 347 348
205 115 430 409
206 73 289 299
207 123 407 427
208 130 431 446
209 53 168 163
210 50 165 156
211 52 164 173
212 59 188 196
213 65 226 208
214 80 236 233
215 76 271 253
216 64 215 225
217 83 308 280
218 100 344 312
219 113 414 398
220 55 195 190
221 48 146 148
222 61 182 187
223 69 240 213
224 78 229 227
225 66 223 206
226 71 232 219
227 125 440 448
228 46 151 157
229 46 147 141
230 64 200 198
231 60 221 197
232 88 250 245
233 75 277 263
234 96 295 286
235 91 266 259
236 89 278 300
237 101 370 322
238 106 378 349
239 85 320 291
240 109 396 384
241 98 360 358
242 94 313 333
243 94 337 317
244 97 321 305
245 111 381 363
246 101 353 376
247 132 455 469
248 133 462 474
249 127 425 424
250 114 434 403
251 96 365 368
252 110 354 340
253 108 416 387
254 87 339 347
255 127 468 463
256 88 350 351
257 105 388 359
258 78 307 318
259 131 443 454
260 134 461 473
261 56 178 192
262 55 170 172
263 48 161 160
264 54 183 181
265 74 234 239
266 82 269 327
267 92 281 293
268 59 202 189
269 98 311 316
270 113 377 402
271 122 417 419
272 58 185 176
273 47 153 159
274 58 194 209
275 93 264 303
276 80 262 319
277 77 237 249
278 81 254 283
279 118 433 420
280 43 142 136
281 50 154 162
282 66 214 228
283 72 220 217
284 91 301 357
285 84 268 260
286 100 338 380
287 95 315 361
288 77 276 272
289 120 391 411
290 116 385 390
291 99 314 309
292 118 404 405
293 103 342 324
294 86 306 302
295 107 341 352
296 106 343 367
297 117 401 418
298 89 325 294
299 122 452 445
300 126 460 459
301 128 450 466
302 128 432 429
303 95 330 285
304 115 395 430
305 123 412 407
306 82 284 242
307 130 453 431
308 87 292 244
309 115 383 374
310 73 256 222
311 123 449 456
312 130 465 471
313 56 171 178
314 55 175 170
315 48 155 161
316 54 180 183
317 74 247 234
318 82 238 269
319 92 297 281
320 59 207 202
321 98 336 311
322 113 372 377
323 122 436 417
324 58 203 185
325 47 145 153
326 58 179 194
327 93 274 264
328 80 230 262
329 77 246 237
330 81 241 254
331 118 423 433
332 43 143 142
333 50 152 154
334 66 204 214
335 72 248 220
336 91 255 301
337 84 296 268
338 100 304 338
339 95 273 315
340 77 261 276
341 120 406 391
342 116 400 385
343 99 346 314
344 118 408 404
345 103 369 342
346 86 298 306
347 107 356 341
348 106 335 343
349 117 386 401
350 89 329 325
351 122 441 452
352 126 447 460
353 128 428 450
354 128 451 432
355 95 364 330
356 115 362 395
357 123 442 412
358 82 334 284
359 130 470 453
360 87 348 292
361 115 409 383
362 73 299 256
363 123 427 449
364 130 446 465
365 36 166 177
366 35 184 190
367 40 150 148
368 36 177 174
369 31 265 275
370 21 211 242
371 5 310 326
372 35 210 196
373 8 355 358
374 11 371 398
375 10 444 445
376 34 218 209
377 41 138 144
378 38 169 176
379 26 287 328
380 24 201 233
381 29 258 272
382 32 231 252
383 11 413 405
384 41 144 137
385 39 149 156
386 30 191 206
387 26 289 287
388 18 224 259
389 5 323 310
390 12 270 312
391 15 243 285
392 32 252 249
393 25 422 439
394 7 410 415
395 11 375 371
396 7 415 420
397 11 389 375
398 2 288 279
399 4 366 373
400 5 326 349
401 4 373 397
402 31 331 300
403 14 426 419
404 14 435 426
405 17 394 429
406 16 467 466
407 17 399 361
408 26 328 374
409 22 457 456
410 23 379 327
411 19 477 471
412 20 392 347
413 25 437 430
414 26 345 289
415 23 393 407
416 20 421 431
417 163 168 158
418 156 165 163
419 173 164 167
420 196 188 192
421 208 226 219
422 233 236 205
423 253 271 260
424 225 215 231
425 280 308 305
426 312 344 309
427 398 414 413
428 190 195 208
429 148 146 140
430 187 182 173
431 213 240 217
432 227 229 199
433 206 223 213
434 219 232 210
435 448 440 444
436 157 151 159
437 141 147 139
438 198 200 186
439 197 221 222
440 245 250 216
441 263 277 288
442 286 295 257
443 259 266 235
444 300 278 283
445 322 370 340
446 349 378 363
447 291 320 324
448 384 396 390
449 358 360 384
450 333 313 323
451 317 337 332
452 305 321 293
453 363 381 352
454 376 353 382
455 469 455 459
456 474 462 467
457 424 425 392
458 403 434 435
459 368 365 403
460 340 354 303
461 387 416 421
462 347 339 387
463 463 468 475
464 351 350 394
465 359 388 393
466 318 307 359
467 454 443 437
468 473 461 457
469 192 178 184
470 172 170 162
471 160 161 169
472 181 183 189
473 239 234 218
474 327 269 319
475 293 281 267
476 189 202 198
477 316 311 290
478 402 377 380
479 419 417 402
480 176 185 172
481 159 153 160
482 209 194 212
483 303 264 258
484 319 262 318
485 249 237 228
486 283 254 265
487 420 433 438
488 136 142 141
489 162 154 157
490 228 214 225
491 217 220 193
492 357 301 351
493 260 268 251
494 380 338 368
495 361 315 357
496 272 276 294
497 411 391 376
498 390 385 367
499 309 314 282
500 405 404 389
501 324 342 316
502 302 306 317
503 352 341 333
504 367 343 355
505 418 401 410
506 294 325 322
507 445 452 458
508 459 460 472
509 466 450 463
510 429 432 399
511 285 330 286
512 430 395 422
513 407 412 379
514 242 284 244
515 431 453 424
516 244 292 245
517 374 383 345
518 222 256 227
519 456 449 464
520 471 465 476
521 178 171 168
522 170 175 165
523 161 155 164
524 183 180 188
525 234 247 226
526 269 238 236
527 281 297 271
528 202 207 215
529 311 336 308
530 377 372 344
531 417 436 414
532 185 203 195
533 153 145 146
534 194 179 182
535 264 274 240
536 262 230 229
537 237 246 223
538 254 241 232
539 433 423 440
540 142 143 151
541 154 152 147
542 214 204 200
543 220 248 221
544 301 255 250
545 268 296 277
546 338 304 295
547 315 273 266
548 276 261 278
549 391 406 370
550 385 400 378
551 314 346 320
552 404 408 396
553 342 369 360
554 306 298 313
555 341 356 337
556 343 335 321
557 401 386 381
558 325 329 353
559 452 441 455
560 460 447 462
561 450 428 425
562 432 451 434
563 330 364 365
564 395 362 354
565 412 442 416
566 284 334 339
567 453 470 468
568 292 348 350
569 383 409 388
570 256 299 307
571 449 427 443
572 465 446 461
573 177 166 171
574 190 184 175
575 148 150 155
576 174 177 180
577 275 265 247
578 242 211 238
579 326 310 297
580 196 210 207
581 358 355 336
582 398 371 372
583 445 444 436
584 209 218 203
585 144 138 145
586 176 169 179
587 328 287 274
588 233 201 230
589 272 258 246
590 252 231 241
591 405 413 423
592 137 144 143
593 156 149 152
594 206 191 204
595 287 289 248
596 259 224 255
597 310 323 296
598 312 270 304
599 285 243 273
600 249 252 261
601 439 422 406
602 415 410 400
603 371 375 346
604 420 415 408
605 375 389 369
606 279 288 298
607 373 366 356
608 349 326 335
609 397 373 386
610 300 331 329
611 419 426 441
612 426 435 447
613 429 394 428
614 466 467 451
615 361 399 364
616 374 328 362
617 456 457 442
618 327 379 334
619 471 477 470
620 347 392 348
621 430 437 409
622 289 345 299
623 407 393 427
624 431 421 446
625 168 51 158
626 165 53 163
627 164 49 167
628 188 56 192
629 226 71 219
630 236 63 205
631 271 84 260
632 215 67 231
633 308 97 305
634 344 99 309
635 414 121 413
636 195 65 208
637 146 44 140
638 182 52 173
639 240 72 217
640 229 62 199
641 223 69 213
642 232 67 210
643 440 121 444
644 151 47 159
645 147 45 139
646 200 57 186
647 221 73 222
648 250 68 216
649 277 90 288
650 295 79 257
651 266 70 235
652 278 81 283
653 370 110 340
654 378 111 363
655 320 103 324
656 396 116 390
657 360 109 384
658 313 90 323
659 337 102 332
660 321 92 293
661 381 107 352
662 353 104 382
663 455 126 459
664 462 129 467
665 425 112 392
666 434 129 435
667 365 114 403
668 354 93 303
669 416 124 421
670 339 108 387
671 468 135 475
672 350 112 394
673 388 119 393
674 307 105 359
675 443 119 437
676 461 124 457
677 178 53 184
678 170 50 162
679 161 52 169
680 183 59 189
681 234 65 218
682 269 80 319
683 281 76 267
684 202 64 198
685 311 83 290
686 377 100 380
687 417 113 402
688 185 55 172
689 153 48 160
690 194 61 212
691 264 69 258
692 262 78 318
693 237 66 228
694 254 71 265
695 433 125 438
696 142 46 141
697 154 46 157
698 214 64 225
699 220 60 193
700 301 88 351
701 268 75 251
702 338 96 368
703 315 91 357
704 276 89 294
705 391 101 376
706 385 106 367
707 314 85 282
708 404 109 389
709 342 98 316
710 306 94 317
711 341 94 333
712 343 97 355
713 401 111 410
714 325 101 322
715 452 132 458
716 460 133 472
717 450 127 463
718 432 114 399
719 330 96 286
720 395 110 422
721 412 108 379
722 284 87 244
723 453 127 424
724 292 88 245
725 383 105 345
726 256 78 227
727 449 131 464
728 465 134 476
729 171 51 168
730 175 53 165
731 155 49 164
732 180 56 188
733 247 71 226
734 238 63 236
735 297 84 271
736 207 67 215
737 336 97 308
738 372 99 344
739 436 121 414
740 203 65 195
741 145 44 146
742 179 52 182
743 274 72 240
744 230 62 229
745 246 69 223
746 241 67 232
747 423 121 440
748 143 47 151
749 152 45 147
750 204 57 200
751 248 73 221
752 255 68 250
753 296 90 277
754 304 79 295
755 273 70 266
756 261 81 278
757 406 110 370
758 400 111 378
759 346 103 320
760 408 116 396
761 369 109 360
762 298 90 313
763 356 102 337
764 335 92 321
765 386 107 381
766 329 104 353
767 441 126 455
768 447 129 462
769 428 112 425
770 451 129 434
771 364 114 365
772 362 93 354
773 442 124 416
774 334 108 339
775 470 135 468
776 348 112 350
777 409 119 388
778 299 105 307
779 427 119 443
780 446 124 461
781 166 51 171
782 184 53 175
783 150 49 155
784 177 56 180
785 265 71 247
786 211 63 238
787 310 84 297
788 210 67 207
789 355 97 336
790 371 99 372
791 444 121 436
792 218 65 203
793 138 44 145
794 169 52 179
795 287 72 274
796 201 62 230
797 258 69 246
798 231 67 241
799 413 121 423
800 144 47 143
801 149 45 152
802 191 57 204
803 289 73 248
804 224 68 255
805 323 90 296
806 270 79 304
807 243 70 273
808 252 81 261
809 422 110 406
810 410 111 400
811 375 103 346
812 415 116 408
813 389 109 369
814 288 90 298
815 366 102 356
816 326 92 335
817 373 107 386
818 331 104 329
819 426 126 441
820 435 129 447
821 394 112 428
822 467 129 451
823 399 114 364
824 328 93 362
825 457 124 442
826 379 108 334
827 477 135 470
828 392 112 348
829 437 119 409
830 345 105 299
831 393 119 427
832 421 124 446
