1 15 314 317
2 3 218 226
3 8 246 249
4 19 353 364
5 9 261 275
6 22 414 391
7 13 297 299
8 19 377 378
9 1 208 212
10 28 474 475
11 33 526 513
12 34 520 507
13 32 532 519
14 29 457 469
15 32 519 504
16 39 568 569
17 26 459 458
18 35 512 501
19 48 647 658
20 52 713 728
21 44 590 602
22 10 269 272
23 8 264 276
24 8 249 264
25 14 306 321
26 24 398 407
27 14 321 331
28 28 449 448
29 25 408 395
30 18 349 362
31 30 454 440
32 27 453 452
33 25 417 408
34 30 463 465
35 19 352 353
36 7 262 247
37 14 318 305
38 17 370 357
39 8 259 246
40 17 359 370
41 13 308 297
42 13 323 322
43 6 225 241
44 11 279 296
45 16 338 340
46 23 412 394
47 27 467 453
48 31 514 511
49 12 316 315
50 12 304 316
51 19 378 363
52 24 420 421
53 33 499 498
54 27 452 464
55 38 563 549
56 43 609 623
57 37 580 583
58 37 567 580
59 28 475 462
60 37 571 555
61 37 583 571
62 42 632 621
63 46 675 688
64 51 718 732
65 42 630 632
66 47 653 664
67 47 679 681
68 47 664 679
69 52 728 729
70 52 702 713
71 53 699 698
72 47 655 653
73 53 724 725
74 55 705 689
75 29 469 471
76 35 510 512
77 34 518 520
78 40 560 548
79 38 574 575
80 38 559 574
81 49 641 654
82 49 642 641
83 54 694 693
84 54 707 720
85 53 710 724
86 53 698 710
87 54 720 721
88 59 741 762
89 9 275 286
90 4 237 223
91 2 211 217
92 14 331 330
93 4 240 237
94 21 406 415
95 7 253 265
96 24 410 398
97 2 216 209
98 33 513 499
99 37 555 554
100 38 549 547
101 36 566 564
102 30 465 454
103 31 511 524
104 44 606 592
105 21 415 432
106 39 543 541
107 44 617 619
108 53 725 712
109 40 557 560
110 4 229 240
111 9 284 270
112 3 226 224
113 9 286 284
114 19 364 377
115 15 337 325
116 23 411 424
117 24 407 409
118 13 324 323
119 29 444 457
120 22 413 428
121 29 445 444
122 35 501 487
123 13 312 324
124 12 287 290
125 13 299 312
126 22 391 392
127 7 236 253
128 18 374 361
129 12 290 304
130 18 361 349
131 1 212 210
132 6 255 252
133 11 296 307
134 22 402 413
135 26 458 470
136 26 470 486
137 17 357 344
138 13 322 308
139 23 394 404
140 29 460 445
141 28 461 474
142 23 424 425
143 37 554 567
144 44 619 606
145 42 621 605
146 38 575 563
147 32 504 503
148 36 564 576
149 41 618 615
150 46 666 662
151 47 681 669
152 52 729 714
153 47 669 655
154 43 623 625
155 52 714 703
156 48 674 661
157 57 763 753
158 48 673 674
159 48 658 673
160 42 616 630
161 58 760 749
162 54 693 707
163 34 507 494
164 40 548 533
165 39 556 543
166 44 592 590
167 43 612 599
168 39 569 556
169 45 607 610
170 44 602 617
171 49 654 668
172 55 715 705
173 54 721 709
174 49 668 670
175 59 758 745
176 55 716 715
177 86 289 302
178 65 234 230
179 67 220 233
180 97 343 354
181 72 251 263
182 116 397 393
183 81 267 283
184 109 401 388
185 61 215 213
186 134 500 488
187 148 542 527
188 146 534 521
189 150 551 535
190 126 466 468
191 142 508 506
192 158 594 581
193 125 431 442
194 144 529 515
195 172 631 646
196 193 726 727
197 157 573 587
198 73 242 257
199 77 281 278
200 69 238 250
201 84 298 309
202 109 379 389
203 90 335 333
204 121 423 436
205 113 405 400
206 95 336 350
207 126 443 441
208 123 427 438
209 118 434 418
210 130 489 477
211 96 327 339
212 79 273 260
213 89 301 303
214 105 383 369
215 74 239 243
216 101 372 371
217 88 291 294
218 95 348 334
219 63 219 228
220 76 268 282
221 91 310 326
222 115 399 396
223 129 456 455
224 138 484 497
225 93 342 329
226 88 320 319
227 110 387 376
228 119 446 435
229 134 473 485
230 122 437 451
231 154 552 550
232 166 620 622
233 162 608 596
234 154 577 579
235 135 490 476
236 156 561 558
237 163 603 586
238 176 652 635
239 181 683 685
240 194 730 731
241 175 656 645
242 174 637 651
243 188 704 691
244 180 676 677
245 201 754 739
246 187 686 701
247 186 672 684
248 175 629 640
249 199 750 737
250 191 692 690
251 132 495 483
252 143 536 525
253 145 544 531
254 157 578 562
255 160 600 588
256 153 570 572
257 170 624 638
258 171 614 627
259 184 667 680
260 191 717 719
261 192 722 723
262 185 682 696
263 197 746 735
264 195 733 742
265 80 280 292
266 72 261 245
267 62 214 221
268 98 358 356
269 73 269 266
270 106 368 384
271 74 259 271
272 114 411 403
273 66 236 222
274 141 516 502
275 149 530 528
276 147 523 522
277 152 540 537
278 131 492 480
279 137 481 493
280 166 609 595
281 116 414 430
282 145 518 517
283 171 642 644
284 200 752 738
285 155 582 585
286 68 232 244
287 84 306 293
288 70 256 254
289 86 314 311
290 103 365 380
291 99 360 346
292 114 410 422
293 112 382 390
294 96 352 351
295 118 417 433
296 115 412 426
297 119 420 419
298 139 505 491
299 89 318 328
300 78 255 258
301 82 274 288
302 104 366 367
303 66 216 227
304 108 402 385
305 79 262 277
306 101 359 347
307 64 235 231
308 78 287 285
309 85 300 313
310 108 374 386
311 124 429 439
312 129 467 482
313 100 355 341
314 94 345 332
315 107 373 375
316 127 461 447
317 127 460 472
318 121 449 450
319 148 526 538
320 172 647 633
321 169 628 611
322 161 604 591
323 136 479 478
324 150 532 545
325 165 593 589
326 178 643 639
327 189 708 697
328 202 756 740
329 181 675 659
330 173 648 649
331 194 718 706
332 187 702 687
333 207 765 755
334 186 699 700
335 179 657 671
336 167 612 626
337 205 761 751
338 183 663 678
339 140 509 496
340 151 553 539
341 153 559 546
342 158 568 565
343 167 616 601
344 159 597 584
345 168 634 636
346 164 598 613
347 177 650 665
348 195 741 734
349 198 748 736
350 184 694 695
351 204 759 747
352 196 744 743
353 86 302 314
354 65 230 218
355 67 233 246
356 97 354 353
357 72 263 261
358 116 393 414
359 81 283 297
360 109 388 377
361 61 213 208
362 134 488 474
363 148 527 526
364 146 521 520
365 150 535 532
366 126 468 457
367 142 506 519
368 158 581 568
369 125 442 459
370 144 515 512
371 172 646 647
372 193 727 713
373 157 587 590
374 73 257 269
375 77 278 264
376 69 250 249
377 84 309 306
378 109 389 398
379 90 333 321
380 121 436 449
381 113 400 408
382 95 350 349
383 126 441 454
384 123 438 453
385 118 418 417
386 130 477 463
387 96 339 352
388 79 260 262
389 89 303 318
390 105 369 370
391 74 243 259
392 101 371 359
393 88 294 308
394 95 334 323
395 63 228 225
396 76 282 279
397 91 326 338
398 115 396 412
399 129 455 467
400 138 497 514
401 93 329 316
402 88 319 304
403 110 376 378
404 119 435 420
405 134 485 499
406 122 451 452
407 154 550 563
408 166 622 609
409 162 596 580
410 154 579 567
411 135 476 475
412 156 558 571
413 163 586 583
414 176 635 632
415 181 685 675
416 194 731 718
417 175 645 630
418 174 651 653
419 188 691 679
420 180 677 664
421 201 739 728
422 187 701 702
423 186 684 699
424 175 640 655
425 199 737 724
426 191 690 705
427 132 483 469
428 143 525 510
429 145 531 518
430 157 562 560
431 160 588 574
432 153 572 559
433 170 638 641
434 171 627 642
435 184 680 694
436 191 719 707
437 192 723 710
438 185 696 698
439 197 735 720
440 195 742 741
441 80 289 275
442 72 234 237
443 62 220 211
444 98 343 331
445 73 251 240
446 106 397 406
447 74 267 253
448 114 401 410
449 66 215 216
450 141 500 513
451 149 542 555
452 147 534 549
453 152 551 566
454 131 466 465
455 137 508 511
456 166 594 606
457 116 431 415
458 145 529 543
459 171 631 617
460 200 726 725
461 155 573 557
462 68 242 229
463 84 281 284
464 70 238 226
465 86 298 286
466 103 379 364
467 99 335 337
468 114 423 411
469 112 405 407
470 96 336 324
471 118 443 444
472 115 427 413
473 119 434 445
474 139 489 501
475 89 327 312
476 78 273 287
477 82 301 299
478 104 383 391
479 66 239 236
480 108 372 374
481 79 291 290
482 101 348 361
483 64 219 212
484 78 268 255
485 85 310 296
486 108 399 402
487 124 456 458
488 129 484 470
489 100 342 357
490 94 320 322
491 107 387 394
492 127 446 460
493 127 473 461
494 121 437 424
495 148 552 554
496 172 620 619
497 169 608 621
498 161 577 575
499 136 490 504
500 150 561 564
501 165 603 618
502 178 652 666
503 189 683 681
504 202 730 729
505 181 656 669
506 173 637 623
507 194 704 714
508 187 676 674
509 207 754 763
510 186 686 673
511 179 672 658
512 167 629 616
513 205 750 760
514 183 692 693
515 140 495 507
516 151 536 548
517 153 544 556
518 158 578 592
519 167 600 612
520 159 570 569
521 168 624 607
522 164 614 602
523 177 667 654
524 195 717 715
525 198 722 721
526 184 682 668
527 204 746 758
528 196 733 716
529 80 292 289
530 72 245 234
531 62 221 220
532 98 356 343
533 73 266 251
534 106 384 397
535 74 271 267
536 114 403 401
537 66 222 215
538 141 502 500
539 149 528 542
540 147 522 534
541 152 537 551
542 131 480 466
543 137 493 508
544 166 595 594
545 116 430 431
546 145 517 529
547 171 644 631
548 200 738 726
549 155 585 573
550 68 244 242
551 84 293 281
552 70 254 238
553 86 311 298
554 103 380 379
555 99 346 335
556 114 422 423
557 112 390 405
558 96 351 336
559 118 433 443
560 115 426 427
561 119 419 434
562 139 491 489
563 89 328 327
564 78 258 273
565 82 288 301
566 104 367 383
567 66 227 239
568 108 385 372
569 79 277 291
570 101 347 348
571 64 231 219
572 78 285 268
573 85 313 310
574 108 386 399
575 124 439 456
576 129 482 484
577 100 341 342
578 94 332 320
579 107 375 387
580 127 447 446
581 127 472 473
582 121 450 437
583 148 538 552
584 172 633 620
585 169 611 608
586 161 591 577
587 136 478 490
588 150 545 561
589 165 589 603
590 178 639 652
591 189 697 683
592 202 740 730
593 181 659 656
594 173 649 637
595 194 706 704
596 187 687 676
597 207 755 754
598 186 700 686
599 179 671 672
600 167 626 629
601 205 751 750
602 183 678 692
603 140 496 495
604 151 539 536
605 153 546 544
606 158 565 578
607 167 601 600
608 159 584 570
609 168 636 624
610 164 613 614
611 177 665 667
612 195 734 717
613 198 736 722
614 184 695 682
615 204 747 746
616 196 743 733
617 10 295 280
618 9 256 261
619 3 224 214
620 20 365 358
621 10 280 269
622 16 366 368
623 8 274 259
624 23 404 411
625 7 235 236
626 32 503 516
627 32 516 530
628 33 509 523
629 31 524 540
630 34 494 492
631 27 479 481
632 43 597 609
633 22 429 414
634 34 505 518
635 49 657 642
636 57 753 752
637 45 598 582
638 5 248 232
639 14 305 306
640 9 270 256
641 15 325 314
642 20 382 365
643 20 358 360
644 24 421 410
645 20 381 382
646 19 363 352
647 25 416 417
648 23 425 412
649 24 409 420
650 34 492 505
651 14 330 318
652 6 241 255
653 8 276 274
654 16 355 366
655 2 217 216
656 22 392 402
657 7 265 262
658 17 345 359
659 7 247 235
660 12 300 287
661 12 315 300
662 18 373 374
663 22 428 429
664 27 481 467
665 16 340 355
666 17 344 345
667 18 362 373
668 28 448 461
669 29 471 460
670 28 462 449
671 33 523 526
672 48 648 647
673 41 615 628
674 42 605 604
675 27 464 479
676 32 530 532
677 36 576 593
678 41 628 643
679 51 711 708
680 56 757 756
681 46 662 675
682 48 661 648
683 51 708 718
684 52 703 702
685 56 756 765
686 53 712 699
687 49 670 657
688 43 625 612
689 57 752 761
690 50 660 663
691 33 498 509
692 39 541 553
693 38 547 559
694 39 553 568
695 42 604 616
696 43 599 597
697 50 650 634
698 45 610 598
699 50 663 650
700 59 745 741
701 58 749 748
702 54 709 694
703 58 748 759
704 60 764 744
705 314 302 317
706 218 230 226
707 246 233 249
708 353 354 364
709 261 263 275
710 414 393 391
711 297 283 299
712 377 388 378
713 208 213 212
714 474 488 475
715 526 527 513
716 520 521 507
717 532 535 519
718 457 468 469
719 519 506 504
720 568 581 569
721 459 442 458
722 512 515 501
723 647 646 658
724 713 727 728
725 590 587 602
726 269 257 272
727 264 278 276
728 249 250 264
729 306 309 321
730 398 389 407
731 321 333 331
732 449 436 448
733 408 400 395
734 349 350 362
735 454 441 440
736 453 438 452
737 417 418 408
738 463 477 465
739 352 339 353
740 262 260 247
741 318 303 305
742 370 369 357
743 259 243 246
744 359 371 370
745 308 294 297
746 323 334 322
747 225 228 241
748 279 282 296
749 338 326 340
750 412 396 394
751 467 455 453
752 514 497 511
753 316 329 315
754 304 319 316
755 378 376 363
756 420 435 421
757 499 485 498
758 452 451 464
759 563 550 549
760 609 622 623
761 580 596 583
762 567 579 580
763 475 476 462
764 571 558 555
765 583 586 571
766 632 635 621
767 675 685 688
768 718 731 732
769 630 645 632
770 653 651 664
771 679 691 681
772 664 677 679
773 728 739 729
774 702 701 713
775 699 684 698
776 655 640 653
777 724 737 725
778 705 690 689
779 469 483 471
780 510 525 512
781 518 531 520
782 560 562 548
783 574 588 575
784 559 572 574
785 641 638 654
786 642 627 641
787 694 680 693
788 707 719 720
789 710 723 724
790 698 696 710
791 720 735 721
792 741 742 762
793 275 289 286
794 237 234 223
795 211 220 217
796 331 343 330
797 240 251 237
798 406 397 415
799 253 267 265
800 410 401 398
801 216 215 209
802 513 500 499
803 555 542 554
804 549 534 547
805 566 551 564
806 465 466 454
807 511 508 524
808 606 594 592
809 415 431 432
810 543 529 541
811 617 631 619
812 725 726 712
813 557 573 560
814 229 242 240
815 284 281 270
816 226 238 224
817 286 298 284
818 364 379 377
819 337 335 325
820 411 423 424
821 407 405 409
822 324 336 323
823 444 443 457
824 413 427 428
825 445 434 444
826 501 489 487
827 312 327 324
828 287 273 290
829 299 301 312
830 391 383 392
831 236 239 253
832 374 372 361
833 290 291 304
834 361 348 349
835 212 219 210
836 255 268 252
837 296 310 307
838 402 399 413
839 458 456 470
840 470 484 486
841 357 342 344
842 322 320 308
843 394 387 404
844 460 446 445
845 461 473 474
846 424 437 425
847 554 552 567
848 619 620 606
849 621 608 605
850 575 577 563
851 504 490 503
852 564 561 576
853 618 603 615
854 666 652 662
855 681 683 669
856 729 730 714
857 669 656 655
858 623 637 625
859 714 704 703
860 674 676 661
861 763 754 753
862 673 686 674
863 658 672 673
864 616 629 630
865 760 750 749
866 693 692 707
867 507 495 494
868 548 536 533
869 556 544 543
870 592 578 590
871 612 600 599
872 569 570 556
873 607 624 610
874 602 614 617
875 654 667 668
876 715 717 705
877 721 722 709
878 668 682 670
879 758 746 745
880 716 733 715
881 289 292 302
882 234 245 230
883 220 221 233
884 343 356 354
885 251 266 263
886 397 384 393
887 267 271 283
888 401 403 388
889 215 222 213
890 500 502 488
891 542 528 527
892 534 522 521
893 551 537 535
894 466 480 468
895 508 493 506
896 594 595 581
897 431 430 442
898 529 517 515
899 631 644 646
900 726 738 727
901 573 585 587
902 242 244 257
903 281 293 278
904 238 254 250
905 298 311 309
906 379 380 389
907 335 346 333
908 423 422 436
909 405 390 400
910 336 351 350
911 443 433 441
912 427 426 438
913 434 419 418
914 489 491 477
915 327 328 339
916 273 258 260
917 301 288 303
918 383 367 369
919 239 227 243
920 372 385 371
921 291 277 294
922 348 347 334
923 219 231 228
924 268 285 282
925 310 313 326
926 399 386 396
927 456 439 455
928 484 482 497
929 342 341 329
930 320 332 319
931 387 375 376
932 446 447 435
933 473 472 485
934 437 450 451
935 552 538 550
936 620 633 622
937 608 611 596
938 577 591 579
939 490 478 476
940 561 545 558
941 603 589 586
942 652 639 635
943 683 697 685
944 730 740 731
945 656 659 645
946 637 649 651
947 704 706 691
948 676 687 677
949 754 755 739
950 686 700 701
951 672 671 684
952 629 626 640
953 750 751 737
954 692 678 690
955 495 496 483
956 536 539 525
957 544 546 531
958 578 565 562
959 600 601 588
960 570 584 572
961 624 636 638
962 614 613 627
963 667 665 680
964 717 734 719
965 722 736 723
966 682 695 696
967 746 747 735
968 733 743 742
969 280 295 292
970 261 256 245
971 214 224 221
972 358 365 356
973 269 280 266
974 368 366 384
975 259 274 271
976 411 404 403
977 236 235 222
978 516 503 502
979 530 516 528
980 523 509 522
981 540 524 537
982 492 494 480
983 481 479 493
984 609 597 595
985 414 429 430
986 518 505 517
987 642 657 644
988 752 753 738
989 582 598 585
990 232 248 244
991 306 305 293
992 256 270 254
993 314 325 311
994 365 382 380
995 360 358 346
996 410 421 422
997 382 381 390
998 352 363 351
999 417 416 433
1000 412 425 426
1001 420 409 419
1002 505 492 491
1003 318 330 328
1004 255 241 258
1005 274 276 288
1006 366 355 367
1007 216 217 227
1008 402 392 385
1009 262 265 277
1010 359 345 347
1011 235 247 231
1012 287 300 285
1013 300 315 313
1014 374 373 386
1015 429 428 439
1016 467 481 482
1017 355 340 341
1018 345 344 332
1019 373 362 375
1020 461 448 447
1021 460 471 472
1022 449 462 450
1023 526 523 538
1024 647 648 633
1025 628 615 611
1026 604 605 591
1027 479 464 478
1028 532 530 545
1029 593 576 589
1030 643 628 639
1031 708 711 697
1032 756 757 740
1033 675 662 659
1034 648 661 649
1035 718 708 706
1036 702 703 687
1037 765 756 755
1038 699 712 700
1039 657 670 671
1040 612 625 626
1041 761 752 751
1042 663 660 678
1043 509 498 496
1044 553 541 539
1045 559 547 546
1046 568 553 565
1047 616 604 601
1048 597 599 584
1049 634 650 636
1050 598 610 613
1051 650 663 665
1052 741 745 734
1053 748 749 736
1054 694 709 695
1055 759 748 747
1056 744 764 743
1057 302 87 317
1058 230 70 226
1059 233 69 249
1060 354 103 364
1061 263 80 275
1062 393 104 391
1063 283 82 299
1064 388 110 378
1065 213 64 212
1066 488 135 475
1067 527 141 513
1068 521 140 507
1069 535 142 519
1070 468 132 469
1071 506 136 504
1072 581 159 569
1073 442 124 458
1074 515 139 501
1075 646 179 658
1076 727 201 728
1077 587 164 602
1078 257 75 272
1079 278 83 276
1080 250 77 264
1081 309 90 321
1082 389 112 407
1083 333 98 331
1084 436 120 448
1085 400 111 395
1086 350 102 362
1087 441 117 440
1088 438 122 452
1089 418 113 408
1090 477 131 465
1091 339 97 353
1092 260 71 247
1093 303 83 305
1094 369 100 357
1095 243 67 246
1096 371 105 370
1097 294 81 297
1098 334 94 322
1099 228 71 241
1100 282 85 296
1101 326 92 340
1102 396 107 394
1103 455 123 453
1104 497 137 511
1105 329 92 315
1106 319 93 316
1107 376 102 363
1108 435 120 421
1109 485 133 498
1110 451 128 464
1111 550 147 549
1112 622 173 623
1113 596 163 583
1114 579 162 580
1115 476 128 462
1116 558 149 555
1117 586 156 571
1118 635 169 621
1119 685 190 688
1120 731 203 732
1121 645 176 632
1122 651 180 664
1123 691 189 681
1124 677 188 679
1125 739 202 729
1126 701 193 713
1127 684 185 698
1128 640 174 653
1129 737 200 725
1130 690 182 689
1131 483 133 471
1132 525 144 512
1133 531 146 520
1134 562 151 548
1135 588 161 575
1136 572 160 574
1137 638 177 654
1138 627 170 641
1139 680 183 693
1140 719 197 720
1141 723 199 724
1142 696 192 710
1143 735 198 721
1144 742 206 762
1145 289 86 286
1146 234 65 223
1147 220 67 217
1148 343 97 330
1149 251 72 237
1150 397 116 415
1151 267 81 265
1152 401 109 398
1153 215 61 209
1154 500 134 499
1155 542 148 554
1156 534 146 547
1157 551 150 564
1158 466 126 454
1159 508 142 524
1160 594 158 592
1161 431 125 432
1162 529 144 541
1163 631 172 619
1164 726 193 712
1165 573 157 560
1166 242 73 240
1167 281 77 270
1168 238 69 224
1169 298 84 284
1170 379 109 377
1171 335 90 325
1172 423 121 424
1173 405 113 409
1174 336 95 323
1175 443 126 457
1176 427 123 428
1177 434 118 444
1178 489 130 487
1179 327 96 324
1180 273 79 290
1181 301 89 312
1182 383 105 392
1183 239 74 253
1184 372 101 361
1185 291 88 304
1186 348 95 349
1187 219 63 210
1188 268 76 252
1189 310 91 307
1190 399 115 413
1191 456 129 470
1192 484 138 486
1193 342 93 344
1194 320 88 308
1195 387 110 404
1196 446 119 445
1197 473 134 474
1198 437 122 425
1199 552 154 567
1200 620 166 606
1201 608 162 605
1202 577 154 563
1203 490 135 503
1204 561 156 576
1205 603 163 615
1206 652 176 662
1207 683 181 669
1208 730 194 714
1209 656 175 655
1210 637 174 625
1211 704 188 703
1212 676 180 661
1213 754 201 753
1214 686 187 674
1215 672 186 673
1216 629 175 630
1217 750 199 749
1218 692 191 707
1219 495 132 494
1220 536 143 533
1221 544 145 543
1222 578 157 590
1223 600 160 599
1224 570 153 556
1225 624 170 610
1226 614 171 617
1227 667 184 668
1228 717 191 705
1229 722 192 709
1230 682 185 670
1231 746 197 745
1232 733 195 715
1233 292 87 302
1234 245 70 230
1235 221 69 233
1236 356 103 354
1237 266 80 263
1238 384 104 393
1239 271 82 283
1240 403 110 388
1241 222 64 213
1242 502 135 488
1243 528 141 527
1244 522 140 521
1245 537 142 535
1246 480 132 468
1247 493 136 506
1248 595 159 581
1249 430 124 442
1250 517 139 515
1251 644 179 646
1252 738 201 727
1253 585 164 587
1254 244 75 257
1255 293 83 278
1256 254 77 250
1257 311 90 309
1258 380 112 389
1259 346 98 333
1260 422 120 436
1261 390 111 400
1262 351 102 350
1263 433 117 441
1264 426 122 438
1265 419 113 418
1266 491 131 477
1267 328 97 339
1268 258 71 260
1269 288 83 303
1270 367 100 369
1271 227 67 243
1272 385 105 371
1273 277 81 294
1274 347 94 334
1275 231 71 228
1276 285 85 282
1277 313 92 326
1278 386 107 396
1279 439 123 455
1280 482 137 497
1281 341 92 329
1282 332 93 319
1283 375 102 376
1284 447 120 435
1285 472 133 485
1286 450 128 451
1287 538 147 550
1288 633 173 622
1289 611 163 596
1290 591 162 579
1291 478 128 476
1292 545 149 558
1293 589 156 586
1294 639 169 635
1295 697 190 685
1296 740 203 731
1297 659 176 645
1298 649 180 651
1299 706 189 691
1300 687 188 677
1301 755 202 739
1302 700 193 701
1303 671 185 684
1304 626 174 640
1305 751 200 737
1306 678 182 690
1307 496 133 483
1308 539 144 525
1309 546 146 531
1310 565 151 562
1311 601 161 588
1312 584 160 572
1313 636 177 638
1314 613 170 627
1315 665 183 680
1316 734 197 719
1317 736 199 723
1318 695 192 696
1319 747 198 735
1320 743 206 742
1321 295 87 292
1322 256 70 245
1323 224 69 221
1324 365 103 356
1325 280 80 266
1326 366 104 384
1327 274 82 271
1328 404 110 403
1329 235 64 222
1330 503 135 502
1331 516 141 528
1332 509 140 522
1333 524 142 537
1334 494 132 480
1335 479 136 493
1336 597 159 595
1337 429 124 430
1338 505 139 517
1339 657 179 644
1340 753 201 738
1341 598 164 585
1342 248 75 244
1343 305 83 293
1344 270 77 254
1345 325 90 311
1346 382 112 380
1347 358 98 346
1348 421 120 422
1349 381 111 390
1350 363 102 351
1351 416 117 433
1352 425 122 426
1353 409 113 419
1354 492 131 491
1355 330 97 328
1356 241 71 258
1357 276 83 288
1358 355 100 367
1359 217 67 227
1360 392 105 385
1361 265 81 277
1362 345 94 347
1363 247 71 231
1364 300 85 285
1365 315 92 313
1366 373 107 386
1367 428 123 439
1368 481 137 482
1369 340 92 341
1370 344 93 332
1371 362 102 375
1372 448 120 447
1373 471 133 472
1374 462 128 450
1375 523 147 538
1376 648 173 633
1377 615 163 611
1378 605 162 591
1379 464 128 478
1380 530 149 545
1381 576 156 589
1382 628 169 639
1383 711 190 697
1384 757 203 740
1385 662 176 659
1386 661 180 649
1387 708 189 706
1388 703 188 687
1389 756 202 755
1390 712 193 700
1391 670 185 671
1392 625 174 626
1393 752 200 751
1394 660 182 678
1395 498 133 496
1396 541 144 539
1397 547 146 546
1398 553 151 565
1399 604 161 601
1400 599 160 584
1401 650 177 636
1402 610 170 613
1403 663 183 665
1404 745 197 734
1405 749 199 736
1406 709 192 695
1407 748 198 747
1408 764 206 743
