1.000000 112.121608 -7.296567 -1.000000
2.000000 112.081086 -7.844116 -30000.000000
3.000000 112.581553 -7.364549 -1.000000
4.000000 112.506737 -7.905863 -30000.000000
5.000000 113.026129 -7.430258 -1.000000
6.000000 112.956050 -7.971042 -30000.000000
7.000000 113.472398 -7.484564 -1.000000
8.000000 113.411038 -8.023688 -30000.000000
9.000000 113.924585 -7.530523 -1.000000
10.000000 113.865551 -8.074193 -30000.000000
11.000000 114.374438 -7.576245 -1.000000
12.000000 114.315402 -8.121363 -30000.000000
13.000000 114.828919 -7.627932 -1.000000
14.000000 114.763670 -8.165716 -30000.000000
15.000000 115.276825 -7.691710 -1.000000
16.000000 115.213144 -8.210188 -30000.000000
17.000000 115.729083 -7.756106 -1.000000
18.000000 115.656011 -8.259921 -30000.000000
19.000000 116.177075 -7.819896 -1.000000
20.000000 116.108720 -8.338051 -30000.000000
21.000000 116.616400 -7.871001 -1.000000
22.000000 116.562052 -8.416289 -30000.000000
23.000000 117.062167 -7.901820 -1.000000
24.000000 117.030236 -8.447547 -30000.000000
25.000000 117.511052 -7.932854 -1.000000
26.000000 117.503796 -8.464175 -30000.000000
27.000000 117.960653 -7.921892 -1.000000
28.000000 117.971012 -8.455400 -30000.000000
29.000000 118.414500 -7.895434 -1.000000
30.000000 118.429839 -8.446783 -30000.000000
31.000000 118.867420 -7.869031 -1.000000
32.000000 118.874827 -8.444038 -30000.000000
33.000000 119.335667 -7.878206 -1.000000
34.000000 119.324223 -8.447797 -30000.000000
35.000000 119.791396 -7.891610 -1.000000
36.000000 119.778743 -8.447975 -30000.000000
37.000000 120.248417 -7.905052 -1.000000
38.000000 120.226706 -8.452528 -30000.000000
39.000000 120.719161 -7.922504 -1.000000
40.000000 120.664927 -8.487396 -30000.000000
41.000000 121.171517 -7.989452 -1.000000
42.000000 121.101056 -8.536147 -30000.000000
43.000000 121.618034 -8.055537 -1.000000
44.000000 121.555229 -8.590877 -30000.000000
45.000000 122.048669 -8.119271 -1.000000
46.000000 122.030341 -8.660132 -30000.000000
47.000000 122.469126 -8.084985 -1.000000
48.000000 122.523108 -8.622706 -30000.000000
49.000000 122.913559 -8.022787 -1.000000
50.000000 122.980299 -8.567780 -30000.000000
51.000000 123.356940 -7.960736 -1.000000
52.000000 123.436002 -8.517569 -30000.000000
53.000000 123.801866 -7.898469 -1.000000
54.000000 123.888938 -8.441672 -30000.000000
55.000000 124.245702 -7.836355 -1.000000
56.000000 124.339736 -8.352404 -30000.000000
57.000000 124.683666 -7.748917 -1.000000
58.000000 124.793045 -8.262640 -30000.000000
59.000000 125.121313 -7.646489 -1.000000
60.000000 125.241066 -8.161994 -30000.000000
61.000000 125.563775 -7.542934 -1.000000
62.000000 125.687146 -8.061054 -30000.000000
63.000000 126.004672 -7.439745 -1.000000
64.000000 126.134690 -7.958147 -30000.000000
65.000000 126.446716 -7.325270 -1.000000
66.000000 126.582213 -7.837785 -30000.000000
67.000000 126.896966 -7.207813 -1.000000
68.000000 127.032784 -7.720562 -30000.000000
69.000000 127.337459 -7.092902 -1.000000
70.000000 127.477992 -7.610356 -30000.000000
71.000000 127.768811 -6.980375 -1.000000
72.000000 127.930495 -7.498345 -30000.000000
73.000000 128.177812 -6.834088 -1.000000
74.000000 128.373262 -7.342079 -30000.000000
75.000000 128.588675 -6.668896 -1.000000
76.000000 128.809941 -7.170364 -30000.000000
77.000000 128.996548 -6.504906 -1.000000
78.000000 129.235904 -6.961010 -30000.000000
79.000000 129.339407 -6.280400 -1.000000
80.000000 129.636230 -6.722251 -30000.000000
81.000000 129.689453 -6.045025 -1.000000
82.000000 130.021374 -6.471296 -30000.000000
83.000000 112.101347 -7.570342 -15000.500000
84.000000 112.293912 -7.874990 -30000.000000
85.000000 112.331320 -7.604332 -15000.500000
86.000000 112.351581 -7.330558 -1.000000
87.000000 112.544145 -7.635206 -15000.500000
88.000000 112.731394 -7.938452 -30000.000000
89.000000 112.766433 -7.668061 -15000.500000
90.000000 112.803841 -7.397403 -1.000000
91.000000 112.991089 -7.700650 -15000.500000
92.000000 113.183544 -7.997365 -30000.000000
93.000000 113.218583 -7.726973 -15000.500000
94.000000 113.249263 -7.457411 -1.000000
95.000000 113.441718 -7.754126 -15000.500000
96.000000 113.638295 -8.048940 -30000.000000
97.000000 113.668975 -7.779378 -15000.500000
98.000000 113.698492 -7.507544 -1.000000
99.000000 113.895068 -7.802358 -15000.500000
100.000000 114.090476 -8.097778 -30000.000000
101.000000 114.119993 -7.825943 -15000.500000
102.000000 114.149511 -7.553384 -1.000000
103.000000 114.344920 -7.848804 -15000.500000
104.000000 114.539536 -8.143539 -30000.000000
105.000000 114.569054 -7.870980 -15000.500000
106.000000 114.601678 -7.602088 -1.000000
107.000000 114.796294 -7.896824 -15000.500000
108.000000 114.988407 -8.187952 -30000.000000
109.000000 115.021031 -7.919060 -15000.500000
110.000000 115.052872 -7.659821 -1.000000
111.000000 115.244985 -7.950949 -15000.500000
112.000000 115.434577 -8.235055 -30000.000000
113.000000 115.466418 -7.975815 -15000.500000
114.000000 115.502954 -7.723908 -1.000000
115.000000 115.692547 -8.008014 -15000.500000
116.000000 115.882366 -8.298986 -30000.000000
117.000000 115.916543 -8.039909 -15000.500000
118.000000 115.953079 -7.788001 -1.000000
119.000000 116.142898 -8.078974 -15000.500000
120.000000 116.335386 -8.377170 -30000.000000
121.000000 116.362560 -8.104526 -15000.500000
122.000000 116.396738 -7.845448 -1.000000
123.000000 116.589226 -8.143645 -15000.500000
124.000000 116.796144 -8.431918 -30000.000000
125.000000 116.823318 -8.159274 -15000.500000
126.000000 116.839284 -7.886410 -1.000000
127.000000 117.046202 -8.174683 -15000.500000
128.000000 117.267016 -8.455861 -30000.000000
129.000000 117.270644 -8.190200 -15000.500000
130.000000 117.286610 -7.917337 -1.000000
131.000000 117.507424 -8.198514 -15000.500000
132.000000 117.735852 -7.927373 -1.000000
133.000000 117.737404 -8.459787 -30000.000000
134.000000 117.741032 -8.194127 -15000.500000
135.000000 117.965832 -8.188646 -15000.500000
136.000000 118.187576 -7.908663 -1.000000
137.000000 118.195246 -8.184338 -15000.500000
138.000000 118.200426 -8.451092 -30000.000000
139.000000 118.422170 -8.171109 -15000.500000
140.000000 118.640960 -7.882233 -1.000000
141.000000 118.644663 -8.169736 -15000.500000
142.000000 118.652333 -8.445411 -30000.000000
143.000000 118.871124 -8.156535 -15000.500000
144.000000 119.099525 -8.445918 -30000.000000
145.000000 119.101544 -7.873619 -1.000000
146.000000 119.105247 -8.161122 -15000.500000
147.000000 119.329945 -8.163002 -15000.500000
148.000000 119.551483 -8.447886 -30000.000000
149.000000 119.557205 -8.163091 -15000.500000
150.000000 119.563532 -7.884908 -1.000000
151.000000 119.785069 -8.169792 -15000.500000
152.000000 120.002724 -8.450251 -30000.000000
153.000000 120.009051 -8.172069 -15000.500000
154.000000 120.019907 -7.898331 -1.000000
155.000000 120.237561 -8.178790 -15000.500000
156.000000 120.445816 -8.469962 -30000.000000
157.000000 120.456672 -8.196224 -15000.500000
158.000000 120.483789 -7.913778 -1.000000
159.000000 120.692044 -8.204950 -15000.500000
160.000000 120.882991 -8.511772 -30000.000000
161.000000 120.918222 -8.238424 -15000.500000
162.000000 120.945339 -7.955978 -1.000000
163.000000 121.136286 -8.262800 -15000.500000
164.000000 121.328142 -8.563512 -30000.000000
165.000000 121.359545 -8.295842 -15000.500000
166.000000 121.394775 -8.022495 -1.000000
167.000000 121.586631 -8.323207 -15000.500000
168.000000 121.792785 -8.625504 -30000.000000
169.000000 121.801949 -8.355074 -15000.500000
170.000000 121.833351 -8.087404 -1.000000
171.000000 122.039505 -8.389701 -15000.500000
172.000000 122.258897 -8.102128 -1.000000
173.000000 122.276725 -8.641419 -30000.000000
174.000000 122.285888 -8.370988 -15000.500000
175.000000 122.496117 -8.353845 -15000.500000
176.000000 122.691343 -8.053886 -1.000000
177.000000 122.724712 -8.326382 -15000.500000
178.000000 122.751704 -8.595243 -30000.000000
179.000000 122.946929 -8.295283 -15000.500000
180.000000 123.135250 -7.991762 -1.000000
181.000000 123.168620 -8.264258 -15000.500000
182.000000 123.208150 -8.542675 -30000.000000
183.000000 123.396471 -8.239153 -15000.500000
184.000000 123.579403 -7.929603 -1.000000
185.000000 123.622939 -8.201204 -15000.500000
186.000000 123.662470 -8.479621 -30000.000000
187.000000 123.845402 -8.170071 -15000.500000
188.000000 124.023784 -7.867412 -1.000000
189.000000 124.067320 -8.139013 -15000.500000
190.000000 124.114337 -8.397038 -30000.000000
191.000000 124.292719 -8.094380 -15000.500000
192.000000 124.464684 -7.792636 -1.000000
193.000000 124.519374 -8.049497 -15000.500000
194.000000 124.566391 -8.307522 -30000.000000
195.000000 124.738355 -8.005778 -15000.500000
196.000000 124.902489 -7.697703 -1.000000
197.000000 124.962366 -7.955455 -15000.500000
198.000000 125.017055 -8.212317 -30000.000000
199.000000 125.181189 -7.904241 -15000.500000
200.000000 125.342544 -7.594712 -1.000000
201.000000 125.402421 -7.852464 -15000.500000
202.000000 125.464106 -8.111524 -30000.000000
203.000000 125.625461 -7.801994 -15000.500000
204.000000 125.784224 -7.491340 -1.000000
205.000000 125.845909 -7.750400 -15000.500000
206.000000 125.910918 -8.009600 -30000.000000
207.000000 126.069681 -7.698946 -15000.500000
208.000000 126.225694 -7.382508 -1.000000
209.000000 126.293443 -7.638765 -15000.500000
210.000000 126.358452 -7.897966 -30000.000000
211.000000 126.514465 -7.581528 -15000.500000
212.000000 126.671841 -7.266541 -1.000000
213.000000 126.739590 -7.522799 -15000.500000
214.000000 126.807499 -7.779174 -30000.000000
215.000000 126.964875 -7.464188 -15000.500000
216.000000 127.117213 -7.150358 -1.000000
217.000000 127.185122 -7.406732 -15000.500000
218.000000 127.255388 -7.665459 -30000.000000
219.000000 127.407726 -7.351629 -15000.500000
220.000000 127.553135 -7.036639 -1.000000
221.000000 127.623402 -7.295366 -15000.500000
222.000000 127.704244 -7.554351 -30000.000000
223.000000 127.849653 -7.239360 -15000.500000
224.000000 127.973312 -6.907232 -1.000000
225.000000 128.071036 -7.161227 -15000.500000
226.000000 128.151878 -7.420212 -30000.000000
227.000000 128.275537 -7.088084 -15000.500000
228.000000 128.383244 -6.751492 -1.000000
229.000000 128.480969 -7.005488 -15000.500000
230.000000 128.591601 -7.256221 -30000.000000
231.000000 128.699308 -6.919630 -15000.500000
232.000000 128.792612 -6.586901 -1.000000
233.000000 128.903244 -6.837635 -15000.500000
234.000000 129.022922 -7.065687 -30000.000000
235.000000 129.116226 -6.732958 -15000.500000
236.000000 129.167978 -6.392653 -1.000000
237.000000 129.316389 -6.613578 -15000.500000
238.000000 129.436067 -6.841631 -30000.000000
239.000000 129.487819 -6.501326 -15000.500000
240.000000 129.514430 -6.162712 -1.000000
241.000000 129.662842 -6.383638 -15000.500000
242.000000 129.828802 -6.596774 -30000.000000
243.000000 129.855414 -6.258160 -15000.500000
244.000000 112.091217 -7.707229 -22500.250000
245.000000 112.111478 -7.433455 -7500.750000
246.000000 112.187499 -7.859553 -30000.000000
247.000000 112.206203 -7.724224 -22500.250000
248.000000 112.216334 -7.587337 -15000.500000
249.000000 112.226464 -7.450450 -7500.750000
250.000000 112.236595 -7.313563 -1.000000
251.000000 112.312616 -7.739661 -22500.250000
252.000000 112.341450 -7.467445 -7500.750000
253.000000 112.400325 -7.890426 -30000.000000
254.000000 112.419029 -7.755098 -22500.250000
255.000000 112.437733 -7.619769 -15000.500000
256.000000 112.456437 -7.484441 -7500.750000
257.000000 112.466567 -7.347553 -1.000000
258.000000 112.525441 -7.770534 -22500.250000
259.000000 112.562849 -7.499877 -7500.750000
260.000000 112.619066 -7.922158 -30000.000000
261.000000 112.636585 -7.786962 -22500.250000
262.000000 112.655289 -7.651633 -15000.500000
263.000000 112.673993 -7.516305 -7500.750000
264.000000 112.692697 -7.380976 -1.000000
265.000000 112.748913 -7.803256 -22500.250000
266.000000 112.785137 -7.532732 -7500.750000
267.000000 112.843722 -7.954747 -30000.000000
268.000000 112.861242 -7.819551 -22500.250000
269.000000 112.878761 -7.684355 -15000.500000
270.000000 112.896281 -7.549159 -7500.750000
271.000000 112.914985 -7.413831 -1.000000
272.000000 112.973570 -7.835846 -22500.250000
273.000000 113.008609 -7.565454 -7500.750000
274.000000 113.069797 -7.984203 -30000.000000
275.000000 113.087317 -7.849007 -22500.250000
276.000000 113.104836 -7.713812 -15000.500000
277.000000 113.122356 -7.578616 -7500.750000
278.000000 113.137696 -7.443835 -1.000000
279.000000 113.201064 -7.862169 -22500.250000
280.000000 113.233923 -7.592192 -7500.750000
281.000000 113.297291 -8.010526 -30000.000000
282.000000 113.314810 -7.875330 -22500.250000
283.000000 113.330151 -7.740549 -15000.500000
284.000000 113.345491 -7.605769 -7500.750000
285.000000 113.360831 -7.470988 -1.000000
286.000000 113.426378 -7.888907 -22500.250000
287.000000 113.457058 -7.619345 -7500.750000
288.000000 113.524666 -8.036314 -30000.000000
289.000000 113.540006 -7.901533 -22500.250000
290.000000 113.555346 -7.766752 -15000.500000
291.000000 113.570686 -7.631971 -7500.750000
292.000000 113.585445 -7.496054 -1.000000
293.000000 113.653635 -7.914159 -22500.250000
294.000000 113.683733 -7.643461 -7500.750000
295.000000 113.751923 -8.061566 -30000.000000
296.000000 113.767263 -7.926786 -22500.250000
297.000000 113.782021 -7.790868 -15000.500000
298.000000 113.796780 -7.654951 -7500.750000
299.000000 113.811538 -7.519033 -1.000000
300.000000 113.880310 -7.938275 -22500.250000
301.000000 113.909827 -7.666440 -7500.750000
302.000000 113.978014 -8.085985 -30000.000000
303.000000 113.992772 -7.950068 -22500.250000
304.000000 114.007531 -7.814150 -15000.500000
305.000000 114.022289 -7.678233 -7500.750000
306.000000 114.037048 -7.541953 -1.000000
307.000000 114.105235 -7.961860 -22500.250000
308.000000 114.134752 -7.689663 -7500.750000
309.000000 114.202939 -8.109570 -30000.000000
310.000000 114.217697 -7.973653 -22500.250000
311.000000 114.232456 -7.837373 -15000.500000
312.000000 114.247216 -7.701094 -7500.750000
313.000000 114.261975 -7.564814 -1.000000
314.000000 114.330161 -7.985083 -22500.250000
315.000000 114.359679 -7.712524 -7500.750000
316.000000 114.427469 -8.132451 -30000.000000
317.000000 114.442228 -7.996171 -22500.250000
318.000000 114.456987 -7.859892 -15000.500000
319.000000 114.471746 -7.723612 -7500.750000
320.000000 114.488058 -7.589167 -1.000000
321.000000 114.554295 -8.007260 -22500.250000
322.000000 114.585366 -7.736534 -7500.750000
323.000000 114.651603 -8.154628 -30000.000000
324.000000 114.666362 -8.018348 -22500.250000
325.000000 114.682674 -7.883902 -15000.500000
326.000000 114.698986 -7.749456 -7500.750000
327.000000 114.715298 -7.615010 -1.000000
328.000000 114.779982 -8.031270 -22500.250000
329.000000 114.812606 -7.762378 -7500.750000
330.000000 114.876038 -8.176834 -30000.000000
331.000000 114.892350 -8.042388 -22500.250000
332.000000 114.908663 -7.907942 -15000.500000
333.000000 114.924975 -7.773496 -7500.750000
334.000000 114.940895 -7.643877 -1.000000
335.000000 115.004719 -8.053506 -22500.250000
336.000000 115.036952 -7.789441 -7500.750000
337.000000 115.100775 -8.199070 -30000.000000
338.000000 115.117087 -8.064624 -22500.250000
339.000000 115.133008 -7.935005 -15000.500000
340.000000 115.148928 -7.805385 -7500.750000
341.000000 115.164849 -7.675765 -1.000000
342.000000 115.229064 -8.080569 -22500.250000
343.000000 115.260905 -7.821329 -7500.750000
344.000000 115.323861 -8.222622 -30000.000000
345.000000 115.339781 -8.093002 -22500.250000
346.000000 115.355701 -7.963382 -15000.500000
347.000000 115.371622 -7.833763 -7500.750000
348.000000 115.389890 -7.707809 -1.000000
349.000000 115.450498 -8.105435 -22500.250000
350.000000 115.484686 -7.849862 -7500.750000
351.000000 115.545294 -8.247488 -30000.000000
352.000000 115.561215 -8.117868 -22500.250000
353.000000 115.579483 -7.991915 -15000.500000
354.000000 115.597750 -7.865961 -7500.750000
355.000000 115.616018 -7.740007 -1.000000
356.000000 115.674279 -8.133968 -22500.250000
357.000000 115.710815 -7.882060 -7500.750000
358.000000 115.769188 -8.279454 -30000.000000
359.000000 115.786277 -8.149915 -22500.250000
360.000000 115.804545 -8.023961 -15000.500000
361.000000 115.822813 -7.898007 -7500.750000
362.000000 115.841081 -7.772054 -1.000000
363.000000 115.899454 -8.169447 -22500.250000
364.000000 115.934811 -7.913955 -7500.750000
365.000000 115.995543 -8.318519 -30000.000000
366.000000 116.012632 -8.188980 -22500.250000
367.000000 116.029721 -8.059441 -15000.500000
368.000000 116.046809 -7.929902 -7500.750000
369.000000 116.065077 -7.803948 -1.000000
370.000000 116.125809 -8.208513 -22500.250000
371.000000 116.159987 -7.949435 -7500.750000
372.000000 116.222053 -8.357611 -30000.000000
373.000000 116.235640 -8.221289 -22500.250000
374.000000 116.252729 -8.091750 -15000.500000
375.000000 116.269818 -7.962211 -7500.750000
376.000000 116.286907 -7.832672 -1.000000
377.000000 116.348973 -8.240848 -22500.250000
378.000000 116.379649 -7.974987 -7500.750000
379.000000 116.448719 -8.396729 -30000.000000
380.000000 116.462306 -8.260408 -22500.250000
381.000000 116.475893 -8.124086 -15000.500000
382.000000 116.489480 -7.987764 -7500.750000
383.000000 116.506569 -7.858225 -1.000000
384.000000 116.575639 -8.279967 -22500.250000
385.000000 116.602813 -8.007323 -7500.750000
386.000000 116.679098 -8.424103 -30000.000000
387.000000 116.692685 -8.287781 -22500.250000
388.000000 116.706272 -8.151460 -15000.500000
389.000000 116.719859 -8.015138 -7500.750000
390.000000 116.727842 -7.878706 -1.000000
391.000000 116.809731 -8.295596 -22500.250000
392.000000 116.831301 -8.022842 -7500.750000
393.000000 116.913190 -8.439732 -30000.000000
394.000000 116.926777 -8.303410 -22500.250000
395.000000 116.934760 -8.166979 -15000.500000
396.000000 116.942743 -8.030547 -7500.750000
397.000000 116.950725 -7.894115 -1.000000
398.000000 117.038219 -8.311115 -22500.250000
399.000000 117.054184 -8.038251 -7500.750000
400.000000 117.148626 -8.451704 -30000.000000
401.000000 117.150440 -8.318874 -22500.250000
402.000000 117.158423 -8.182442 -15000.500000
403.000000 117.166406 -8.046010 -7500.750000
404.000000 117.174388 -7.909578 -1.000000
405.000000 117.268830 -8.323030 -22500.250000
406.000000 117.278627 -8.053768 -7500.750000
407.000000 117.385406 -8.460018 -30000.000000
408.000000 117.387220 -8.327187 -22500.250000
409.000000 117.389034 -8.194357 -15000.500000
410.000000 117.390848 -8.061527 -7500.750000
411.000000 117.398831 -7.925095 -1.000000
412.000000 117.505610 -8.331344 -22500.250000
413.000000 117.509238 -8.065684 -7500.750000
414.000000 117.620600 -8.461981 -30000.000000
415.000000 117.622414 -8.329151 -22500.250000
416.000000 117.623452 -7.930113 -1.000000
417.000000 117.624228 -8.196321 -15000.500000
418.000000 117.626042 -8.063490 -7500.750000
419.000000 117.738442 -8.060750 -7500.750000
420.000000 117.739218 -8.326957 -22500.250000
421.000000 117.848252 -7.924632 -1.000000
422.000000 117.850842 -8.058009 -7500.750000
423.000000 117.853432 -8.191386 -15000.500000
424.000000 117.854208 -8.457594 -30000.000000
425.000000 117.856022 -8.324764 -22500.250000
426.000000 117.963243 -8.055269 -7500.750000
427.000000 117.968422 -8.322023 -22500.250000
428.000000 118.074114 -7.915277 -1.000000
429.000000 118.077949 -8.053115 -7500.750000
430.000000 118.080539 -8.186492 -15000.500000
431.000000 118.083129 -8.319869 -22500.250000
432.000000 118.085719 -8.453246 -30000.000000
433.000000 118.191411 -8.046500 -7500.750000
434.000000 118.197836 -8.317715 -22500.250000
435.000000 118.301038 -7.902049 -1.000000
436.000000 118.304873 -8.039886 -7500.750000
437.000000 118.308708 -8.177723 -15000.500000
438.000000 118.312543 -8.315560 -22500.250000
439.000000 118.315132 -8.448938 -30000.000000
440.000000 118.418335 -8.033272 -7500.750000
441.000000 118.426004 -8.308946 -22500.250000
442.000000 118.527730 -7.888834 -1.000000
443.000000 118.529582 -8.032585 -7500.750000
444.000000 118.533416 -8.170423 -15000.500000
445.000000 118.537251 -8.308260 -22500.250000
446.000000 118.541086 -8.446097 -30000.000000
447.000000 118.642812 -8.025985 -7500.750000
448.000000 118.648498 -8.307574 -22500.250000
449.000000 118.754190 -7.875632 -1.000000
450.000000 118.756042 -8.019384 -7500.750000
451.000000 118.757894 -8.163136 -15000.500000
452.000000 118.759745 -8.306887 -22500.250000
453.000000 118.763580 -8.444725 -30000.000000
454.000000 118.869272 -8.012783 -7500.750000
455.000000 118.872975 -8.300287 -22500.250000
456.000000 118.984482 -7.871325 -1.000000
457.000000 118.986334 -8.015077 -7500.750000
458.000000 118.987176 -8.444978 -30000.000000
459.000000 118.988185 -8.158829 -15000.500000
460.000000 118.990037 -8.302580 -22500.250000
461.000000 119.102386 -8.303520 -22500.250000
462.000000 119.103395 -8.017371 -7500.750000
463.000000 119.211874 -8.446857 -30000.000000
464.000000 119.214735 -8.304460 -22500.250000
465.000000 119.217596 -8.162062 -15000.500000
466.000000 119.218605 -7.875913 -1.000000
467.000000 119.220457 -8.019664 -7500.750000
468.000000 119.327084 -8.305399 -22500.250000
469.000000 119.332806 -8.020604 -7500.750000
470.000000 119.437853 -8.447841 -30000.000000
471.000000 119.440714 -8.305444 -22500.250000
472.000000 119.443575 -8.163046 -15000.500000
473.000000 119.446436 -8.020648 -7500.750000
474.000000 119.449599 -7.881557 -1.000000
475.000000 119.554344 -8.305488 -22500.250000
476.000000 119.560368 -8.023999 -7500.750000
477.000000 119.665113 -8.447930 -30000.000000
478.000000 119.667974 -8.305533 -22500.250000
479.000000 119.671137 -8.166441 -15000.500000
480.000000 119.674300 -8.027350 -7500.750000
481.000000 119.677464 -7.888259 -1.000000
482.000000 119.781906 -8.308883 -22500.250000
483.000000 119.788233 -8.030701 -7500.750000
484.000000 119.890733 -8.449113 -30000.000000
485.000000 119.893897 -8.310022 -22500.250000
486.000000 119.897060 -8.170931 -15000.500000
487.000000 119.900224 -8.031840 -7500.750000
488.000000 119.905651 -7.894971 -1.000000
489.000000 120.005888 -8.311160 -22500.250000
490.000000 120.014479 -8.035200 -7500.750000
491.000000 120.114715 -8.451390 -30000.000000
492.000000 120.117878 -8.312299 -22500.250000
493.000000 120.123306 -8.175430 -15000.500000
494.000000 120.128734 -8.038561 -7500.750000
495.000000 120.134162 -7.901692 -1.000000
496.000000 120.232133 -8.315659 -22500.250000
497.000000 120.242989 -8.041921 -7500.750000
498.000000 120.336261 -8.461245 -30000.000000
499.000000 120.341689 -8.324376 -22500.250000
500.000000 120.347117 -8.187507 -15000.500000
501.000000 120.352544 -8.050638 -7500.750000
502.000000 120.366103 -7.909415 -1.000000
503.000000 120.451244 -8.333093 -22500.250000
504.000000 120.470230 -8.055001 -7500.750000
505.000000 120.555371 -8.478679 -30000.000000
506.000000 120.560799 -8.341810 -22500.250000
507.000000 120.574358 -8.200587 -15000.500000
508.000000 120.587916 -8.059364 -7500.750000
509.000000 120.601475 -7.918141 -1.000000
510.000000 120.678485 -8.346173 -22500.250000
511.000000 120.705602 -8.063727 -7500.750000
512.000000 120.773959 -8.499584 -30000.000000
513.000000 120.791574 -8.362910 -22500.250000
514.000000 120.805133 -8.221687 -15000.500000
515.000000 120.818691 -8.080464 -7500.750000
516.000000 120.832250 -7.939241 -1.000000
517.000000 120.900606 -8.375098 -22500.250000
518.000000 120.931780 -8.097201 -7500.750000
519.000000 120.992024 -8.523959 -30000.000000
520.000000 121.009639 -8.387286 -22500.250000
521.000000 121.027254 -8.250612 -15000.500000
522.000000 121.044869 -8.113938 -7500.750000
523.000000 121.058428 -7.972715 -1.000000
524.000000 121.118671 -8.399473 -22500.250000
525.000000 121.153901 -8.126126 -7500.750000
526.000000 121.214599 -8.549829 -30000.000000
527.000000 121.230300 -8.415994 -22500.250000
528.000000 121.247916 -8.279321 -15000.500000
529.000000 121.265531 -8.142647 -7500.750000
530.000000 121.283146 -8.005974 -1.000000
531.000000 121.343844 -8.429677 -22500.250000
532.000000 121.377160 -8.159168 -7500.750000
533.000000 121.441686 -8.577194 -30000.000000
534.000000 121.457387 -8.443359 -22500.250000
535.000000 121.473088 -8.309524 -15000.500000
536.000000 121.488790 -8.175689 -7500.750000
537.000000 121.506405 -8.039016 -1.000000
538.000000 121.570930 -8.457042 -22500.250000
539.000000 121.602333 -8.189372 -7500.750000
540.000000 121.674007 -8.608191 -30000.000000
541.000000 121.678589 -8.472975 -22500.250000
542.000000 121.694290 -8.339140 -15000.500000
543.000000 121.709991 -8.205305 -7500.750000
544.000000 121.725693 -8.071470 -1.000000
545.000000 121.797367 -8.490289 -22500.250000
546.000000 121.817650 -8.221239 -7500.750000
547.000000 121.911563 -8.642818 -30000.000000
548.000000 121.916145 -8.507603 -22500.250000
549.000000 121.920727 -8.372388 -15000.500000
550.000000 121.925309 -8.237172 -7500.750000
551.000000 121.941010 -8.103337 -1.000000
552.000000 122.034923 -8.524917 -22500.250000
553.000000 122.044087 -8.254486 -7500.750000
554.000000 122.153533 -8.650775 -30000.000000
555.000000 122.153783 -8.110699 -1.000000
556.000000 122.158115 -8.515560 -22500.250000
557.000000 122.162697 -8.380345 -15000.500000
558.000000 122.167279 -8.245130 -7500.750000
559.000000 122.272393 -8.236558 -7500.750000
560.000000 122.281307 -8.506204 -22500.250000
561.000000 122.364012 -8.093557 -1.000000
562.000000 122.377507 -8.227987 -7500.750000
563.000000 122.391003 -8.362417 -15000.500000
564.000000 122.399917 -8.632062 -30000.000000
565.000000 122.404498 -8.496847 -22500.250000
566.000000 122.482622 -8.219415 -7500.750000
567.000000 122.509613 -8.488276 -22500.250000
568.000000 122.580234 -8.069436 -1.000000
569.000000 122.596919 -8.205684 -7500.750000
570.000000 122.610415 -8.340114 -15000.500000
571.000000 122.623910 -8.474544 -22500.250000
572.000000 122.637406 -8.608974 -30000.000000
573.000000 122.708028 -8.190134 -7500.750000
574.000000 122.738208 -8.460813 -22500.250000
575.000000 122.802451 -8.038336 -1.000000
576.000000 122.819136 -8.174585 -7500.750000
577.000000 122.835821 -8.310833 -15000.500000
578.000000 122.852506 -8.447081 -22500.250000
579.000000 122.866001 -8.581511 -30000.000000
580.000000 122.930244 -8.159035 -7500.750000
581.000000 122.963614 -8.431532 -22500.250000
582.000000 123.024405 -8.007274 -1.000000
583.000000 123.041090 -8.143522 -7500.750000
584.000000 123.057774 -8.279771 -15000.500000
585.000000 123.074459 -8.416019 -22500.250000
586.000000 123.094225 -8.555227 -30000.000000
587.000000 123.151935 -8.128010 -7500.750000
588.000000 123.188385 -8.403466 -22500.250000
589.000000 123.246095 -7.976249 -1.000000
590.000000 123.262780 -8.112497 -7500.750000
591.000000 123.282545 -8.251705 -15000.500000
592.000000 123.302311 -8.390914 -22500.250000
593.000000 123.322076 -8.530122 -30000.000000
594.000000 123.376706 -8.099944 -7500.750000
595.000000 123.416236 -8.378361 -22500.250000
596.000000 123.468172 -7.945169 -1.000000
597.000000 123.489940 -8.080970 -7500.750000
598.000000 123.509705 -8.220178 -15000.500000
599.000000 123.529470 -8.359387 -22500.250000
600.000000 123.549236 -8.498595 -30000.000000
601.000000 123.601171 -8.065403 -7500.750000
602.000000 123.642705 -8.340412 -22500.250000
603.000000 123.690635 -7.914036 -1.000000
604.000000 123.712403 -8.049837 -7500.750000
605.000000 123.734171 -8.185637 -15000.500000
606.000000 123.755939 -8.321438 -22500.250000
607.000000 123.775704 -8.460646 -30000.000000
608.000000 123.823634 -8.034270 -7500.750000
609.000000 123.867170 -8.305871 -22500.250000
610.000000 123.912825 -7.882941 -1.000000
611.000000 123.934593 -8.018741 -7500.750000
612.000000 123.956361 -8.154542 -15000.500000
613.000000 123.978129 -8.290343 -22500.250000
614.000000 124.001638 -8.419355 -30000.000000
615.000000 124.045552 -8.003213 -7500.750000
616.000000 124.090829 -8.268026 -22500.250000
617.000000 124.134743 -7.851883 -1.000000
618.000000 124.156511 -7.987684 -7500.750000
619.000000 124.180020 -8.116696 -15000.500000
620.000000 124.203528 -8.245709 -22500.250000
621.000000 124.227037 -8.374721 -30000.000000
622.000000 124.269211 -7.965367 -7500.750000
623.000000 124.316228 -8.223392 -22500.250000
624.000000 124.355193 -7.814495 -1.000000
625.000000 124.382538 -7.942926 -7500.750000
626.000000 124.406046 -8.071938 -15000.500000
627.000000 124.429555 -8.200951 -22500.250000
628.000000 124.453064 -8.329963 -30000.000000
629.000000 124.492029 -7.921067 -7500.750000
630.000000 124.542882 -8.178510 -22500.250000
631.000000 124.574175 -7.770777 -1.000000
632.000000 124.601520 -7.899207 -7500.750000
633.000000 124.628865 -8.027638 -15000.500000
634.000000 124.656209 -8.156068 -22500.250000
635.000000 124.679718 -8.285081 -30000.000000
636.000000 124.711011 -7.877348 -7500.750000
637.000000 124.765700 -8.134209 -22500.250000
638.000000 124.793078 -7.723310 -1.000000
639.000000 124.823016 -7.852186 -7500.750000
640.000000 124.850361 -7.980617 -15000.500000
641.000000 124.877705 -8.109048 -22500.250000
642.000000 124.905050 -8.237478 -30000.000000
643.000000 124.932428 -7.826579 -7500.750000
644.000000 124.989711 -8.083886 -22500.250000
645.000000 125.011901 -7.672096 -1.000000
646.000000 125.041839 -7.800972 -7500.750000
647.000000 125.071778 -7.929848 -15000.500000
648.000000 125.101716 -8.058725 -22500.250000
649.000000 125.129061 -8.187155 -30000.000000
650.000000 125.151251 -7.775365 -7500.750000
651.000000 125.211128 -8.033118 -22500.250000
652.000000 125.231928 -7.620600 -1.000000
653.000000 125.261867 -7.749477 -7500.750000
654.000000 125.291805 -7.878353 -15000.500000
655.000000 125.321743 -8.007229 -22500.250000
656.000000 125.352586 -8.136759 -30000.000000
657.000000 125.372482 -7.723588 -7500.750000
658.000000 125.433263 -7.981994 -22500.250000
659.000000 125.453160 -7.568823 -1.000000
660.000000 125.483098 -7.697699 -7500.750000
661.000000 125.513941 -7.827229 -15000.500000
662.000000 125.544783 -7.956759 -22500.250000
663.000000 125.575626 -8.086289 -30000.000000
664.000000 125.594618 -7.672464 -7500.750000
665.000000 125.656304 -7.931524 -22500.250000
666.000000 125.673999 -7.517137 -1.000000
667.000000 125.704842 -7.646667 -7500.750000
668.000000 125.735685 -7.776197 -15000.500000
669.000000 125.766528 -7.905727 -22500.250000
670.000000 125.799032 -8.035327 -30000.000000
671.000000 125.815066 -7.620870 -7500.750000
672.000000 125.878414 -7.880000 -22500.250000
673.000000 125.894448 -7.465543 -1.000000
674.000000 125.925291 -7.595073 -7500.750000
675.000000 125.957795 -7.724673 -15000.500000
676.000000 125.990300 -7.854273 -22500.250000
677.000000 126.022804 -7.983873 -30000.000000
678.000000 126.037177 -7.569346 -7500.750000
679.000000 126.102186 -7.828546 -22500.250000
680.000000 126.115183 -7.411127 -1.000000
681.000000 126.149057 -7.539255 -7500.750000
682.000000 126.181562 -7.668856 -15000.500000
683.000000 126.214067 -7.798456 -22500.250000
684.000000 126.246571 -7.928056 -30000.000000
685.000000 126.259568 -7.510637 -7500.750000
686.000000 126.325947 -7.768366 -22500.250000
687.000000 126.336205 -7.353889 -1.000000
688.000000 126.370080 -7.482018 -7500.750000
689.000000 126.403954 -7.610146 -15000.500000
690.000000 126.437828 -7.738275 -22500.250000
691.000000 126.470333 -7.867876 -30000.000000
692.000000 126.480591 -7.453399 -7500.750000
693.000000 126.548339 -7.709656 -22500.250000
694.000000 126.559279 -7.295906 -1.000000
695.000000 126.593153 -7.424035 -7500.750000
696.000000 126.627027 -7.552163 -15000.500000
697.000000 126.660902 -7.680292 -22500.250000
698.000000 126.694856 -7.808480 -30000.000000
699.000000 126.705715 -7.394670 -7500.750000
700.000000 126.773544 -7.650987 -22500.250000
701.000000 126.784404 -7.237177 -1.000000
702.000000 126.818278 -7.365306 -7500.750000
703.000000 126.852232 -7.493494 -15000.500000
704.000000 126.886187 -7.621681 -22500.250000
705.000000 126.920141 -7.749868 -30000.000000
706.000000 126.930920 -7.336001 -7500.750000
707.000000 126.998829 -7.592375 -22500.250000
708.000000 127.007089 -7.179085 -1.000000
709.000000 127.041044 -7.307273 -7500.750000
710.000000 127.074998 -7.435460 -15000.500000
711.000000 127.108953 -7.563647 -22500.250000
712.000000 127.144086 -7.693011 -30000.000000
713.000000 127.151167 -7.278545 -7500.750000
714.000000 127.220255 -7.536096 -22500.250000
715.000000 127.227336 -7.121630 -1.000000
716.000000 127.261290 -7.249817 -7500.750000
717.000000 127.296424 -7.379181 -15000.500000
718.000000 127.331557 -7.508544 -22500.250000
719.000000 127.366690 -7.637908 -30000.000000
720.000000 127.372593 -7.222266 -7500.750000
721.000000 127.442859 -7.480993 -22500.250000
722.000000 127.445297 -7.064770 -1.000000
723.000000 127.480431 -7.194134 -7500.750000
724.000000 127.515564 -7.323497 -15000.500000
725.000000 127.550697 -7.452861 -22500.250000
726.000000 127.588268 -7.166002 -7500.750000
727.000000 127.591118 -7.582353 -30000.000000
728.000000 127.660973 -7.008507 -1.000000
729.000000 127.663823 -7.424858 -22500.250000
730.000000 127.696106 -7.137871 -7500.750000
731.000000 127.736527 -7.267363 -15000.500000
732.000000 127.776948 -7.396855 -22500.250000
733.000000 127.809232 -7.109868 -7500.750000
734.000000 127.817369 -7.526348 -30000.000000
735.000000 127.871061 -6.943804 -1.000000
736.000000 127.890074 -7.368853 -22500.250000
737.000000 127.919924 -7.070801 -7500.750000
738.000000 127.960345 -7.200294 -15000.500000
739.000000 128.000766 -7.329786 -22500.250000
740.000000 128.022174 -7.034230 -7500.750000
741.000000 128.041186 -7.459279 -30000.000000
742.000000 128.075562 -6.870660 -1.000000
743.000000 128.111457 -7.290720 -22500.250000
744.000000 128.124424 -6.997658 -7500.750000
745.000000 128.173287 -7.124656 -15000.500000
746.000000 128.222149 -7.251653 -22500.250000
747.000000 128.226675 -6.961086 -7500.750000
748.000000 128.262570 -7.381146 -30000.000000
749.000000 128.280528 -6.792790 -1.000000
750.000000 128.324399 -7.215082 -22500.250000
751.000000 128.329390 -6.919788 -7500.750000
752.000000 128.378253 -7.046786 -15000.500000
753.000000 128.427115 -7.173784 -22500.250000
754.000000 128.432106 -6.878490 -7500.750000
755.000000 128.482432 -7.299150 -30000.000000
756.000000 128.485959 -6.710194 -1.000000
757.000000 128.534822 -6.837192 -7500.750000
758.000000 128.536285 -7.130855 -22500.250000
759.000000 128.590138 -6.962559 -15000.500000
760.000000 128.643992 -6.794263 -7500.750000
761.000000 128.645455 -7.087926 -22500.250000
762.000000 128.690643 -6.627898 -1.000000
763.000000 128.700771 -7.213292 -30000.000000
764.000000 128.745960 -6.753265 -7500.750000
765.000000 128.754624 -7.044997 -22500.250000
766.000000 128.801276 -6.878632 -15000.500000
767.000000 128.847928 -6.712268 -7500.750000
768.000000 128.856592 -7.003999 -22500.250000
769.000000 128.894580 -6.545903 -1.000000
770.000000 128.916431 -7.118025 -30000.000000
771.000000 128.949896 -6.671270 -7500.750000
772.000000 128.963083 -6.951661 -22500.250000
773.000000 129.009735 -6.785296 -15000.500000
774.000000 129.056387 -6.618932 -7500.750000
775.000000 129.069574 -6.899322 -22500.250000
776.000000 129.082263 -6.448779 -1.000000
777.000000 129.129413 -7.013349 -30000.000000
778.000000 129.156469 -6.559242 -7500.750000
779.000000 129.176065 -6.846984 -22500.250000
780.000000 129.216308 -6.673268 -15000.500000
781.000000 129.242183 -6.503116 -7500.750000
782.000000 129.253692 -6.336527 -1.000000
783.000000 129.276147 -6.787294 -22500.250000
784.000000 129.327898 -6.446989 -7500.750000
785.000000 129.335986 -6.901320 -30000.000000
786.000000 129.376228 -6.727605 -22500.250000
787.000000 129.402104 -6.557452 -15000.500000
788.000000 129.413613 -6.390863 -7500.750000
789.000000 129.426919 -6.221556 -1.000000
790.000000 129.476310 -6.667915 -22500.250000
791.000000 129.501124 -6.332019 -7500.750000
792.000000 129.536149 -6.781941 -30000.000000
793.000000 129.562024 -6.611788 -22500.250000
794.000000 129.575330 -6.442482 -15000.500000
795.000000 129.588636 -6.273175 -7500.750000
796.000000 129.601941 -6.103868 -1.000000
797.000000 129.649536 -6.552945 -22500.250000
798.000000 129.676147 -6.214331 -7500.750000
799.000000 129.732516 -6.659512 -30000.000000
800.000000 129.745822 -6.490206 -22500.250000
801.000000 129.759128 -6.320899 -15000.500000
802.000000 129.772433 -6.151592 -7500.750000
803.000000 129.842108 -6.427467 -22500.250000
804.000000 129.925088 -6.534035 -30000.000000
805.000000 129.938394 -6.364728 -22500.250000
