1 33 473 474
2 36 484 482
3 14 330 328
4 23 397 399
5 37 501 502
6 9 301 305
7 12 316 314
8 26 412 407
9 30 438 439
10 40 512 513
11 49 575 580
12 44 538 533
13 77 774 778
14 61 659 660
15 73 742 747
16 26 414 412
17 67 702 706
18 50 586 585
19 69 716 720
20 28 427 425
21 30 446 441
22 32 460 455
23 34 468 463
24 36 478 477
25 24 394 393
26 38 498 496
27 40 513 510
28 42 527 524
29 10 300 296
30 15 341 343
31 18 352 351
32 21 382 385
33 19 369 368
34 4 260 261
35 9 305 306
36 4 258 253
37 2 247 244
38 6 274 272
39 4 261 258
40 8 286 282
41 8 288 286
42 11 319 320
43 17 355 357
44 29 435 440
45 20 370 365
46 21 383 382
47 25 411 410
48 31 449 454
49 38 496 492
50 63 673 674
51 71 730 733
52 76 765 763
53 65 687 692
54 67 701 702
55 67 706 708
56 69 720 722
57 77 778 776
58 79 788 789
59 80 799 797
60 75 756 757
61 71 733 737
62 77 769 771
63 77 771 774
64 54 613 609
65 60 648 649
66 63 674 678
67 63 678 681
68 44 541 538
69 44 540 541
70 50 578 579
71 48 565 564
72 48 567 565
73 50 585 581
74 52 600 595
75 54 609 606
76 56 623 621
77 58 634 635
78 57 631 636
79 59 645 650
80 61 660 664
81 36 482 478
82 38 492 491
83 16 338 337
84 21 389 390
85 40 510 506
86 10 302 300
87 14 324 323
88 25 410 413
89 27 426 429
90 42 524 519
91 47 569 568
92 43 536 539
93 78 785 779
94 59 650 652
95 71 737 735
96 28 425 424
97 66 698 697
98 52 595 593
99 68 712 711
100 27 421 426
101 32 452 453
102 33 466 467
103 33 467 469
104 33 469 473
105 21 385 389
106 40 506 505
107 41 523 522
108 43 537 536
109 9 299 301
110 13 333 334
111 15 343 347
112 20 372 373
113 17 357 362
114 6 272 267
115 12 314 310
116 3 256 259
117 3 257 256
118 8 282 281
119 5 271 270
120 7 285 287
121 10 296 295
122 14 328 324
123 15 347 348
124 27 429 428
125 19 368 371
126 19 371 376
127 23 399 404
128 29 443 442
129 37 495 497
130 61 664 666
131 70 727 725
132 75 757 760
133 63 681 680
134 65 692 694
135 68 711 707
136 70 725 721
137 80 793 790
138 80 797 793
139 82 805 804
140 73 747 749
141 72 741 736
142 75 760 762
143 76 770 768
144 55 617 618
145 57 636 639
146 62 670 669
147 64 684 679
148 45 551 550
149 46 552 547
150 47 566 569
151 45 553 558
152 47 561 566
153 51 589 590
154 54 606 607
155 53 603 608
156 55 618 622
157 55 622 625
158 55 625 624
159 57 639 638
160 60 656 655
161 149 479 476
162 152 489 485
163 108 335 331
164 126 392 396
165 157 507 504
166 99 303 304
167 104 321 317
168 131 409 408
169 137 430 434
170 160 520 517
171 176 573 576
172 167 535 534
173 235 783 780
174 200 653 657
175 224 740 744
176 133 420 415
177 213 700 703
178 182 592 588
179 217 714 717
180 135 422 423
181 142 448 445
182 146 462 459
183 147 465 464
184 149 472 475
185 125 388 391
186 156 503 499
187 161 518 514
188 165 532 528
189 99 298 297
190 110 336 340
191 113 346 349
192 121 377 381
193 118 361 364
194 88 268 265
195 101 311 308
196 87 255 254
197 85 252 248
198 92 279 275
199 89 266 262
200 95 284 283
201 96 293 289
202 105 325 322
203 114 350 354
204 136 433 436
205 119 367 366
206 122 375 378
207 130 403 406
208 140 447 450
209 155 494 493
210 204 667 671
211 221 729 731
212 231 759 761
213 208 685 688
214 212 695 699
215 215 710 709
216 219 724 723
217 237 787 781
218 239 794 791
219 242 803 800
220 228 751 754
221 223 739 738
222 232 764 767
223 233 772 773
224 189 615 612
225 197 640 644
226 205 672 675
227 207 683 682
228 169 546 542
229 168 548 545
230 177 570 574
231 174 557 560
232 175 562 563
233 181 587 584
234 186 602 599
235 187 604 605
236 191 619 620
237 193 626 630
238 192 629 632
239 196 643 646
240 201 658 661
241 151 483 480
242 153 487 486
243 109 333 332
244 125 394 395
245 159 511 508
246 100 309 307
247 105 319 318
248 129 401 405
249 135 427 431
250 163 525 521
251 177 578 577
252 165 527 531
253 238 792 786
254 199 651 654
255 225 746 745
256 134 418 417
257 214 705 704
258 183 594 591
259 218 719 718
260 132 416 419
261 141 443 444
262 145 456 457
263 146 460 461
264 147 468 471
265 123 384 387
266 157 501 500
267 162 516 515
268 166 530 529
269 98 292 294
270 109 338 339
271 111 342 345
272 120 379 380
273 115 356 360
274 91 273 269
275 103 315 312
276 85 247 251
277 86 250 249
278 93 277 276
279 90 264 263
280 94 278 280
281 97 291 290
282 107 329 326
283 113 352 353
284 137 438 437
285 117 359 363
286 119 370 374
287 127 398 402
288 141 452 451
289 154 488 490
290 203 665 668
291 222 734 732
292 229 753 758
293 209 690 689
294 211 693 696
295 217 716 713
296 221 730 726
297 239 788 784
298 241 798 795
299 243 802 801
300 227 750 752
301 226 748 743
302 231 765 766
303 234 777 775
304 188 610 611
305 195 637 641
306 206 677 676
307 210 691 686
308 170 544 543
309 171 553 549
310 175 567 571
311 171 552 556
312 172 555 559
313 180 582 583
314 185 597 598
315 184 596 601
316 189 613 616
317 191 623 627
318 193 634 633
319 197 648 647
320 202 663 662
321 149 476 473
322 152 485 484
323 108 331 330
324 126 396 397
325 157 504 501
326 99 304 301
327 104 317 316
328 131 408 412
329 137 434 438
330 160 517 512
331 176 576 575
332 167 534 538
333 235 780 774
334 200 657 659
335 224 744 742
336 133 415 414
337 213 703 702
338 182 588 586
339 217 717 716
340 135 423 427
341 142 445 446
342 146 459 460
343 147 464 468
344 149 475 478
345 125 391 394
346 156 499 498
347 161 514 513
348 165 528 527
349 99 297 300
350 110 340 341
351 113 349 352
352 121 381 382
353 118 364 369
354 88 265 260
355 101 308 305
356 87 254 258
357 85 248 247
358 92 275 274
359 89 262 261
360 95 283 286
361 96 289 288
362 105 322 319
363 114 354 355
364 136 436 435
365 119 366 370
366 122 378 383
367 130 406 411
368 140 450 449
369 155 493 496
370 204 671 673
371 221 731 730
372 231 761 765
373 208 688 687
374 212 699 701
375 215 709 706
376 219 723 720
377 237 781 778
378 239 791 788
379 242 800 799
380 228 754 756
381 223 738 733
382 232 767 769
383 233 773 771
384 189 612 613
385 197 644 648
386 205 675 674
387 207 682 678
388 169 542 541
389 168 545 540
390 177 574 578
391 174 560 565
392 175 563 567
393 181 584 585
394 186 599 600
395 187 605 609
396 191 620 623
397 193 630 634
398 192 632 631
399 196 646 645
400 201 661 660
401 151 479 482
402 153 489 492
403 109 335 338
404 125 392 389
405 159 507 510
406 100 303 302
407 105 321 324
408 129 409 410
409 135 430 426
410 163 520 524
411 177 573 569
412 165 535 536
413 238 783 785
414 199 653 650
415 225 740 737
416 134 420 425
417 214 700 698
418 183 592 595
419 218 714 712
420 132 422 421
421 141 448 452
422 145 462 466
423 146 465 467
424 147 472 469
425 123 388 385
426 157 503 506
427 162 518 523
428 166 532 537
429 98 298 299
430 109 336 333
431 111 346 343
432 120 377 372
433 115 361 357
434 91 268 272
435 103 311 314
436 85 255 256
437 86 252 257
438 93 279 282
439 90 266 271
440 94 284 285
441 97 293 296
442 107 325 328
443 113 350 347
444 137 433 429
445 117 367 368
446 119 375 371
447 127 403 399
448 141 447 443
449 154 494 495
450 203 667 664
451 222 729 727
452 229 759 757
453 209 685 681
454 211 695 692
455 217 710 711
456 221 724 725
457 239 787 793
458 241 794 797
459 243 803 805
460 227 751 747
461 226 739 741
462 231 764 760
463 234 772 770
464 188 615 617
465 195 640 636
466 206 672 670
467 210 683 684
468 170 546 551
469 171 548 552
470 175 570 566
471 171 557 553
472 172 562 561
473 180 587 589
474 185 602 606
475 184 604 603
476 189 619 618
477 191 626 622
478 193 629 625
479 197 643 639
480 202 658 656
481 151 480 479
482 153 486 489
483 109 332 335
484 125 395 392
485 159 508 507
486 100 307 303
487 105 318 321
488 129 405 409
489 135 431 430
490 163 521 520
491 177 577 573
492 165 531 535
493 238 786 783
494 199 654 653
495 225 745 740
496 134 417 420
497 214 704 700
498 183 591 592
499 218 718 714
500 132 419 422
501 141 444 448
502 145 457 462
503 146 461 465
504 147 471 472
505 123 387 388
506 157 500 503
507 162 515 518
508 166 529 532
509 98 294 298
510 109 339 336
511 111 345 346
512 120 380 377
513 115 360 361
514 91 269 268
515 103 312 311
516 85 251 255
517 86 249 252
518 93 276 279
519 90 263 266
520 94 280 284
521 97 290 293
522 107 326 325
523 113 353 350
524 137 437 433
525 117 363 367
526 119 374 375
527 127 402 403
528 141 451 447
529 154 490 494
530 203 668 667
531 222 732 729
532 229 758 759
533 209 689 685
534 211 696 695
535 217 713 710
536 221 726 724
537 239 784 787
538 241 795 794
539 243 801 803
540 227 752 751
541 226 743 739
542 231 766 764
543 234 775 772
544 188 611 615
545 195 641 640
546 206 676 672
547 210 686 683
548 170 543 546
549 171 549 548
550 175 571 570
551 171 556 557
552 172 559 562
553 180 583 587
554 185 598 602
555 184 601 604
556 189 616 619
557 191 627 626
558 193 633 629
559 197 647 643
560 202 662 658
561 35 481 483
562 35 483 487
563 13 329 333
564 24 398 394
565 39 509 511
566 12 310 309
567 11 315 319
568 24 400 401
569 28 432 427
570 41 522 525
571 50 581 578
572 42 526 527
573 80 790 792
574 60 655 651
575 74 750 746
576 25 413 418
577 68 707 705
578 51 590 594
579 70 721 719
580 25 418 416
581 29 440 443
582 31 454 456
583 32 458 460
584 34 470 468
585 22 386 384
586 37 497 501
587 39 511 516
588 41 525 530
589 7 291 292
590 16 342 338
591 16 344 342
592 22 384 379
593 18 359 356
594 5 270 273
595 11 313 315
596 2 246 247
597 1 245 250
598 5 273 277
599 3 259 264
600 5 277 278
601 7 287 291
602 13 327 329
603 18 356 352
604 30 441 438
605 18 358 359
606 20 373 370
607 24 401 398
608 32 455 452
609 35 487 488
610 62 669 665
611 72 736 734
612 74 755 753
613 66 693 690
614 66 697 693
615 69 715 716
616 71 728 730
617 79 782 788
618 81 796 798
619 81 798 802
620 74 753 750
621 74 746 748
622 76 768 765
623 78 779 777
624 53 608 610
625 58 642 637
626 64 679 677
627 66 690 691
628 43 539 544
629 45 550 553
630 48 572 567
631 46 554 552
632 45 558 555
633 49 580 582
634 51 594 597
635 51 597 596
636 54 614 613
637 56 628 623
638 58 637 634
639 60 651 648
640 62 665 663
641 473 476 474
642 484 485 482
643 330 331 328
644 397 396 399
645 501 504 502
646 301 304 305
647 316 317 314
648 412 408 407
649 438 434 439
650 512 517 513
651 575 576 580
652 538 534 533
653 774 780 778
654 659 657 660
655 742 744 747
656 414 415 412
657 702 703 706
658 586 588 585
659 716 717 720
660 427 423 425
661 446 445 441
662 460 459 455
663 468 464 463
664 478 475 477
665 394 391 393
666 498 499 496
667 513 514 510
668 527 528 524
669 300 297 296
670 341 340 343
671 352 349 351
672 382 381 385
673 369 364 368
674 260 265 261
675 305 308 306
676 258 254 253
677 247 248 244
678 274 275 272
679 261 262 258
680 286 283 282
681 288 289 286
682 319 322 320
683 355 354 357
684 435 436 440
685 370 366 365
686 383 378 382
687 411 406 410
688 449 450 454
689 496 493 492
690 673 671 674
691 730 731 733
692 765 761 763
693 687 688 692
694 701 699 702
695 706 709 708
696 720 723 722
697 778 781 776
698 788 791 789
699 799 800 797
700 756 754 757
701 733 738 737
702 769 767 771
703 771 773 774
704 613 612 609
705 648 644 649
706 674 675 678
707 678 682 681
708 541 542 538
709 540 545 541
710 578 574 579
711 565 560 564
712 567 563 565
713 585 584 581
714 600 599 595
715 609 605 606
716 623 620 621
717 634 630 635
718 631 632 636
719 645 646 650
720 660 661 664
721 482 479 478
722 492 489 491
723 338 335 337
724 389 392 390
725 510 507 506
726 302 303 300
727 324 321 323
728 410 409 413
729 426 430 429
730 524 520 519
731 569 573 568
732 536 535 539
733 785 783 779
734 650 653 652
735 737 740 735
736 425 420 424
737 698 700 697
738 595 592 593
739 712 714 711
740 421 422 426
741 452 448 453
742 466 462 467
743 467 465 469
744 469 472 473
745 385 388 389
746 506 503 505
747 523 518 522
748 537 532 536
749 299 298 301
750 333 336 334
751 343 346 347
752 372 377 373
753 357 361 362
754 272 268 267
755 314 311 310
756 256 255 259
757 257 252 256
758 282 279 281
759 271 266 270
760 285 284 287
761 296 293 295
762 328 325 324
763 347 350 348
764 429 433 428
765 368 367 371
766 371 375 376
767 399 403 404
768 443 447 442
769 495 494 497
770 664 667 666
771 727 729 725
772 757 759 760
773 681 685 680
774 692 695 694
775 711 710 707
776 725 724 721
777 793 787 790
778 797 794 793
779 805 803 804
780 747 751 749
781 741 739 736
782 760 764 762
783 770 772 768
784 617 615 618
785 636 640 639
786 670 672 669
787 684 683 679
788 551 546 550
789 552 548 547
790 566 570 569
791 553 557 558
792 561 562 566
793 589 587 590
794 606 602 607
795 603 604 608
796 618 619 622
797 622 626 625
798 625 629 624
799 639 643 638
800 656 658 655
801 479 480 476
802 489 486 485
803 335 332 331
804 392 395 396
805 507 508 504
806 303 307 304
807 321 318 317
808 409 405 408
809 430 431 434
810 520 521 517
811 573 577 576
812 535 531 534
813 783 786 780
814 653 654 657
815 740 745 744
816 420 417 415
817 700 704 703
818 592 591 588
819 714 718 717
820 422 419 423
821 448 444 445
822 462 457 459
823 465 461 464
824 472 471 475
825 388 387 391
826 503 500 499
827 518 515 514
828 532 529 528
829 298 294 297
830 336 339 340
831 346 345 349
832 377 380 381
833 361 360 364
834 268 269 265
835 311 312 308
836 255 251 254
837 252 249 248
838 279 276 275
839 266 263 262
840 284 280 283
841 293 290 289
842 325 326 322
843 350 353 354
844 433 437 436
845 367 363 366
846 375 374 378
847 403 402 406
848 447 451 450
849 494 490 493
850 667 668 671
851 729 732 731
852 759 758 761
853 685 689 688
854 695 696 699
855 710 713 709
856 724 726 723
857 787 784 781
858 794 795 791
859 803 801 800
860 751 752 754
861 739 743 738
862 764 766 767
863 772 775 773
864 615 611 612
865 640 641 644
866 672 676 675
867 683 686 682
868 546 543 542
869 548 549 545
870 570 571 574
871 557 556 560
872 562 559 563
873 587 583 584
874 602 598 599
875 604 601 605
876 619 616 620
877 626 627 630
878 629 633 632
879 643 647 646
880 658 662 661
881 483 481 480
882 487 483 486
883 333 329 332
884 394 398 395
885 511 509 508
886 309 310 307
887 319 315 318
888 401 400 405
889 427 432 431
890 525 522 521
891 578 581 577
892 527 526 531
893 792 790 786
894 651 655 654
895 746 750 745
896 418 413 417
897 705 707 704
898 594 590 591
899 719 721 718
900 416 418 419
901 443 440 444
902 456 454 457
903 460 458 461
904 468 470 471
905 384 386 387
906 501 497 500
907 516 511 515
908 530 525 529
909 292 291 294
910 338 342 339
911 342 344 345
912 379 384 380
913 356 359 360
914 273 270 269
915 315 313 312
916 247 246 251
917 250 245 249
918 277 273 276
919 264 259 263
920 278 277 280
921 291 287 290
922 329 327 326
923 352 356 353
924 438 441 437
925 359 358 363
926 370 373 374
927 398 401 402
928 452 455 451
929 488 487 490
930 665 669 668
931 734 736 732
932 753 755 758
933 690 693 689
934 693 697 696
935 716 715 713
936 730 728 726
937 788 782 784
938 798 796 795
939 802 798 801
940 750 753 752
941 748 746 743
942 765 768 766
943 777 779 775
944 610 608 611
945 637 642 641
946 677 679 676
947 691 690 686
948 544 539 543
949 553 550 549
950 567 572 571
951 552 554 556
952 555 558 559
953 582 580 583
954 597 594 598
955 596 597 601
956 613 614 616
957 623 628 627
958 634 637 633
959 648 651 647
960 663 665 662
961 476 150 474
962 485 151 482
963 331 107 328
964 396 127 399
965 504 158 502
966 304 101 305
967 317 103 314
968 408 128 407
969 434 138 439
970 517 161 513
971 576 179 580
972 534 164 533
973 780 237 778
974 657 201 660
975 744 227 747
976 415 131 412
977 703 215 706
978 588 181 585
979 717 219 720
980 423 134 425
981 445 139 441
982 459 143 455
983 464 144 463
984 475 148 477
985 391 124 393
986 499 155 496
987 514 159 510
988 528 163 524
989 297 97 296
990 340 111 343
991 349 112 351
992 381 123 385
993 364 117 368
994 265 89 261
995 308 102 306
996 254 84 253
997 248 83 244
998 275 91 272
999 262 87 258
1000 283 93 282
1001 289 95 286
1002 322 106 320
1003 354 115 357
1004 436 139 440
1005 366 116 365
1006 378 121 382
1007 406 129 410
1008 450 143 454
1009 493 153 492
1010 671 205 674
1011 731 223 733
1012 761 230 763
1013 688 211 692
1014 699 213 702
1015 709 216 708
1016 723 220 722
1017 781 236 776
1018 791 240 789
1019 800 241 797
1020 754 229 757
1021 738 225 737
1022 767 233 771
1023 773 235 774
1024 612 187 609
1025 644 198 649
1026 675 207 678
1027 682 209 681
1028 542 167 538
1029 545 169 541
1030 574 178 579
1031 560 173 564
1032 563 174 565
1033 584 179 581
1034 599 183 595
1035 605 185 606
1036 620 190 621
1037 630 194 635
1038 632 195 636
1039 646 199 650
1040 661 203 664
1041 479 149 478
1042 489 152 491
1043 335 108 337
1044 392 126 390
1045 507 157 506
1046 303 99 300
1047 321 104 323
1048 409 131 413
1049 430 137 429
1050 520 160 519
1051 573 176 568
1052 535 167 539
1053 783 235 779
1054 653 200 652
1055 740 224 735
1056 420 133 424
1057 700 213 697
1058 592 182 593
1059 714 217 711
1060 422 135 426
1061 448 142 453
1062 462 146 467
1063 465 147 469
1064 472 149 473
1065 388 125 389
1066 503 156 505
1067 518 161 522
1068 532 165 536
1069 298 99 301
1070 336 110 334
1071 346 113 347
1072 377 121 373
1073 361 118 362
1074 268 88 267
1075 311 101 310
1076 255 87 259
1077 252 85 256
1078 279 92 281
1079 266 89 270
1080 284 95 287
1081 293 96 295
1082 325 105 324
1083 350 114 348
1084 433 136 428
1085 367 119 371
1086 375 122 376
1087 403 130 404
1088 447 140 442
1089 494 155 497
1090 667 204 666
1091 729 221 725
1092 759 231 760
1093 685 208 680
1094 695 212 694
1095 710 215 707
1096 724 219 721
1097 787 237 790
1098 794 239 793
1099 803 242 804
1100 751 228 749
1101 739 223 736
1102 764 232 762
1103 772 233 768
1104 615 189 618
1105 640 197 639
1106 672 205 669
1107 683 207 679
1108 546 169 550
1109 548 168 547
1110 570 177 569
1111 557 174 558
1112 562 175 566
1113 587 181 590
1114 602 186 607
1115 604 187 608
1116 619 191 622
1117 626 193 625
1118 629 192 624
1119 643 196 638
1120 658 201 655
1121 480 150 476
1122 486 151 485
1123 332 107 331
1124 395 127 396
1125 508 158 504
1126 307 101 304
1127 318 103 317
1128 405 128 408
1129 431 138 434
1130 521 161 517
1131 577 179 576
1132 531 164 534
1133 786 237 780
1134 654 201 657
1135 745 227 744
1136 417 131 415
1137 704 215 703
1138 591 181 588
1139 718 219 717
1140 419 134 423
1141 444 139 445
1142 457 143 459
1143 461 144 464
1144 471 148 475
1145 387 124 391
1146 500 155 499
1147 515 159 514
1148 529 163 528
1149 294 97 297
1150 339 111 340
1151 345 112 349
1152 380 123 381
1153 360 117 364
1154 269 89 265
1155 312 102 308
1156 251 84 254
1157 249 83 248
1158 276 91 275
1159 263 87 262
1160 280 93 283
1161 290 95 289
1162 326 106 322
1163 353 115 354
1164 437 139 436
1165 363 116 366
1166 374 121 378
1167 402 129 406
1168 451 143 450
1169 490 153 493
1170 668 205 671
1171 732 223 731
1172 758 230 761
1173 689 211 688
1174 696 213 699
1175 713 216 709
1176 726 220 723
1177 784 236 781
1178 795 240 791
1179 801 241 800
1180 752 229 754
1181 743 225 738
1182 766 233 767
1183 775 235 773
1184 611 187 612
1185 641 198 644
1186 676 207 675
1187 686 209 682
1188 543 167 542
1189 549 169 545
1190 571 178 574
1191 556 173 560
1192 559 174 563
1193 583 179 584
1194 598 183 599
1195 601 185 605
1196 616 190 620
1197 627 194 630
1198 633 195 632
1199 647 199 646
1200 662 203 661
1201 481 150 480
1202 483 151 486
1203 329 107 332
1204 398 127 395
1205 509 158 508
1206 310 101 307
1207 315 103 318
1208 400 128 405
1209 432 138 431
1210 522 161 521
1211 581 179 577
1212 526 164 531
1213 790 237 786
1214 655 201 654
1215 750 227 745
1216 413 131 417
1217 707 215 704
1218 590 181 591
1219 721 219 718
1220 418 134 419
1221 440 139 444
1222 454 143 457
1223 458 144 461
1224 470 148 471
1225 386 124 387
1226 497 155 500
1227 511 159 515
1228 525 163 529
1229 291 97 294
1230 342 111 339
1231 344 112 345
1232 384 123 380
1233 359 117 360
1234 270 89 269
1235 313 102 312
1236 246 84 251
1237 245 83 249
1238 273 91 276
1239 259 87 263
1240 277 93 280
1241 287 95 290
1242 327 106 326
1243 356 115 353
1244 441 139 437
1245 358 116 363
1246 373 121 374
1247 401 129 402
1248 455 143 451
1249 487 153 490
1250 669 205 668
1251 736 223 732
1252 755 230 758
1253 693 211 689
1254 697 213 696
1255 715 216 713
1256 728 220 726
1257 782 236 784
1258 796 240 795
1259 798 241 801
1260 753 229 752
1261 746 225 743
1262 768 233 766
1263 779 235 775
1264 608 187 611
1265 642 198 641
1266 679 207 676
1267 690 209 686
1268 539 167 543
1269 550 169 549
1270 572 178 571
1271 554 173 556
1272 558 174 559
1273 580 179 583
1274 594 183 598
1275 597 185 601
1276 614 190 616
1277 628 194 627
1278 637 195 633
1279 651 199 647
1280 665 203 662
