1 8 113 111
2 19 197 199
3 7 117 119
4 21 216 222
5 12 140 142
6 10 127 128
7 6 94 92
8 4 80 77
9 4 83 80
10 6 99 97
11 3 89 91
12 5 103 105
13 10 128 125
14 13 156 159
15 12 142 138
16 22 205 210
17 15 168 170
18 17 182 184
19 15 170 173
20 17 184 187
21 19 199 206
22 20 196 198
23 10 122 120
24 17 187 189
25 10 125 122
26 22 210 207
27 14 152 147
28 12 138 133
29 3 86 89
30 1 73 76
31 3 84 86
32 8 108 106
33 6 97 94
34 8 111 108
35 11 141 139
36 14 154 152
37 13 155 153
38 24 218 211
39 13 159 161
40 15 173 175
41 16 169 167
42 18 183 181
43 20 198 195
44 22 207 200
45 38 118 115
46 60 191 194
47 39 123 121
48 66 214 219
49 46 149 145
50 42 135 131
51 31 88 90
52 27 74 75
53 29 82 81
54 34 104 101
55 31 95 93
56 35 109 107
57 43 136 130
58 49 157 158
59 47 150 144
60 64 217 213
61 52 163 166
62 56 177 180
63 53 171 172
64 57 185 186
65 61 201 203
66 62 204 202
67 39 117 116
68 59 192 193
69 41 129 124
70 67 223 221
71 49 156 151
72 45 143 137
73 29 83 87
74 25 70 72
75 28 78 79
76 35 103 102
77 33 100 96
78 37 114 110
79 44 134 132
80 50 162 160
81 48 148 146
82 68 224 220
83 51 164 165
84 55 178 179
85 54 176 174
86 58 190 188
87 63 212 208
88 66 216 209
89 38 115 113
90 60 194 197
91 39 121 117
92 66 219 216
93 46 145 140
94 42 131 127
95 31 90 94
96 27 75 80
97 29 81 83
98 34 101 99
99 31 93 89
100 35 107 103
101 43 130 128
102 49 158 156
103 47 144 142
104 64 213 205
105 52 166 168
106 56 180 182
107 53 172 170
108 57 186 184
109 61 203 199
110 62 202 196
111 39 118 122
112 59 191 187
113 41 123 125
114 67 214 210
115 49 149 152
116 45 135 138
117 29 88 86
118 25 74 73
119 28 82 84
120 35 104 108
121 33 95 97
122 37 109 111
123 44 136 141
124 50 157 154
125 48 150 155
126 68 217 218
127 51 163 159
128 55 177 173
129 54 171 169
130 58 185 183
131 63 201 198
132 66 204 207
133 39 116 118
134 59 193 191
135 41 124 123
136 67 221 214
137 49 151 149
138 45 137 135
139 29 87 88
140 25 72 74
141 28 79 82
142 35 102 104
143 33 96 95
144 37 110 109
145 44 132 136
146 50 160 157
147 48 146 150
148 68 220 217
149 51 165 163
150 55 179 177
151 54 174 171
152 58 188 185
153 63 208 201
154 66 209 204
155 7 114 117
156 20 195 192
157 9 126 129
158 23 225 223
159 13 153 156
160 11 139 143
161 4 85 83
162 2 71 70
163 1 76 78
164 5 100 103
165 5 98 100
166 7 112 114
167 9 129 134
168 16 164 162
169 11 143 148
170 23 223 224
171 16 167 164
172 18 181 178
173 18 178 176
174 20 192 190
175 21 215 212
176 21 212 216
177 113 115 111
178 197 194 199
179 117 121 119
180 216 219 222
181 140 145 142
182 127 131 128
183 94 90 92
184 80 75 77
185 83 81 80
186 99 101 97
187 89 93 91
188 103 107 105
189 128 130 125
190 156 158 159
191 142 144 138
192 205 213 210
193 168 166 170
194 182 180 184
195 170 172 173
196 184 186 187
197 199 203 206
198 196 202 198
199 122 118 120
200 187 191 189
201 125 123 122
202 210 214 207
203 152 149 147
204 138 135 133
205 86 88 89
206 73 74 76
207 84 82 86
208 108 104 106
209 97 95 94
210 111 109 108
211 141 136 139
212 154 157 152
213 155 150 153
214 218 217 211
215 159 163 161
216 173 177 175
217 169 171 167
218 183 185 181
219 198 201 195
220 207 204 200
221 118 116 115
222 191 193 194
223 123 124 121
224 214 221 219
225 149 151 145
226 135 137 131
227 88 87 90
228 74 72 75
229 82 79 81
230 104 102 101
231 95 96 93
232 109 110 107
233 136 132 130
234 157 160 158
235 150 146 144
236 217 220 213
237 163 165 166
238 177 179 180
239 171 174 172
240 185 188 186
241 201 208 203
242 204 209 202
243 117 114 116
244 192 195 193
245 129 126 124
246 223 225 221
247 156 153 151
248 143 139 137
249 83 85 87
250 70 71 72
251 78 76 79
252 103 100 102
253 100 98 96
254 114 112 110
255 134 129 132
256 162 164 160
257 148 143 146
258 224 223 220
259 164 167 165
260 178 181 179
261 176 178 174
262 190 192 188
263 212 215 208
264 216 212 209
265 115 37 111
266 194 61 199
267 121 40 119
268 219 69 222
269 145 47 142
270 131 43 128
271 90 30 92
272 75 26 77
273 81 27 80
274 101 33 97
275 93 32 91
276 107 36 105
277 130 41 125
278 158 51 159
279 144 45 138
280 213 67 210
281 166 53 170
282 180 57 184
283 172 55 173
284 186 59 187
285 203 65 206
286 202 63 198
287 118 38 120
288 191 60 189
289 123 39 122
290 214 66 207
291 149 46 147
292 135 42 133
293 88 31 89
294 74 27 76
295 82 29 86
296 104 34 106
297 95 31 94
298 109 35 108
299 136 43 139
300 157 49 152
301 150 47 153
302 217 64 211
303 163 52 161
304 177 56 175
305 171 53 167
306 185 57 181
307 201 61 195
308 204 62 200
309 116 37 115
310 193 61 194
311 124 40 121
312 221 69 219
313 151 47 145
314 137 43 131
315 87 30 90
316 72 26 75
317 79 27 81
318 102 33 101
319 96 32 93
320 110 36 107
321 132 41 130
322 160 51 158
323 146 45 144
324 220 67 213
325 165 53 166
326 179 57 180
327 174 55 172
328 188 59 186
329 208 65 203
330 209 63 202
331 114 37 116
332 195 61 193
333 126 40 124
334 225 69 221
335 153 47 151
336 139 43 137
337 85 30 87
338 71 26 72
339 76 27 79
340 100 33 102
341 98 32 96
342 112 36 110
343 129 41 132
344 164 51 160
345 143 45 146
346 223 67 220
347 167 53 165
348 181 57 179
349 178 55 174
350 192 59 188
351 215 65 208
352 212 63 209
