1 64 1466 1479
2 122 966 975
3 60 1500 1507
4 135 821 817
5 146 720 732
6 115 1020 1014
7 91 1224 1233
8 151 688 678
9 39 1737 1732
10 15 1963 1973
11 40 1677 1686
12 100 1129 1130
13 19 1923 1934
14 10 2018 2021
15 106 1112 1110
16 144 731 735
17 159 595 597
18 138 816 809
19 154 649 641
20 128 861 871
21 147 728 723
22 154 641 642
23 140 767 776
24 150 689 679
25 118 1002 1010
26 123 954 947
27 114 1040 1031
28 106 1110 1120
29 98 1199 1210
30 94 1227 1228
31 96 1169 1164
32 103 1118 1126
33 70 1461 1467
34 43 1673 1678
35 62 1537 1544
36 46 1685 1689
37 70 1462 1448
38 19 1934 1939
39 21 1931 1928
40 4 2047 2056
41 10 2040 2032
42 7 2033 2038
43 11 1998 2003
44 16 1951 1960
45 16 1960 1964
46 62 1538 1537
47 67 1475 1476
48 51 1611 1603
49 55 1574 1564
50 68 1439 1440
51 69 1499 1486
52 75 1387 1378
53 83 1308 1317
54 79 1349 1357
55 89 1316 1323
56 83 1317 1315
57 82 1356 1365
58 89 1329 1316
59 158 604 615
60 158 603 604
61 158 611 603
62 152 664 666
63 164 568 572
64 152 666 676
65 159 605 614
66 153 656 647
67 153 665 656
68 145 752 748
69 149 695 687
70 150 697 689
71 142 775 765
72 141 793 782
73 138 809 802
74 146 740 736
75 141 799 793
76 129 915 912
77 154 658 649
78 150 698 697
79 149 705 695
80 145 748 737
81 133 877 873
82 126 919 918
83 119 981 973
84 126 925 935
85 130 883 876
86 127 905 897
87 133 887 877
88 129 924 915
89 139 794 787
90 131 847 843
91 130 876 882
92 131 843 852
93 140 762 767
94 134 845 854
95 134 846 845
96 156 630 639
97 151 690 688
98 146 736 726
99 164 572 571
100 160 600 608
101 130 891 883
102 126 937 928
103 118 995 1002
104 126 935 937
105 114 1036 1045
106 114 1029 1036
107 124 914 922
108 127 903 905
109 115 1007 1016
110 123 945 954
111 131 859 847
112 128 871 874
113 124 922 913
114 118 1004 996
115 112 1034 1038
116 114 1045 1047
117 119 973 960
118 116 987 994
119 111 1059 1053
120 110 1075 1087
121 103 1119 1118
122 108 1069 1070
123 111 1057 1059
124 111 1048 1057
125 14 1975 1979
126 99 1170 1166
127 93 1278 1281
128 91 1222 1224
129 92 1202 1201
130 90 1264 1265
131 87 1259 1260
132 84 1267 1274
133 84 1274 1273
134 84 1255 1267
135 90 1271 1264
136 86 1310 1301
137 93 1287 1278
138 86 1301 1304
139 103 1137 1136
140 97 1245 1234
141 85 1355 1360
142 96 1159 1169
143 100 1113 1122
144 105 1145 1144
145 102 1174 1162
146 105 1157 1145
147 99 1147 1152
148 101 1194 1189
149 106 1132 1123
150 101 1200 1194
151 52 1566 1578
152 51 1625 1611
153 42 1741 1730
154 33 1838 1833
155 31 1803 1812
156 38 1768 1776
157 31 1812 1814
158 34 1805 1806
159 39 1716 1728
160 40 1663 1677
161 34 1788 1790
162 36 1714 1724
163 48 1608 1604
164 31 1795 1803
165 36 1724 1735
166 35 1767 1753
167 28 1829 1837
168 32 1772 1784
169 31 1813 1798
170 12 1994 1997
171 27 1853 1843
172 27 1850 1857
173 30 1844 1836
174 30 1841 1844
175 27 1857 1853
176 26 1876 1880
177 24 1883 1891
178 8 2015 2023
179 12 1985 1994
180 20 1924 1930
181 8 2023 2025
182 3 2066 2070
183 3 2070 2076
184 2 2083 2086
185 6 2064 2072
186 2 2086 2090
187 23 1898 1897
188 22 1910 1918
189 14 1996 1991
190 9 2052 2041
191 22 1905 1910
192 26 1866 1876
193 23 1890 1898
194 23 1881 1890
195 10 2021 2034
196 14 1979 1988
197 38 1776 1775
198 38 1758 1768
199 54 1614 1616
200 34 1800 1805
201 59 1553 1550
202 49 1701 1694
203 45 1727 1729
204 41 1761 1762
205 43 1678 1688
206 46 1705 1696
207 46 1706 1705
208 56 1527 1539
209 54 1623 1614
210 50 1659 1651
211 64 1479 1473
212 60 1507 1502
213 53 1652 1650
214 59 1534 1543
215 53 1661 1652
216 57 1622 1612
217 50 1651 1655
218 49 1694 1693
219 74 1415 1425
220 68 1427 1439
221 72 1369 1380
222 79 1357 1367
223 80 1320 1307
224 74 1422 1412
225 80 1311 1320
226 80 1303 1311
227 82 1345 1356
228 78 1383 1395
229 70 1449 1461
230 75 1370 1388
231 74 1425 1433
232 78 1395 1402
233 72 1392 1396
234 67 1464 1475
235 71 1421 1429
236 58 1577 1584
237 58 1576 1577
238 57 1612 1610
239 65 1529 1528
240 61 1571 1570
241 67 1476 1465
242 125 970 963
243 63 1516 1503
244 136 798 807
245 149 708 705
246 111 1046 1039
247 95 1206 1205
248 148 699 700
249 38 1766 1756
250 18 1956 1952
251 43 1697 1683
252 99 1158 1147
253 22 1918 1913
254 14 1988 1996
255 107 1088 1096
256 148 710 715
257 163 570 576
258 135 817 824
259 155 635 643
260 131 867 859
261 143 750 745
262 158 615 622
263 143 764 758
264 151 673 681
265 121 1006 999
266 118 996 986
267 111 1039 1048
268 110 1087 1089
269 101 1213 1200
270 95 1197 1206
271 95 1196 1186
272 107 1096 1097
273 73 1471 1463
274 44 1635 1643
275 66 1511 1513
276 47 1658 1665
277 67 1455 1464
278 18 1952 1942
279 17 1957 1950
280 7 2050 2044
281 6 2061 2060
282 11 2014 2016
283 15 1973 1978
284 19 1939 1936
285 15 1974 1965
286 63 1505 1518
287 66 1504 1494
288 48 1586 1600
289 52 1551 1566
290 67 1465 1457
291 66 1492 1501
292 71 1413 1409
293 86 1324 1310
294 82 1362 1352
295 90 1280 1289
296 82 1352 1341
297 85 1376 1363
298 86 1304 1318
299 161 594 590
300 162 577 584
301 159 597 605
302 156 639 646
303 163 576 569
304 155 652 651
305 158 619 611
306 154 642 653
307 150 679 680
308 141 782 773
309 150 680 691
310 147 709 712
311 139 781 785
312 138 802 808
313 139 785 796
314 142 765 761
315 137 833 825
316 130 890 899
317 151 671 673
318 146 726 719
319 146 719 720
320 142 761 763
321 134 854 862
322 127 893 903
323 115 1003 1000
324 129 932 924
325 131 852 865
326 123 930 926
327 130 882 890
328 126 918 925
329 136 792 798
330 132 815 830
331 135 835 844
332 136 807 813
333 144 743 747
334 138 820 823
335 135 824 835
336 159 614 613
337 147 716 709
338 143 745 749
339 159 602 593
340 159 613 602
341 127 886 893
342 122 959 958
343 122 975 976
344 125 963 952
345 117 1041 1033
346 118 1010 1011
347 123 947 930
348 126 928 919
349 118 1011 1004
350 122 976 959
351 128 851 861
352 127 897 888
353 119 960 955
354 115 1000 1007
355 111 1053 1046
356 113 1072 1062
357 116 969 978
358 115 1014 1003
359 107 1082 1079
360 113 1078 1072
361 104 1093 1102
362 107 1090 1082
363 110 1080 1071
364 114 1047 1040
365 18 1949 1956
366 98 1198 1190
367 94 1242 1251
368 92 1195 1202
369 91 1230 1222
370 91 1233 1243
371 88 1229 1238
372 87 1277 1268
373 83 1305 1295
374 88 1238 1237
375 87 1260 1269
376 83 1296 1308
377 90 1265 1280
378 87 1269 1279
379 102 1162 1156
380 94 1228 1242
381 86 1318 1327
382 99 1166 1158
383 104 1102 1100
384 106 1120 1128
385 98 1190 1191
386 102 1154 1161
387 100 1122 1129
388 102 1161 1175
389 102 1156 1154
390 98 1191 1199
391 55 1587 1574
392 47 1640 1645
393 38 1756 1758
394 29 1856 1855
395 34 1806 1801
396 41 1780 1769
397 30 1836 1827
398 33 1833 1822
399 43 1698 1697
400 44 1643 1639
401 35 1765 1770
402 40 1686 1687
403 47 1646 1640
404 35 1770 1771
405 39 1732 1723
406 32 1764 1772
407 31 1814 1813
408 35 1771 1767
409 28 1821 1829
410 11 2012 2004
411 24 1870 1873
412 26 1874 1863
413 26 1863 1860
414 29 1864 1856
415 23 1886 1878
416 25 1896 1887
417 23 1897 1886
418 11 2016 2012
419 15 1978 1974
420 19 1936 1926
421 7 2044 2036
422 7 2049 2050
423 6 2073 2069
424 6 2072 2073
425 9 2058 2052
426 5 2087 2085
427 19 1926 1919
428 21 1928 1920
429 10 2024 2018
430 6 2060 2064
431 25 1900 1896
432 29 1868 1864
433 22 1913 1902
434 26 1880 1874
435 13 2010 2006
436 17 1970 1966
437 37 1802 1796
438 42 1742 1741
439 55 1579 1588
440 37 1810 1802
441 58 1582 1576
442 46 1689 1699
443 46 1699 1706
444 42 1731 1742
445 47 1665 1660
446 42 1721 1722
447 45 1736 1727
448 59 1550 1540
449 51 1606 1619
450 47 1645 1658
451 63 1503 1498
452 59 1540 1530
453 54 1624 1636
454 63 1518 1516
455 50 1655 1662
456 54 1616 1624
457 51 1619 1627
458 50 1662 1675
459 78 1402 1399
460 71 1434 1423
461 76 1340 1343
462 78 1399 1379
463 75 1364 1358
464 71 1409 1421
465 79 1353 1334
466 83 1315 1305
467 86 1327 1324
468 82 1365 1362
469 74 1433 1432
470 79 1367 1353
471 77 1442 1428
472 81 1407 1398
473 71 1423 1413
474 70 1469 1462
475 74 1432 1422
476 62 1555 1557
477 59 1543 1553
478 58 1584 1596
479 66 1501 1511
480 62 1544 1555
481 402 1477 1478
482 270 972 974
483 411 1512 1509
484 231 803 810
485 203 714 724
486 287 1035 1023
487 335 1216 1225
488 199 693 686
489 475 1755 1747
490 531 1961 1967
491 457 1695 1691
492 315 1148 1139
493 521 1922 1927
494 544 1999 2011
495 306 1094 1104
496 206 718 725
497 170 578 586
498 232 814 811
499 186 637 638
500 241 869 870
501 210 741 733
502 182 623 634
503 217 769 772
504 196 674 677
505 279 1008 1009
506 271 980 964
507 290 1037 1032
508 305 1095 1107
509 332 1212 1211
510 336 1207 1217
511 326 1184 1176
512 308 1106 1116
513 400 1470 1468
514 452 1648 1664
515 418 1523 1533
516 456 1667 1679
517 401 1453 1451
518 525 1947 1943
519 527 1946 1938
520 554 2051 2054
521 555 2053 2043
522 549 2022 2030
523 539 1983 1992
524 528 1945 1954
525 532 1972 1968
526 419 1517 1525
527 407 1495 1484
528 440 1592 1598
529 430 1559 1560
530 397 1458 1447
531 410 1490 1489
532 383 1401 1390
533 360 1322 1319
534 370 1361 1359
535 358 1292 1306
536 366 1339 1328
537 374 1373 1371
538 363 1309 1312
539 173 599 606
540 172 585 596
541 176 598 601
542 188 648 657
543 165 575 573
544 189 659 668
545 176 618 616
546 187 644 645
547 193 672 663
548 218 770 760
549 198 683 685
550 201 702 694
551 221 777 771
552 226 795 789
553 227 791 797
554 213 756 746
555 230 818 805
556 254 898 906
557 191 662 655
558 202 717 707
559 203 711 703
560 215 754 744
561 244 858 864
562 256 902 909
563 277 992 983
564 260 933 934
565 246 860 868
566 257 920 907
567 250 881 879
568 260 917 916
569 225 790 788
570 236 826 834
571 242 853 866
572 234 822 837
573 214 751 759
574 235 829 841
575 238 832 839
576 179 621 631
577 200 706 696
578 211 739 734
579 169 591 580
580 174 612 609
581 251 885 884
582 265 950 940
583 275 984 993
584 264 953 944
585 288 1043 1044
586 285 1019 1028
587 259 939 931
588 256 921 911
589 281 1013 1015
590 266 968 961
591 241 850 848
592 248 889 880
593 262 946 929
594 281 998 997
595 289 1049 1042
596 293 1063 1056
597 272 967 965
598 278 1005 1001
599 297 1073 1064
600 298 1081 1083
601 309 1101 1109
602 299 1084 1077
603 296 1074 1067
604 290 1050 1054
605 533 1959 1969
606 327 1188 1178
607 348 1252 1266
608 334 1203 1215
609 334 1221 1214
610 346 1244 1253
611 344 1239 1249
612 349 1276 1275
613 354 1294 1284
614 343 1247 1257
615 351 1261 1263
616 360 1298 1300
617 353 1270 1272
618 356 1282 1290
619 319 1155 1143
620 342 1231 1232
621 369 1332 1346
622 321 1167 1168
623 307 1108 1115
624 314 1127 1138
625 328 1180 1173
626 320 1151 1146
627 315 1131 1141
628 329 1172 1179
629 317 1142 1133
630 332 1192 1193
631 430 1583 1580
632 445 1628 1621
633 476 1749 1740
634 501 1846 1839
635 490 1809 1811
636 481 1778 1777
637 495 1828 1819
638 492 1823 1816
639 465 1707 1718
640 451 1656 1666
641 483 1773 1783
642 464 1700 1713
643 444 1633 1618
644 484 1782 1791
645 470 1733 1734
646 482 1763 1757
647 496 1820 1830
648 482 1779 1781
649 496 1815 1804
650 542 2005 2000
651 506 1862 1852
652 504 1867 1861
653 503 1854 1845
654 502 1858 1849
655 508 1877 1865
656 511 1889 1885
657 512 1895 1893
658 545 2019 2020
659 538 1984 1990
660 522 1935 1933
661 550 2037 2031
662 557 2057 2065
663 561 2074 2075
664 563 2078 2082
665 558 2063 2068
666 565 2088 2089
667 519 1917 1906
668 520 1925 1921
669 544 2013 2001
670 558 2055 2048
671 515 1903 1907
672 507 1869 1872
673 514 1908 1901
674 510 1882 1888
675 546 2017 2026
676 534 1976 1981
677 486 1794 1785
678 476 1750 1759
679 437 1589 1602
680 489 1808 1807
681 428 1572 1562
682 462 1690 1692
683 468 1708 1719
684 477 1743 1751
685 455 1676 1680
686 467 1715 1704
687 468 1726 1717
688 420 1546 1542
689 442 1607 1609
690 453 1647 1649
691 409 1493 1483
692 415 1526 1514
693 449 1634 1642
694 417 1524 1535
695 454 1654 1653
696 443 1615 1613
697 447 1629 1641
698 460 1674 1682
699 387 1408 1418
700 391 1435 1437
701 373 1354 1368
702 376 1386 1377
703 368 1347 1326
704 390 1410 1411
705 364 1344 1330
706 359 1314 1313
707 367 1337 1348
708 377 1375 1384
709 394 1443 1450
710 375 1374 1381
711 392 1438 1436
712 382 1406 1405
713 385 1414 1404
714 401 1472 1474
715 390 1431 1430
716 429 1563 1575
717 428 1554 1565
718 438 1593 1601
719 416 1510 1520
720 427 1552 1561
721 408 1497 1485
722 273 989 982
723 417 1534 1522
724 225 794 801
725 205 729 727
726 289 1034 1030
727 336 1227 1226
728 197 682 684
729 480 1765 1754
730 533 1975 1971
731 465 1716 1703
732 321 1159 1149
733 523 1937 1932
734 540 1995 2002
735 301 1080 1092
736 204 716 721
737 166 574 579
738 228 800 806
739 181 619 629
740 247 886 878
741 212 743 738
742 177 617 625
743 219 781 778
744 191 658 669
745 282 1024 1017
746 276 979 971
747 287 1020 1027
748 304 1103 1105
749 339 1235 1223
750 331 1198 1208
751 330 1195 1183
752 306 1112 1114
753 404 1487 1480
754 446 1646 1657
755 416 1529 1531
756 453 1659 1669
757 396 1434 1444
758 531 1963 1953
759 530 1949 1944
760 557 2066 2059
761 556 2049 2046
762 547 2024 2028
763 536 1980 1987
764 529 1958 1955
765 538 1985 1977
766 412 1504 1515
767 412 1505 1496
768 431 1568 1585
769 422 1532 1547
770 402 1466 1459
771 406 1469 1481
772 385 1392 1391
773 367 1345 1331
774 377 1383 1372
775 353 1287 1297
776 370 1349 1338
777 380 1394 1382
778 357 1285 1299
779 175 610 607
780 168 581 587
781 171 582 592
782 185 640 650
783 170 595 583
784 190 671 670
785 181 635 624
786 183 626 636
787 192 660 661
788 220 774 766
789 193 665 675
790 200 690 692
791 219 764 768
792 224 780 784
793 221 775 786
794 216 757 753
795 233 820 812
796 250 887 895
797 190 652 654
798 207 722 713
799 202 698 701
800 213 740 742
801 240 842 856
802 251 891 901
803 278 987 985
804 263 951 942
805 239 836 855
806 259 914 910
807 245 863 872
808 255 900 908
809 223 779 783
810 229 804 819
811 238 846 857
812 231 821 828
813 212 750 755
814 233 833 838
815 232 816 827
816 180 633 632
817 204 710 704
818 210 728 730
819 174 600 589
820 179 630 620
821 247 867 875
822 266 945 941
823 274 990 991
824 270 966 956
825 292 1060 1052
826 283 1025 1026
827 268 962 948
828 261 936 923
829 285 1029 1021
830 275 995 977
831 237 831 840
832 252 904 892
833 267 943 938
834 277 981 988
835 294 1058 1051
836 298 1075 1065
837 269 949 957
838 284 1022 1012
839 299 1069 1066
840 302 1098 1091
841 303 1090 1099
842 303 1093 1085
843 301 1088 1076
844 295 1068 1061
845 530 1957 1962
846 331 1197 1187
847 342 1245 1254
848 330 1196 1204
849 340 1229 1219
850 341 1236 1246
851 340 1230 1240
852 355 1296 1286
853 359 1303 1293
854 344 1259 1258
855 345 1241 1250
856 355 1277 1288
857 347 1248 1262
858 351 1271 1283
859 322 1160 1153
860 337 1209 1220
861 363 1329 1336
862 325 1185 1177
863 309 1119 1117
864 310 1111 1124
865 327 1170 1171
866 317 1132 1140
867 311 1125 1134
868 320 1157 1165
869 319 1137 1135
870 328 1174 1181
871 435 1606 1595
872 444 1608 1617
873 475 1737 1738
874 502 1841 1840
875 493 1826 1818
876 487 1797 1786
877 499 1842 1831
878 498 1834 1825
879 466 1721 1720
880 452 1673 1668
881 480 1766 1774
882 463 1711 1712
883 446 1635 1626
884 483 1788 1789
885 473 1752 1746
886 478 1739 1748
887 497 1835 1832
888 484 1795 1787
889 491 1793 1799
890 545 2015 2007
891 505 1848 1851
892 510 1881 1871
893 504 1850 1847
894 507 1866 1859
895 512 1883 1875
896 515 1905 1894
897 517 1914 1904
898 549 2033 2027
899 539 1998 1993
900 528 1951 1941
901 554 2047 2039
902 556 2061 2062
903 563 2083 2079
904 562 2080 2081
905 560 2077 2071
906 566 2092 2091
907 522 1924 1916
908 524 1940 1929
909 547 2014 2008
910 555 2040 2045
911 518 1915 1909
912 509 1884 1879
913 521 1923 1912
914 513 1899 1892
915 548 2035 2029
916 537 1989 1986
917 489 1800 1792
918 477 1761 1760
919 432 1582 1594
920 494 1824 1817
921 432 1579 1569
922 458 1671 1681
923 462 1701 1709
924 472 1736 1744
925 456 1685 1684
926 466 1698 1702
927 472 1731 1725
928 425 1567 1558
929 435 1587 1599
930 445 1625 1638
931 411 1500 1491
932 420 1527 1521
933 443 1622 1631
934 419 1538 1536
935 450 1637 1644
936 439 1597 1605
937 442 1623 1632
938 454 1661 1672
939 388 1424 1420
940 396 1455 1445
941 372 1364 1366
942 387 1415 1397
943 372 1340 1333
944 383 1387 1400
945 375 1370 1350
946 365 1335 1325
947 369 1355 1351
948 378 1389 1385
949 395 1454 1452
950 381 1403 1393
951 399 1456 1446
952 389 1426 1416
953 391 1427 1417
954 406 1492 1482
955 394 1449 1441
956 427 1571 1573
957 423 1545 1556
958 433 1581 1591
959 410 1499 1508
960 421 1541 1549
961 402 1478 1466
962 270 974 966
963 411 1509 1500
964 231 810 821
965 203 724 720
966 287 1023 1020
967 335 1225 1224
968 199 686 688
969 475 1747 1737
970 531 1967 1963
971 457 1691 1677
972 315 1139 1129
973 521 1927 1923
974 544 2011 2018
975 306 1104 1112
976 206 725 731
977 170 586 595
978 232 811 816
979 186 638 649
980 241 870 861
981 210 733 728
982 182 634 641
983 217 772 767
984 196 677 689
985 279 1009 1002
986 271 964 954
987 290 1032 1040
988 305 1107 1110
989 332 1211 1199
990 336 1217 1227
991 326 1176 1169
992 308 1116 1118
993 400 1468 1461
994 452 1664 1673
995 418 1533 1537
996 456 1679 1685
997 401 1451 1462
998 525 1943 1934
999 527 1938 1931
1000 554 2054 2047
1001 555 2043 2040
1002 549 2030 2033
1003 539 1992 1998
1004 528 1954 1951
1005 532 1968 1960
1006 419 1525 1538
1007 407 1484 1475
1008 440 1598 1611
1009 430 1560 1574
1010 397 1447 1439
1011 410 1489 1499
1012 383 1390 1387
1013 360 1319 1308
1014 370 1359 1349
1015 358 1306 1316
1016 366 1328 1317
1017 374 1371 1356
1018 363 1312 1329
1019 173 606 604
1020 172 596 603
1021 176 601 611
1022 188 657 664
1023 165 573 568
1024 189 668 666
1025 176 616 605
1026 187 645 656
1027 193 663 665
1028 218 760 752
1029 198 685 695
1030 201 694 697
1031 221 771 775
1032 226 789 793
1033 227 797 809
1034 213 746 740
1035 230 805 799
1036 254 906 915
1037 191 655 658
1038 202 707 698
1039 203 703 705
1040 215 744 748
1041 244 864 877
1042 256 909 919
1043 277 983 981
1044 260 934 925
1045 246 868 883
1046 257 907 905
1047 250 879 887
1048 260 916 924
1049 225 788 794
1050 236 834 847
1051 242 866 876
1052 234 837 843
1053 214 759 762
1054 235 841 845
1055 238 839 846
1056 179 631 630
1057 200 696 690
1058 211 734 736
1059 169 580 572
1060 174 609 600
1061 251 884 891
1062 265 940 937
1063 275 993 995
1064 264 944 935
1065 288 1044 1036
1066 285 1028 1029
1067 259 931 914
1068 256 911 903
1069 281 1015 1007
1070 266 961 945
1071 241 848 859
1072 248 880 871
1073 262 929 922
1074 281 997 1004
1075 289 1042 1034
1076 293 1056 1045
1077 272 965 973
1078 278 1001 987
1079 297 1064 1059
1080 298 1083 1075
1081 309 1109 1119
1082 299 1077 1069
1083 296 1067 1057
1084 290 1054 1048
1085 533 1969 1975
1086 327 1178 1170
1087 348 1266 1278
1088 334 1215 1222
1089 334 1214 1202
1090 346 1253 1264
1091 344 1249 1259
1092 349 1275 1267
1093 354 1284 1274
1094 343 1257 1255
1095 351 1263 1271
1096 360 1300 1310
1097 353 1272 1287
1098 356 1290 1301
1099 319 1143 1137
1100 342 1232 1245
1101 369 1346 1355
1102 321 1168 1159
1103 307 1115 1113
1104 314 1138 1145
1105 328 1173 1174
1106 320 1146 1157
1107 315 1141 1147
1108 329 1179 1194
1109 317 1133 1132
1110 332 1193 1200
1111 430 1580 1566
1112 445 1621 1625
1113 476 1740 1741
1114 501 1839 1838
1115 490 1811 1803
1116 481 1777 1768
1117 495 1819 1812
1118 492 1816 1805
1119 465 1718 1716
1120 451 1666 1663
1121 483 1783 1788
1122 464 1713 1714
1123 444 1618 1608
1124 484 1791 1795
1125 470 1734 1724
1126 482 1757 1767
1127 496 1830 1829
1128 482 1781 1772
1129 496 1804 1813
1130 542 2000 1994
1131 506 1852 1853
1132 504 1861 1850
1133 503 1845 1844
1134 502 1849 1841
1135 508 1865 1857
1136 511 1885 1876
1137 512 1893 1883
1138 545 2020 2015
1139 538 1990 1985
1140 522 1933 1924
1141 550 2031 2023
1142 557 2065 2066
1143 561 2075 2070
1144 563 2082 2083
1145 558 2068 2064
1146 565 2089 2086
1147 519 1906 1898
1148 520 1921 1910
1149 544 2001 1996
1150 558 2048 2052
1151 515 1907 1905
1152 507 1872 1866
1153 514 1901 1890
1154 510 1888 1881
1155 546 2026 2021
1156 534 1981 1979
1157 486 1785 1776
1158 476 1759 1758
1159 437 1602 1614
1160 489 1807 1800
1161 428 1562 1553
1162 462 1692 1701
1163 468 1719 1727
1164 477 1751 1761
1165 455 1680 1678
1166 467 1704 1705
1167 468 1717 1706
1168 420 1542 1527
1169 442 1609 1623
1170 453 1649 1659
1171 409 1483 1479
1172 415 1514 1507
1173 449 1642 1652
1174 417 1535 1534
1175 454 1653 1661
1176 443 1613 1622
1177 447 1641 1651
1178 460 1682 1694
1179 387 1418 1415
1180 391 1437 1427
1181 373 1368 1369
1182 376 1377 1357
1183 368 1326 1320
1184 390 1411 1422
1185 364 1330 1311
1186 359 1313 1303
1187 367 1348 1345
1188 377 1384 1383
1189 394 1450 1449
1190 375 1381 1370
1191 392 1436 1425
1192 382 1405 1395
1193 385 1404 1392
1194 401 1474 1464
1195 390 1430 1421
1196 429 1575 1577
1197 428 1565 1576
1198 438 1601 1612
1199 416 1520 1529
1200 427 1561 1571
1201 408 1477 1476
1202 273 972 970
1203 417 1512 1516
1204 225 803 798
1205 205 714 708
1206 289 1035 1046
1207 336 1216 1206
1208 197 693 699
1209 480 1755 1766
1210 533 1961 1956
1211 465 1695 1697
1212 321 1148 1158
1213 523 1922 1918
1214 540 1999 1988
1215 301 1094 1088
1216 204 718 710
1217 166 578 570
1218 228 814 817
1219 181 637 635
1220 247 869 867
1221 212 741 750
1222 177 623 615
1223 219 769 764
1224 191 674 673
1225 282 1008 1006
1226 276 980 996
1227 287 1037 1039
1228 304 1095 1087
1229 339 1212 1213
1230 331 1207 1197
1231 330 1184 1196
1232 306 1106 1096
1233 404 1470 1471
1234 446 1648 1635
1235 416 1523 1511
1236 453 1667 1658
1237 396 1453 1455
1238 531 1947 1952
1239 530 1946 1957
1240 557 2051 2050
1241 556 2053 2061
1242 547 2022 2014
1243 536 1983 1973
1244 529 1945 1939
1245 538 1972 1974
1246 412 1517 1505
1247 412 1495 1504
1248 431 1592 1586
1249 422 1559 1551
1250 402 1458 1465
1251 406 1490 1492
1252 385 1401 1413
1253 367 1322 1324
1254 377 1361 1362
1255 353 1292 1280
1256 370 1339 1352
1257 380 1373 1376
1258 357 1309 1304
1259 175 599 594
1260 168 585 577
1261 171 598 597
1262 185 648 639
1263 170 575 576
1264 190 659 652
1265 181 618 619
1266 183 644 642
1267 192 672 679
1268 220 770 782
1269 193 683 680
1270 200 702 709
1271 219 777 781
1272 224 795 802
1273 221 791 785
1274 216 756 765
1275 233 818 833
1276 250 898 890
1277 190 662 671
1278 207 717 726
1279 202 711 719
1280 213 754 761
1281 240 858 854
1282 251 902 893
1283 278 992 1003
1284 263 933 932
1285 239 860 852
1286 259 920 930
1287 245 881 882
1288 255 917 918
1289 223 790 792
1290 229 826 815
1291 238 853 835
1292 231 822 807
1293 212 751 743
1294 233 829 820
1295 232 832 824
1296 180 621 614
1297 204 706 716
1298 210 739 745
1299 174 591 602
1300 179 612 613
1301 247 885 886
1302 266 950 959
1303 274 984 975
1304 270 953 963
1305 292 1043 1041
1306 283 1019 1010
1307 268 939 947
1308 261 921 928
1309 285 1013 1011
1310 275 968 976
1311 237 850 851
1312 252 889 897
1313 267 946 960
1314 277 998 1000
1315 294 1049 1053
1316 298 1063 1072
1317 269 967 969
1318 284 1005 1014
1319 299 1073 1082
1320 302 1081 1078
1321 303 1101 1093
1322 303 1084 1090
1323 301 1074 1080
1324 295 1050 1047
1325 530 1959 1949
1326 331 1188 1198
1327 342 1252 1242
1328 330 1203 1195
1329 340 1221 1230
1330 341 1244 1233
1331 340 1239 1229
1332 355 1276 1277
1333 359 1294 1305
1334 344 1247 1238
1335 345 1261 1260
1336 355 1298 1296
1337 347 1270 1265
1338 351 1282 1269
1339 322 1155 1162
1340 337 1231 1228
1341 363 1332 1318
1342 325 1167 1166
1343 309 1108 1102
1344 310 1127 1120
1345 327 1180 1190
1346 317 1151 1154
1347 311 1131 1122
1348 320 1172 1161
1349 319 1142 1156
1350 328 1192 1191
1351 435 1583 1587
1352 444 1628 1640
1353 475 1749 1756
1354 502 1846 1856
1355 493 1809 1806
1356 487 1778 1780
1357 499 1828 1836
1358 498 1823 1833
1359 466 1707 1698
1360 452 1656 1643
1361 480 1773 1765
1362 463 1700 1686
1363 446 1633 1646
1364 483 1782 1770
1365 473 1733 1732
1366 478 1763 1764
1367 497 1820 1814
1368 484 1779 1771
1369 491 1815 1821
1370 545 2005 2012
1371 505 1862 1870
1372 510 1867 1874
1373 504 1854 1863
1374 507 1858 1864
1375 512 1877 1886
1376 515 1889 1896
1377 517 1895 1897
1378 549 2019 2016
1379 539 1984 1978
1380 528 1935 1936
1381 554 2037 2044
1382 556 2057 2049
1383 563 2074 2073
1384 562 2078 2072
1385 560 2063 2058
1386 566 2088 2087
1387 522 1917 1926
1388 524 1925 1928
1389 547 2013 2024
1390 555 2055 2060
1391 518 1903 1900
1392 509 1869 1868
1393 521 1908 1913
1394 513 1882 1880
1395 548 2017 2010
1396 537 1976 1970
1397 489 1794 1802
1398 477 1750 1742
1399 432 1589 1579
1400 494 1808 1810
1401 432 1572 1582
1402 458 1690 1689
1403 462 1708 1699
1404 472 1743 1731
1405 456 1676 1665
1406 466 1715 1721
1407 472 1726 1736
1408 425 1546 1550
1409 435 1607 1606
1410 445 1647 1645
1411 411 1493 1503
1412 420 1526 1540
1413 443 1634 1624
1414 419 1524 1518
1415 450 1654 1655
1416 439 1615 1616
1417 442 1629 1619
1418 454 1674 1662
1419 388 1408 1402
1420 396 1435 1434
1421 372 1354 1340
1422 387 1386 1399
1423 372 1347 1364
1424 383 1410 1409
1425 375 1344 1353
1426 365 1314 1315
1427 369 1337 1327
1428 378 1375 1365
1429 395 1443 1433
1430 381 1374 1367
1431 399 1438 1442
1432 389 1406 1407
1433 391 1414 1423
1434 406 1472 1469
1435 394 1431 1432
1436 427 1563 1555
1437 423 1554 1543
1438 433 1593 1584
1439 410 1510 1501
1440 421 1552 1544
1441 408 1485 1477
1442 273 982 972
1443 417 1522 1512
1444 225 801 803
1445 205 727 714
1446 289 1030 1035
1447 336 1226 1216
1448 197 684 693
1449 480 1754 1755
1450 533 1971 1961
1451 465 1703 1695
1452 321 1149 1148
1453 523 1932 1922
1454 540 2002 1999
1455 301 1092 1094
1456 204 721 718
1457 166 579 578
1458 228 806 814
1459 181 629 637
1460 247 878 869
1461 212 738 741
1462 177 625 623
1463 219 778 769
1464 191 669 674
1465 282 1017 1008
1466 276 971 980
1467 287 1027 1037
1468 304 1105 1095
1469 339 1223 1212
1470 331 1208 1207
1471 330 1183 1184
1472 306 1114 1106
1473 404 1480 1470
1474 446 1657 1648
1475 416 1531 1523
1476 453 1669 1667
1477 396 1444 1453
1478 531 1953 1947
1479 530 1944 1946
1480 557 2059 2051
1481 556 2046 2053
1482 547 2028 2022
1483 536 1987 1983
1484 529 1955 1945
1485 538 1977 1972
1486 412 1515 1517
1487 412 1496 1495
1488 431 1585 1592
1489 422 1547 1559
1490 402 1459 1458
1491 406 1481 1490
1492 385 1391 1401
1493 367 1331 1322
1494 377 1372 1361
1495 353 1297 1292
1496 370 1338 1339
1497 380 1382 1373
1498 357 1299 1309
1499 175 607 599
1500 168 587 585
1501 171 592 598
1502 185 650 648
1503 170 583 575
1504 190 670 659
1505 181 624 618
1506 183 636 644
1507 192 661 672
1508 220 766 770
1509 193 675 683
1510 200 692 702
1511 219 768 777
1512 224 784 795
1513 221 786 791
1514 216 753 756
1515 233 812 818
1516 250 895 898
1517 190 654 662
1518 207 713 717
1519 202 701 711
1520 213 742 754
1521 240 856 858
1522 251 901 902
1523 278 985 992
1524 263 942 933
1525 239 855 860
1526 259 910 920
1527 245 872 881
1528 255 908 917
1529 223 783 790
1530 229 819 826
1531 238 857 853
1532 231 828 822
1533 212 755 751
1534 233 838 829
1535 232 827 832
1536 180 632 621
1537 204 704 706
1538 210 730 739
1539 174 589 591
1540 179 620 612
1541 247 875 885
1542 266 941 950
1543 274 991 984
1544 270 956 953
1545 292 1052 1043
1546 283 1026 1019
1547 268 948 939
1548 261 923 921
1549 285 1021 1013
1550 275 977 968
1551 237 840 850
1552 252 892 889
1553 267 938 946
1554 277 988 998
1555 294 1051 1049
1556 298 1065 1063
1557 269 957 967
1558 284 1012 1005
1559 299 1066 1073
1560 302 1091 1081
1561 303 1099 1101
1562 303 1085 1084
1563 301 1076 1074
1564 295 1061 1050
1565 530 1962 1959
1566 331 1187 1188
1567 342 1254 1252
1568 330 1204 1203
1569 340 1219 1221
1570 341 1246 1244
1571 340 1240 1239
1572 355 1286 1276
1573 359 1293 1294
1574 344 1258 1247
1575 345 1250 1261
1576 355 1288 1298
1577 347 1262 1270
1578 351 1283 1282
1579 322 1153 1155
1580 337 1220 1231
1581 363 1336 1332
1582 325 1177 1167
1583 309 1117 1108
1584 310 1124 1127
1585 327 1171 1180
1586 317 1140 1151
1587 311 1134 1131
1588 320 1165 1172
1589 319 1135 1142
1590 328 1181 1192
1591 435 1595 1583
1592 444 1617 1628
1593 475 1738 1749
1594 502 1840 1846
1595 493 1818 1809
1596 487 1786 1778
1597 499 1831 1828
1598 498 1825 1823
1599 466 1720 1707
1600 452 1668 1656
1601 480 1774 1773
1602 463 1712 1700
1603 446 1626 1633
1604 483 1789 1782
1605 473 1746 1733
1606 478 1748 1763
1607 497 1832 1820
1608 484 1787 1779
1609 491 1799 1815
1610 545 2007 2005
1611 505 1851 1862
1612 510 1871 1867
1613 504 1847 1854
1614 507 1859 1858
1615 512 1875 1877
1616 515 1894 1889
1617 517 1904 1895
1618 549 2027 2019
1619 539 1993 1984
1620 528 1941 1935
1621 554 2039 2037
1622 556 2062 2057
1623 563 2079 2074
1624 562 2081 2078
1625 560 2071 2063
1626 566 2091 2088
1627 522 1916 1917
1628 524 1929 1925
1629 547 2008 2013
1630 555 2045 2055
1631 518 1909 1903
1632 509 1879 1869
1633 521 1912 1908
1634 513 1892 1882
1635 548 2029 2017
1636 537 1986 1976
1637 489 1792 1794
1638 477 1760 1750
1639 432 1594 1589
1640 494 1817 1808
1641 432 1569 1572
1642 458 1681 1690
1643 462 1709 1708
1644 472 1744 1743
1645 456 1684 1676
1646 466 1702 1715
1647 472 1725 1726
1648 425 1558 1546
1649 435 1599 1607
1650 445 1638 1647
1651 411 1491 1493
1652 420 1521 1526
1653 443 1631 1634
1654 419 1536 1524
1655 450 1644 1654
1656 439 1605 1615
1657 442 1632 1629
1658 454 1672 1674
1659 388 1420 1408
1660 396 1445 1435
1661 372 1366 1354
1662 387 1397 1386
1663 372 1333 1347
1664 383 1400 1410
1665 375 1350 1344
1666 365 1325 1314
1667 369 1351 1337
1668 378 1385 1375
1669 395 1452 1443
1670 381 1393 1374
1671 399 1446 1438
1672 389 1416 1406
1673 391 1417 1414
1674 406 1482 1472
1675 394 1441 1431
1676 427 1573 1563
1677 423 1556 1554
1678 433 1591 1593
1679 410 1508 1510
1680 421 1549 1552
1681 63 1498 1497
1682 121 990 989
1683 59 1530 1534
1684 139 800 794
1685 145 737 729
1686 112 1022 1034
1687 94 1236 1227
1688 152 676 682
1689 35 1752 1765
1690 14 1980 1975
1691 39 1711 1716
1692 96 1150 1159
1693 18 1942 1937
1694 13 2006 1995
1695 110 1089 1080
1696 147 723 716
1697 162 582 574
1698 139 796 800
1699 158 622 619
1700 127 888 886
1701 144 735 743
1702 157 626 617
1703 139 787 781
1704 154 660 658
1705 117 1025 1024
1706 119 962 979
1707 115 1016 1020
1708 109 1111 1103
1709 97 1234 1235
1710 98 1209 1198
1711 92 1182 1195
1712 106 1123 1112
1713 69 1486 1487
1714 47 1660 1646
1715 65 1541 1529
1716 50 1671 1659
1717 71 1429 1434
1718 15 1958 1963
1719 18 1940 1949
1720 3 2067 2066
1721 7 2038 2049
1722 10 2032 2024
1723 14 1991 1980
1724 15 1965 1958
1725 12 1982 1985
1726 66 1513 1504
1727 63 1497 1505
1728 52 1578 1568
1729 56 1539 1532
1730 64 1460 1466
1731 70 1467 1469
1732 72 1380 1392
1733 82 1341 1345
1734 78 1379 1383
1735 93 1302 1287
1736 79 1335 1349
1737 81 1389 1394
1738 90 1289 1285
1739 157 617 610
1740 161 590 581
1741 162 584 582
1742 155 651 640
1743 159 593 595
1744 151 678 671
1745 155 633 635
1746 157 628 626
1747 154 653 660
1748 142 763 774
1749 153 667 665
1750 151 681 690
1751 143 757 764
1752 142 774 780
1753 142 780 775
1754 143 749 757
1755 138 808 820
1756 133 894 887
1757 155 643 652
1758 147 712 722
1759 150 691 698
1760 146 732 740
1761 137 849 842
1762 130 900 891
1763 116 978 987
1764 125 952 951
1765 135 844 836
1766 124 904 914
1767 134 862 863
1768 130 899 900
1769 140 776 779
1770 136 813 804
1771 134 863 846
1772 135 836 821
1773 143 758 750
1774 137 842 833
1775 138 823 816
1776 155 640 633
1777 148 700 710
1778 147 722 728
1779 160 588 600
1780 156 627 630
1781 131 865 867
1782 123 936 945
1783 121 999 990
1784 122 958 966
1785 113 1062 1060
1786 117 1033 1025
1787 119 955 962
1788 123 926 936
1789 114 1031 1029
1790 118 986 995
1791 132 830 831
1792 124 896 904
1793 120 927 943
1794 119 979 981
1795 108 1055 1058
1796 110 1068 1075
1797 120 943 949
1798 112 1018 1022
1799 108 1058 1069
1800 109 1103 1098
1801 107 1097 1090
1802 104 1086 1093
1803 107 1079 1088
1804 110 1071 1068
1805 17 1966 1957
1806 95 1185 1197
1807 97 1256 1245
1808 95 1205 1196
1809 88 1218 1229
1810 94 1248 1236
1811 91 1241 1230
1812 83 1295 1296
1813 80 1291 1303
1814 87 1268 1259
1815 91 1243 1241
1816 87 1279 1277
1817 94 1251 1248
1818 90 1285 1271
1819 99 1152 1160
1820 98 1210 1209
1821 89 1342 1329
1822 95 1186 1185
1823 103 1125 1119
1824 109 1121 1111
1825 99 1160 1170
1826 106 1128 1132
1827 103 1136 1125
1828 105 1163 1157
1829 103 1126 1137
1830 102 1175 1174
1831 51 1603 1606
1832 48 1600 1608
1833 39 1728 1737
1834 30 1834 1841
1835 30 1827 1826
1836 37 1796 1797
1837 27 1835 1842
1838 30 1826 1834
1839 42 1730 1721
1840 43 1683 1673
1841 38 1775 1766
1842 39 1723 1711
1843 44 1620 1635
1844 34 1801 1788
1845 35 1753 1752
1846 36 1735 1739
1847 27 1843 1835
1848 31 1798 1795
1849 32 1784 1793
1850 8 2009 2015
1851 28 1837 1848
1852 23 1878 1881
1853 27 1842 1850
1854 26 1860 1866
1855 24 1873 1883
1856 22 1899 1905
1857 20 1911 1914
1858 7 2036 2033
1859 11 2004 1998
1860 16 1948 1951
1861 4 2042 2047
1862 6 2069 2061
1863 2 2084 2083
1864 5 2085 2080
1865 5 2080 2077
1866 1 2093 2092
1867 20 1914 1924
1868 18 1937 1940
1869 11 2003 2014
1870 10 2034 2040
1871 21 1920 1915
1872 25 1887 1884
1873 19 1919 1923
1874 22 1902 1899
1875 9 2041 2035
1876 13 1995 1989
1877 34 1790 1800
1878 41 1769 1761
1879 58 1597 1582
1880 33 1822 1824
1881 55 1567 1579
1882 50 1675 1671
1883 49 1710 1701
1884 45 1745 1736
1885 46 1696 1685
1886 43 1688 1698
1887 42 1722 1731
1888 55 1564 1567
1889 55 1588 1587
1890 51 1627 1625
1891 60 1488 1500
1892 56 1519 1527
1893 57 1630 1622
1894 62 1545 1538
1895 54 1636 1637
1896 58 1596 1597
1897 54 1637 1623
1898 53 1670 1661
1899 77 1428 1424
1900 67 1457 1455
1901 75 1378 1364
1902 74 1403 1415
1903 76 1321 1340
1904 75 1388 1387
1905 75 1358 1370
1906 79 1334 1335
1907 85 1363 1355
1908 81 1398 1389
1909 73 1463 1454
1910 74 1412 1403
1911 73 1454 1456
1912 77 1424 1426
1913 68 1419 1427
1914 66 1494 1492
1915 70 1448 1449
1916 61 1581 1571
1917 62 1557 1545
1918 61 1590 1581
1919 69 1506 1499
1920 65 1548 1541
1921 1466 1478 1479
1922 966 974 975
1923 1500 1509 1507
1924 821 810 817
1925 720 724 732
1926 1020 1023 1014
1927 1224 1225 1233
1928 688 686 678
1929 1737 1747 1732
1930 1963 1967 1973
1931 1677 1691 1686
1932 1129 1139 1130
1933 1923 1927 1934
1934 2018 2011 2021
1935 1112 1104 1110
1936 731 725 735
1937 595 586 597
1938 816 811 809
1939 649 638 641
1940 861 870 871
1941 728 733 723
1942 641 634 642
1943 767 772 776
1944 689 677 679
1945 1002 1009 1010
1946 954 964 947
1947 1040 1032 1031
1948 1110 1107 1120
1949 1199 1211 1210
1950 1227 1217 1228
1951 1169 1176 1164
1952 1118 1116 1126
1953 1461 1468 1467
1954 1673 1664 1678
1955 1537 1533 1544
1956 1685 1679 1689
1957 1462 1451 1448
1958 1934 1943 1939
1959 1931 1938 1928
1960 2047 2054 2056
1961 2040 2043 2032
1962 2033 2030 2038
1963 1998 1992 2003
1964 1951 1954 1960
1965 1960 1968 1964
1966 1538 1525 1537
1967 1475 1484 1476
1968 1611 1598 1603
1969 1574 1560 1564
1970 1439 1447 1440
1971 1499 1489 1486
1972 1387 1390 1378
1973 1308 1319 1317
1974 1349 1359 1357
1975 1316 1306 1323
1976 1317 1328 1315
1977 1356 1371 1365
1978 1329 1312 1316
1979 604 606 615
1980 603 596 604
1981 611 601 603
1982 664 657 666
1983 568 573 572
1984 666 668 676
1985 605 616 614
1986 656 645 647
1987 665 663 656
1988 752 760 748
1989 695 685 687
1990 697 694 689
1991 775 771 765
1992 793 789 782
1993 809 797 802
1994 740 746 736
1995 799 805 793
1996 915 906 912
1997 658 655 649
1998 698 707 697
1999 705 703 695
2000 748 744 737
2001 877 864 873
2002 919 909 918
2003 981 983 973
2004 925 934 935
2005 883 868 876
2006 905 907 897
2007 887 879 877
2008 924 916 915
2009 794 788 787
2010 847 834 843
2011 876 866 882
2012 843 837 852
2013 762 759 767
2014 845 841 854
2015 846 839 845
2016 630 631 639
2017 690 696 688
2018 736 734 726
2019 572 580 571
2020 600 609 608
2021 891 884 883
2022 937 940 928
2023 995 993 1002
2024 935 944 937
2025 1036 1044 1045
2026 1029 1028 1036
2027 914 931 922
2028 903 911 905
2029 1007 1015 1016
2030 945 961 954
2031 859 848 847
2032 871 880 874
2033 922 929 913
2034 1004 997 996
2035 1034 1042 1038
2036 1045 1056 1047
2037 973 965 960
2038 987 1001 994
2039 1059 1064 1053
2040 1075 1083 1087
2041 1119 1109 1118
2042 1069 1077 1070
2043 1057 1067 1059
2044 1048 1054 1057
2045 1975 1969 1979
2046 1170 1178 1166
2047 1278 1266 1281
2048 1222 1215 1224
2049 1202 1214 1201
2050 1264 1253 1265
2051 1259 1249 1260
2052 1267 1275 1274
2053 1274 1284 1273
2054 1255 1257 1267
2055 1271 1263 1264
2056 1310 1300 1301
2057 1287 1272 1278
2058 1301 1290 1304
2059 1137 1143 1136
2060 1245 1232 1234
2061 1355 1346 1360
2062 1159 1168 1169
2063 1113 1115 1122
2064 1145 1138 1144
2065 1174 1173 1162
2066 1157 1146 1145
2067 1147 1141 1152
2068 1194 1179 1189
2069 1132 1133 1123
2070 1200 1193 1194
2071 1566 1580 1578
2072 1625 1621 1611
2073 1741 1740 1730
2074 1838 1839 1833
2075 1803 1811 1812
2076 1768 1777 1776
2077 1812 1819 1814
2078 1805 1816 1806
2079 1716 1718 1728
2080 1663 1666 1677
2081 1788 1783 1790
2082 1714 1713 1724
2083 1608 1618 1604
2084 1795 1791 1803
2085 1724 1734 1735
2086 1767 1757 1753
2087 1829 1830 1837
2088 1772 1781 1784
2089 1813 1804 1798
2090 1994 2000 1997
2091 1853 1852 1843
2092 1850 1861 1857
2093 1844 1845 1836
2094 1841 1849 1844
2095 1857 1865 1853
2096 1876 1885 1880
2097 1883 1893 1891
2098 2015 2020 2023
2099 1985 1990 1994
2100 1924 1933 1930
2101 2023 2031 2025
2102 2066 2065 2070
2103 2070 2075 2076
2104 2083 2082 2086
2105 2064 2068 2072
2106 2086 2089 2090
2107 1898 1906 1897
2108 1910 1921 1918
2109 1996 2001 1991
2110 2052 2048 2041
2111 1905 1907 1910
2112 1866 1872 1876
2113 1890 1901 1898
2114 1881 1888 1890
2115 2021 2026 2034
2116 1979 1981 1988
2117 1776 1785 1775
2118 1758 1759 1768
2119 1614 1602 1616
2120 1800 1807 1805
2121 1553 1562 1550
2122 1701 1692 1694
2123 1727 1719 1729
2124 1761 1751 1762
2125 1678 1680 1688
2126 1705 1704 1696
2127 1706 1717 1705
2128 1527 1542 1539
2129 1623 1609 1614
2130 1659 1649 1651
2131 1479 1483 1473
2132 1507 1514 1502
2133 1652 1642 1650
2134 1534 1535 1543
2135 1661 1653 1652
2136 1622 1613 1612
2137 1651 1641 1655
2138 1694 1682 1693
2139 1415 1418 1425
2140 1427 1437 1439
2141 1369 1368 1380
2142 1357 1377 1367
2143 1320 1326 1307
2144 1422 1411 1412
2145 1311 1330 1320
2146 1303 1313 1311
2147 1345 1348 1356
2148 1383 1384 1395
2149 1449 1450 1461
2150 1370 1381 1388
2151 1425 1436 1433
2152 1395 1405 1402
2153 1392 1404 1396
2154 1464 1474 1475
2155 1421 1430 1429
2156 1577 1575 1584
2157 1576 1565 1577
2158 1612 1601 1610
2159 1529 1520 1528
2160 1571 1561 1570
2161 1476 1477 1465
2162 970 972 963
2163 1516 1512 1503
2164 798 803 807
2165 708 714 705
2166 1046 1035 1039
2167 1206 1216 1205
2168 699 693 700
2169 1766 1755 1756
2170 1956 1961 1952
2171 1697 1695 1683
2172 1158 1148 1147
2173 1918 1922 1913
2174 1988 1999 1996
2175 1088 1094 1096
2176 710 718 715
2177 570 578 576
2178 817 814 824
2179 635 637 643
2180 867 869 859
2181 750 741 745
2182 615 623 622
2183 764 769 758
2184 673 674 681
2185 1006 1008 999
2186 996 980 986
2187 1039 1037 1048
2188 1087 1095 1089
2189 1213 1212 1200
2190 1197 1207 1206
2191 1196 1184 1186
2192 1096 1106 1097
2193 1471 1470 1463
2194 1635 1648 1643
2195 1511 1523 1513
2196 1658 1667 1665
2197 1455 1453 1464
2198 1952 1947 1942
2199 1957 1946 1950
2200 2050 2051 2044
2201 2061 2053 2060
2202 2014 2022 2016
2203 1973 1983 1978
2204 1939 1945 1936
2205 1974 1972 1965
2206 1505 1517 1518
2207 1504 1495 1494
2208 1586 1592 1600
2209 1551 1559 1566
2210 1465 1458 1457
2211 1492 1490 1501
2212 1413 1401 1409
2213 1324 1322 1310
2214 1362 1361 1352
2215 1280 1292 1289
2216 1352 1339 1341
2217 1376 1373 1363
2218 1304 1309 1318
2219 594 599 590
2220 577 585 584
2221 597 598 605
2222 639 648 646
2223 576 575 569
2224 652 659 651
2225 619 618 611
2226 642 644 653
2227 679 672 680
2228 782 770 773
2229 680 683 691
2230 709 702 712
2231 781 777 785
2232 802 795 808
2233 785 791 796
2234 765 756 761
2235 833 818 825
2236 890 898 899
2237 671 662 673
2238 726 717 719
2239 719 711 720
2240 761 754 763
2241 854 858 862
2242 893 902 903
2243 1003 992 1000
2244 932 933 924
2245 852 860 865
2246 930 920 926
2247 882 881 890
2248 918 917 925
2249 792 790 798
2250 815 826 830
2251 835 853 844
2252 807 822 813
2253 743 751 747
2254 820 829 823
2255 824 832 835
2256 614 621 613
2257 716 706 709
2258 745 739 749
2259 602 591 593
2260 613 612 602
2261 886 885 893
2262 959 950 958
2263 975 984 976
2264 963 953 952
2265 1041 1043 1033
2266 1010 1019 1011
2267 947 939 930
2268 928 921 919
2269 1011 1013 1004
2270 976 968 959
2271 851 850 861
2272 897 889 888
2273 960 946 955
2274 1000 998 1007
2275 1053 1049 1046
2276 1072 1063 1062
2277 969 967 978
2278 1014 1005 1003
2279 1082 1073 1079
2280 1078 1081 1072
2281 1093 1101 1102
2282 1090 1084 1082
2283 1080 1074 1071
2284 1047 1050 1040
2285 1949 1959 1956
2286 1198 1188 1190
2287 1242 1252 1251
2288 1195 1203 1202
2289 1230 1221 1222
2290 1233 1244 1243
2291 1229 1239 1238
2292 1277 1276 1268
2293 1305 1294 1295
2294 1238 1247 1237
2295 1260 1261 1269
2296 1296 1298 1308
2297 1265 1270 1280
2298 1269 1282 1279
2299 1162 1155 1156
2300 1228 1231 1242
2301 1318 1332 1327
2302 1166 1167 1158
2303 1102 1108 1100
2304 1120 1127 1128
2305 1190 1180 1191
2306 1154 1151 1161
2307 1122 1131 1129
2308 1161 1172 1175
2309 1156 1142 1154
2310 1191 1192 1199
2311 1587 1583 1574
2312 1640 1628 1645
2313 1756 1749 1758
2314 1856 1846 1855
2315 1806 1809 1801
2316 1780 1778 1769
2317 1836 1828 1827
2318 1833 1823 1822
2319 1698 1707 1697
2320 1643 1656 1639
2321 1765 1773 1770
2322 1686 1700 1687
2323 1646 1633 1640
2324 1770 1782 1771
2325 1732 1733 1723
2326 1764 1763 1772
2327 1814 1820 1813
2328 1771 1779 1767
2329 1821 1815 1829
2330 2012 2005 2004
2331 1870 1862 1873
2332 1874 1867 1863
2333 1863 1854 1860
2334 1864 1858 1856
2335 1886 1877 1878
2336 1896 1889 1887
2337 1897 1895 1886
2338 2016 2019 2012
2339 1978 1984 1974
2340 1936 1935 1926
2341 2044 2037 2036
2342 2049 2057 2050
2343 2073 2074 2069
2344 2072 2078 2073
2345 2058 2063 2052
2346 2087 2088 2085
2347 1926 1917 1919
2348 1928 1925 1920
2349 2024 2013 2018
2350 2060 2055 2064
2351 1900 1903 1896
2352 1868 1869 1864
2353 1913 1908 1902
2354 1880 1882 1874
2355 2010 2017 2006
2356 1970 1976 1966
2357 1802 1794 1796
2358 1742 1750 1741
2359 1579 1589 1588
2360 1810 1808 1802
2361 1582 1572 1576
2362 1689 1690 1699
2363 1699 1708 1706
2364 1731 1743 1742
2365 1665 1676 1660
2366 1721 1715 1722
2367 1736 1726 1727
2368 1550 1546 1540
2369 1606 1607 1619
2370 1645 1647 1658
2371 1503 1493 1498
2372 1540 1526 1530
2373 1624 1634 1636
2374 1518 1524 1516
2375 1655 1654 1662
2376 1616 1615 1624
2377 1619 1629 1627
2378 1662 1674 1675
2379 1402 1408 1399
2380 1434 1435 1423
2381 1340 1354 1343
2382 1399 1386 1379
2383 1364 1347 1358
2384 1409 1410 1421
2385 1353 1344 1334
2386 1315 1314 1305
2387 1327 1337 1324
2388 1365 1375 1362
2389 1433 1443 1432
2390 1367 1374 1353
2391 1442 1438 1428
2392 1407 1406 1398
2393 1423 1414 1413
2394 1469 1472 1462
2395 1432 1431 1422
2396 1555 1563 1557
2397 1543 1554 1553
2398 1584 1593 1596
2399 1501 1510 1511
2400 1544 1552 1555
2401 1477 1485 1478
2402 972 982 974
2403 1512 1522 1509
2404 803 801 810
2405 714 727 724
2406 1035 1030 1023
2407 1216 1226 1225
2408 693 684 686
2409 1755 1754 1747
2410 1961 1971 1967
2411 1695 1703 1691
2412 1148 1149 1139
2413 1922 1932 1927
2414 1999 2002 2011
2415 1094 1092 1104
2416 718 721 725
2417 578 579 586
2418 814 806 811
2419 637 629 638
2420 869 878 870
2421 741 738 733
2422 623 625 634
2423 769 778 772
2424 674 669 677
2425 1008 1017 1009
2426 980 971 964
2427 1037 1027 1032
2428 1095 1105 1107
2429 1212 1223 1211
2430 1207 1208 1217
2431 1184 1183 1176
2432 1106 1114 1116
2433 1470 1480 1468
2434 1648 1657 1664
2435 1523 1531 1533
2436 1667 1669 1679
2437 1453 1444 1451
2438 1947 1953 1943
2439 1946 1944 1938
2440 2051 2059 2054
2441 2053 2046 2043
2442 2022 2028 2030
2443 1983 1987 1992
2444 1945 1955 1954
2445 1972 1977 1968
2446 1517 1515 1525
2447 1495 1496 1484
2448 1592 1585 1598
2449 1559 1547 1560
2450 1458 1459 1447
2451 1490 1481 1489
2452 1401 1391 1390
2453 1322 1331 1319
2454 1361 1372 1359
2455 1292 1297 1306
2456 1339 1338 1328
2457 1373 1382 1371
2458 1309 1299 1312
2459 599 607 606
2460 585 587 596
2461 598 592 601
2462 648 650 657
2463 575 583 573
2464 659 670 668
2465 618 624 616
2466 644 636 645
2467 672 661 663
2468 770 766 760
2469 683 675 685
2470 702 692 694
2471 777 768 771
2472 795 784 789
2473 791 786 797
2474 756 753 746
2475 818 812 805
2476 898 895 906
2477 662 654 655
2478 717 713 707
2479 711 701 703
2480 754 742 744
2481 858 856 864
2482 902 901 909
2483 992 985 983
2484 933 942 934
2485 860 855 868
2486 920 910 907
2487 881 872 879
2488 917 908 916
2489 790 783 788
2490 826 819 834
2491 853 857 866
2492 822 828 837
2493 751 755 759
2494 829 838 841
2495 832 827 839
2496 621 632 631
2497 706 704 696
2498 739 730 734
2499 591 589 580
2500 612 620 609
2501 885 875 884
2502 950 941 940
2503 984 991 993
2504 953 956 944
2505 1043 1052 1044
2506 1019 1026 1028
2507 939 948 931
2508 921 923 911
2509 1013 1021 1015
2510 968 977 961
2511 850 840 848
2512 889 892 880
2513 946 938 929
2514 998 988 997
2515 1049 1051 1042
2516 1063 1065 1056
2517 967 957 965
2518 1005 1012 1001
2519 1073 1066 1064
2520 1081 1091 1083
2521 1101 1099 1109
2522 1084 1085 1077
2523 1074 1076 1067
2524 1050 1061 1054
2525 1959 1962 1969
2526 1188 1187 1178
2527 1252 1254 1266
2528 1203 1204 1215
2529 1221 1219 1214
2530 1244 1246 1253
2531 1239 1240 1249
2532 1276 1286 1275
2533 1294 1293 1284
2534 1247 1258 1257
2535 1261 1250 1263
2536 1298 1288 1300
2537 1270 1262 1272
2538 1282 1283 1290
2539 1155 1153 1143
2540 1231 1220 1232
2541 1332 1336 1346
2542 1167 1177 1168
2543 1108 1117 1115
2544 1127 1124 1138
2545 1180 1171 1173
2546 1151 1140 1146
2547 1131 1134 1141
2548 1172 1165 1179
2549 1142 1135 1133
2550 1192 1181 1193
2551 1583 1595 1580
2552 1628 1617 1621
2553 1749 1738 1740
2554 1846 1840 1839
2555 1809 1818 1811
2556 1778 1786 1777
2557 1828 1831 1819
2558 1823 1825 1816
2559 1707 1720 1718
2560 1656 1668 1666
2561 1773 1774 1783
2562 1700 1712 1713
2563 1633 1626 1618
2564 1782 1789 1791
2565 1733 1746 1734
2566 1763 1748 1757
2567 1820 1832 1830
2568 1779 1787 1781
2569 1815 1799 1804
2570 2005 2007 2000
2571 1862 1851 1852
2572 1867 1871 1861
2573 1854 1847 1845
2574 1858 1859 1849
2575 1877 1875 1865
2576 1889 1894 1885
2577 1895 1904 1893
2578 2019 2027 2020
2579 1984 1993 1990
2580 1935 1941 1933
2581 2037 2039 2031
2582 2057 2062 2065
2583 2074 2079 2075
2584 2078 2081 2082
2585 2063 2071 2068
2586 2088 2091 2089
2587 1917 1916 1906
2588 1925 1929 1921
2589 2013 2008 2001
2590 2055 2045 2048
2591 1903 1909 1907
2592 1869 1879 1872
2593 1908 1912 1901
2594 1882 1892 1888
2595 2017 2029 2026
2596 1976 1986 1981
2597 1794 1792 1785
2598 1750 1760 1759
2599 1589 1594 1602
2600 1808 1817 1807
2601 1572 1569 1562
2602 1690 1681 1692
2603 1708 1709 1719
2604 1743 1744 1751
2605 1676 1684 1680
2606 1715 1702 1704
2607 1726 1725 1717
2608 1546 1558 1542
2609 1607 1599 1609
2610 1647 1638 1649
2611 1493 1491 1483
2612 1526 1521 1514
2613 1634 1631 1642
2614 1524 1536 1535
2615 1654 1644 1653
2616 1615 1605 1613
2617 1629 1632 1641
2618 1674 1672 1682
2619 1408 1420 1418
2620 1435 1445 1437
2621 1354 1366 1368
2622 1386 1397 1377
2623 1347 1333 1326
2624 1410 1400 1411
2625 1344 1350 1330
2626 1314 1325 1313
2627 1337 1351 1348
2628 1375 1385 1384
2629 1443 1452 1450
2630 1374 1393 1381
2631 1438 1446 1436
2632 1406 1416 1405
2633 1414 1417 1404
2634 1472 1482 1474
2635 1431 1441 1430
2636 1563 1573 1575
2637 1554 1556 1565
2638 1593 1591 1601
2639 1510 1508 1520
2640 1552 1549 1561
2641 1497 1498 1485
2642 989 990 982
2643 1534 1530 1522
2644 794 800 801
2645 729 737 727
2646 1034 1022 1030
2647 1227 1236 1226
2648 682 676 684
2649 1765 1752 1754
2650 1975 1980 1971
2651 1716 1711 1703
2652 1159 1150 1149
2653 1937 1942 1932
2654 1995 2006 2002
2655 1080 1089 1092
2656 716 723 721
2657 574 582 579
2658 800 796 806
2659 619 622 629
2660 886 888 878
2661 743 735 738
2662 617 626 625
2663 781 787 778
2664 658 660 669
2665 1024 1025 1017
2666 979 962 971
2667 1020 1016 1027
2668 1103 1111 1105
2669 1235 1234 1223
2670 1198 1209 1208
2671 1195 1182 1183
2672 1112 1123 1114
2673 1487 1486 1480
2674 1646 1660 1657
2675 1529 1541 1531
2676 1659 1671 1669
2677 1434 1429 1444
2678 1963 1958 1953
2679 1949 1940 1944
2680 2066 2067 2059
2681 2049 2038 2046
2682 2024 2032 2028
2683 1980 1991 1987
2684 1958 1965 1955
2685 1985 1982 1977
2686 1504 1513 1515
2687 1505 1497 1496
2688 1568 1578 1585
2689 1532 1539 1547
2690 1466 1460 1459
2691 1469 1467 1481
2692 1392 1380 1391
2693 1345 1341 1331
2694 1383 1379 1372
2695 1287 1302 1297
2696 1349 1335 1338
2697 1394 1389 1382
2698 1285 1289 1299
2699 610 617 607
2700 581 590 587
2701 582 584 592
2702 640 651 650
2703 595 593 583
2704 671 678 670
2705 635 633 624
2706 626 628 636
2707 660 653 661
2708 774 763 766
2709 665 667 675
2710 690 681 692
2711 764 757 768
2712 780 774 784
2713 775 780 786
2714 757 749 753
2715 820 808 812
2716 887 894 895
2717 652 643 654
2718 722 712 713
2719 698 691 701
2720 740 732 742
2721 842 849 856
2722 891 900 901
2723 987 978 985
2724 951 952 942
2725 836 844 855
2726 914 904 910
2727 863 862 872
2728 900 899 908
2729 779 776 783
2730 804 813 819
2731 846 863 857
2732 821 836 828
2733 750 758 755
2734 833 842 838
2735 816 823 827
2736 633 640 632
2737 710 700 704
2738 728 722 730
2739 600 588 589
2740 630 627 620
2741 867 865 875
2742 945 936 941
2743 990 999 991
2744 966 958 956
2745 1060 1062 1052
2746 1025 1033 1026
2747 962 955 948
2748 936 926 923
2749 1029 1031 1021
2750 995 986 977
2751 831 830 840
2752 904 896 892
2753 943 927 938
2754 981 979 988
2755 1058 1055 1051
2756 1075 1068 1065
2757 949 943 957
2758 1022 1018 1012
2759 1069 1058 1066
2760 1098 1103 1091
2761 1090 1097 1099
2762 1093 1086 1085
2763 1088 1079 1076
2764 1068 1071 1061
2765 1957 1966 1962
2766 1197 1185 1187
2767 1245 1256 1254
2768 1196 1205 1204
2769 1229 1218 1219
2770 1236 1248 1246
2771 1230 1241 1240
2772 1296 1295 1286
2773 1303 1291 1293
2774 1259 1268 1258
2775 1241 1243 1250
2776 1277 1279 1288
2777 1248 1251 1262
2778 1271 1285 1283
2779 1160 1152 1153
2780 1209 1210 1220
2781 1329 1342 1336
2782 1185 1186 1177
2783 1119 1125 1117
2784 1111 1121 1124
2785 1170 1160 1171
2786 1132 1128 1140
2787 1125 1136 1134
2788 1157 1163 1165
2789 1137 1126 1135
2790 1174 1175 1181
2791 1606 1603 1595
2792 1608 1600 1617
2793 1737 1728 1738
2794 1841 1834 1840
2795 1826 1827 1818
2796 1797 1796 1786
2797 1842 1835 1831
2798 1834 1826 1825
2799 1721 1730 1720
2800 1673 1683 1668
2801 1766 1775 1774
2802 1711 1723 1712
2803 1635 1620 1626
2804 1788 1801 1789
2805 1752 1753 1746
2806 1739 1735 1748
2807 1835 1843 1832
2808 1795 1798 1787
2809 1793 1784 1799
2810 2015 2009 2007
2811 1848 1837 1851
2812 1881 1878 1871
2813 1850 1842 1847
2814 1866 1860 1859
2815 1883 1873 1875
2816 1905 1899 1894
2817 1914 1911 1904
2818 2033 2036 2027
2819 1998 2004 1993
2820 1951 1948 1941
2821 2047 2042 2039
2822 2061 2069 2062
2823 2083 2084 2079
2824 2080 2085 2081
2825 2077 2080 2071
2826 2092 2093 2091
2827 1924 1914 1916
2828 1940 1937 1929
2829 2014 2003 2008
2830 2040 2034 2045
2831 1915 1920 1909
2832 1884 1887 1879
2833 1923 1919 1912
2834 1899 1902 1892
2835 2035 2041 2029
2836 1989 1995 1986
2837 1800 1790 1792
2838 1761 1769 1760
2839 1582 1597 1594
2840 1824 1822 1817
2841 1579 1567 1569
2842 1671 1675 1681
2843 1701 1710 1709
2844 1736 1745 1744
2845 1685 1696 1684
2846 1698 1688 1702
2847 1731 1722 1725
2848 1567 1564 1558
2849 1587 1588 1599
2850 1625 1627 1638
2851 1500 1488 1491
2852 1527 1519 1521
2853 1622 1630 1631
2854 1538 1545 1536
2855 1637 1636 1644
2856 1597 1596 1605
2857 1623 1637 1632
2858 1661 1670 1672
2859 1424 1428 1420
2860 1455 1457 1445
2861 1364 1378 1366
2862 1415 1403 1397
2863 1340 1321 1333
2864 1387 1388 1400
2865 1370 1358 1350
2866 1335 1334 1325
2867 1355 1363 1351
2868 1389 1398 1385
2869 1454 1463 1452
2870 1403 1412 1393
2871 1456 1454 1446
2872 1426 1424 1416
2873 1427 1419 1417
2874 1492 1494 1482
2875 1449 1448 1441
2876 1571 1581 1573
2877 1545 1557 1556
2878 1581 1590 1591
2879 1499 1506 1508
2880 1541 1548 1549
2881 1478 409 1479
2882 974 274 975
2883 1509 415 1507
2884 810 228 817
2885 724 209 732
2886 1023 284 1014
2887 1225 341 1233
2888 686 195 678
2889 1747 473 1732
2890 1967 536 1973
2891 1691 463 1686
2892 1139 316 1130
2893 1927 525 1934
2894 2011 546 2021
2895 1104 305 1110
2896 725 208 735
2897 586 171 597
2898 811 227 809
2899 638 182 641
2900 870 248 871
2901 733 208 723
2902 634 183 642
2903 772 222 776
2904 677 192 679
2905 1009 283 1010
2906 964 268 947
2907 1032 286 1031
2908 1107 310 1120
2909 1211 338 1210
2910 1217 337 1228
2911 1176 323 1164
2912 1116 312 1126
2913 1468 403 1467
2914 1664 455 1678
2915 1533 421 1544
2916 1679 458 1689
2917 1451 393 1448
2918 1943 529 1939
2919 1938 524 1928
2920 2054 559 2056
2921 2043 552 2032
2922 2030 552 2038
2923 1992 541 2003
2924 1954 532 1960
2925 1968 535 1964
2926 1525 418 1537
2927 1484 408 1476
2928 1598 434 1603
2929 1560 424 1564
2930 1447 398 1440
2931 1489 403 1486
2932 1390 379 1378
2933 1319 366 1317
2934 1359 376 1357
2935 1306 361 1323
2936 1328 365 1315
2937 1371 378 1365
2938 1312 358 1316
2939 606 177 615
2940 596 173 604
2941 601 172 603
2942 657 189 666
2943 573 169 572
2944 668 195 676
2945 616 180 614
2946 645 184 647
2947 663 187 656
2948 760 215 748
2949 685 194 687
2950 694 196 689
2951 771 216 765
2952 789 220 782
2953 797 224 802
2954 746 211 736
2955 805 226 793
2956 906 253 912
2957 655 186 649
2958 707 201 697
2959 703 198 695
2960 744 209 737
2961 864 243 873
2962 909 255 918
2963 983 272 973
2964 934 264 935
2965 868 242 876
2966 907 252 897
2967 879 244 877
2968 916 254 915
2969 788 222 787
2970 834 234 843
2971 866 245 882
2972 837 239 852
2973 759 217 767
2974 841 240 854
2975 839 235 845
2976 631 185 639
2977 696 199 688
2978 734 207 726
2979 580 167 571
2980 609 178 608
2981 884 246 883
2982 940 261 928
2983 993 279 1002
2984 944 265 937
2985 1044 293 1045
2986 1028 288 1036
2987 931 262 922
2988 911 257 905
2989 1015 286 1016
2990 961 271 954
2991 848 236 847
2992 880 249 874
2993 929 258 913
2994 997 276 996
2995 1042 291 1038
2996 1056 295 1047
2997 965 267 960
2998 1001 280 994
2999 1064 294 1053
3000 1083 304 1087
3001 1109 308 1118
3002 1077 300 1070
3003 1067 297 1059
3004 1054 296 1057
3005 1969 534 1979
3006 1178 325 1166
3007 1266 350 1281
3008 1215 335 1224
3009 1214 333 1201
3010 1253 347 1265
3011 1249 345 1260
3012 1275 354 1274
3013 1284 352 1273
3014 1257 349 1267
3015 1263 346 1264
3016 1300 356 1301
3017 1272 348 1278
3018 1290 357 1304
3019 1143 318 1136
3020 1232 338 1234
3021 1346 371 1360
3022 1168 326 1169
3023 1115 311 1122
3024 1138 313 1144
3025 1173 322 1162
3026 1146 314 1145
3027 1141 318 1152
3028 1179 324 1189
3029 1133 312 1123
3030 1193 329 1194
3031 1580 434 1578
3032 1621 440 1611
3033 1740 471 1730
3034 1839 498 1833
3035 1811 495 1812
3036 1777 486 1776
3037 1819 497 1814
3038 1816 493 1806
3039 1718 471 1728
3040 1666 457 1677
3041 1783 485 1790
3042 1713 470 1724
3043 1618 441 1604
3044 1791 490 1803
3045 1734 474 1735
3046 1757 474 1753
3047 1830 500 1837
3048 1781 488 1784
3049 1804 488 1798
3050 2000 543 1997
3051 1852 500 1843
3052 1861 508 1857
3053 1845 499 1836
3054 1849 503 1844
3055 1865 506 1853
3056 1885 513 1880
3057 1893 516 1891
3058 2020 550 2023
3059 1990 542 1994
3060 1933 526 1930
3061 2031 551 2025
3062 2065 561 2070
3063 2075 564 2076
3064 2082 565 2086
3065 2068 562 2072
3066 2089 567 2090
3067 1906 517 1897
3068 1921 523 1918
3069 2001 541 1991
3070 2048 553 2041
3071 1907 520 1910
3072 1872 511 1876
3073 1901 519 1898
3074 1888 514 1890
3075 2026 553 2034
3076 1981 540 1988
3077 1785 485 1775
3078 1759 481 1768
3079 1602 439 1616
3080 1807 492 1805
3081 1562 425 1550
3082 1692 460 1694
3083 1719 469 1729
3084 1751 479 1762
3085 1680 461 1688
3086 1704 461 1696
3087 1717 467 1705
3088 1542 424 1539
3089 1609 437 1614
3090 1649 447 1651
3091 1483 405 1473
3092 1514 413 1502
3093 1642 448 1650
3094 1535 423 1543
3095 1653 449 1652
3096 1613 438 1612
3097 1641 450 1655
3098 1682 459 1693
3099 1418 392 1425
3100 1437 397 1439
3101 1368 379 1380
3102 1377 381 1367
3103 1326 362 1307
3104 1411 384 1412
3105 1330 368 1320
3106 1313 364 1311
3107 1348 374 1356
3108 1384 382 1395
3109 1450 400 1461
3110 1381 384 1388
3111 1436 395 1433
3112 1405 388 1402
3113 1404 386 1396
3114 1474 407 1475
3115 1430 393 1429
3116 1575 433 1584
3117 1565 429 1577
3118 1601 436 1610
3119 1520 414 1528
3120 1561 426 1570
3121 1477 402 1465
3122 972 270 963
3123 1512 411 1503
3124 803 231 807
3125 714 203 705
3126 1035 287 1039
3127 1216 335 1205
3128 693 199 700
3129 1755 475 1756
3130 1961 531 1952
3131 1695 457 1683
3132 1148 315 1147
3133 1922 521 1913
3134 1999 544 1996
3135 1094 306 1096
3136 718 206 715
3137 578 170 576
3138 814 232 824
3139 637 186 643
3140 869 241 859
3141 741 210 745
3142 623 182 622
3143 769 217 758
3144 674 196 681
3145 1008 279 999
3146 980 271 986
3147 1037 290 1048
3148 1095 305 1089
3149 1212 332 1200
3150 1207 336 1206
3151 1184 326 1186
3152 1106 308 1097
3153 1470 400 1463
3154 1648 452 1643
3155 1523 418 1513
3156 1667 456 1665
3157 1453 401 1464
3158 1947 525 1942
3159 1946 527 1950
3160 2051 554 2044
3161 2053 555 2060
3162 2022 549 2016
3163 1983 539 1978
3164 1945 528 1936
3165 1972 532 1965
3166 1517 419 1518
3167 1495 407 1494
3168 1592 440 1600
3169 1559 430 1566
3170 1458 397 1457
3171 1490 410 1501
3172 1401 383 1409
3173 1322 360 1310
3174 1361 370 1352
3175 1292 358 1289
3176 1339 366 1341
3177 1373 374 1363
3178 1309 363 1318
3179 599 173 590
3180 585 172 584
3181 598 176 605
3182 648 188 646
3183 575 165 569
3184 659 189 651
3185 618 176 611
3186 644 187 653
3187 672 193 680
3188 770 218 773
3189 683 198 691
3190 702 201 712
3191 777 221 785
3192 795 226 808
3193 791 227 796
3194 756 213 761
3195 818 230 825
3196 898 254 899
3197 662 191 673
3198 717 202 719
3199 711 203 720
3200 754 215 763
3201 858 244 862
3202 902 256 903
3203 992 277 1000
3204 933 260 924
3205 860 246 865
3206 920 257 926
3207 881 250 890
3208 917 260 925
3209 790 225 798
3210 826 236 830
3211 853 242 844
3212 822 234 813
3213 751 214 747
3214 829 235 823
3215 832 238 835
3216 621 179 613
3217 706 200 709
3218 739 211 749
3219 591 169 593
3220 612 174 602
3221 885 251 893
3222 950 265 958
3223 984 275 976
3224 953 264 952
3225 1043 288 1033
3226 1019 285 1011
3227 939 259 930
3228 921 256 919
3229 1013 281 1004
3230 968 266 959
3231 850 241 861
3232 889 248 888
3233 946 262 955
3234 998 281 1007
3235 1049 289 1046
3236 1063 293 1062
3237 967 272 978
3238 1005 278 1003
3239 1073 297 1079
3240 1081 298 1072
3241 1101 309 1102
3242 1084 299 1082
3243 1074 296 1071
3244 1050 290 1040
3245 1959 533 1956
3246 1188 327 1190
3247 1252 348 1251
3248 1203 334 1202
3249 1221 334 1222
3250 1244 346 1243
3251 1239 344 1238
3252 1276 349 1268
3253 1294 354 1295
3254 1247 343 1237
3255 1261 351 1269
3256 1298 360 1308
3257 1270 353 1280
3258 1282 356 1279
3259 1155 319 1156
3260 1231 342 1242
3261 1332 369 1327
3262 1167 321 1158
3263 1108 307 1100
3264 1127 314 1128
3265 1180 328 1191
3266 1151 320 1161
3267 1131 315 1129
3268 1172 329 1175
3269 1142 317 1154
3270 1192 332 1199
3271 1583 430 1574
3272 1628 445 1645
3273 1749 476 1758
3274 1846 501 1855
3275 1809 490 1801
3276 1778 481 1769
3277 1828 495 1827
3278 1823 492 1822
3279 1707 465 1697
3280 1656 451 1639
3281 1773 483 1770
3282 1700 464 1687
3283 1633 444 1640
3284 1782 484 1771
3285 1733 470 1723
3286 1763 482 1772
3287 1820 496 1813
3288 1779 482 1767
3289 1815 496 1829
3290 2005 542 2004
3291 1862 506 1873
3292 1867 504 1863
3293 1854 503 1860
3294 1858 502 1856
3295 1877 508 1878
3296 1889 511 1887
3297 1895 512 1886
3298 2019 545 2012
3299 1984 538 1974
3300 1935 522 1926
3301 2037 550 2036
3302 2057 557 2050
3303 2074 561 2069
3304 2078 563 2073
3305 2063 558 2052
3306 2088 565 2085
3307 1917 519 1919
3308 1925 520 1920
3309 2013 544 2018
3310 2055 558 2064
3311 1903 515 1896
3312 1869 507 1864
3313 1908 514 1902
3314 1882 510 1874
3315 2017 546 2006
3316 1976 534 1966
3317 1794 486 1796
3318 1750 476 1741
3319 1589 437 1588
3320 1808 489 1802
3321 1572 428 1576
3322 1690 462 1699
3323 1708 468 1706
3324 1743 477 1742
3325 1676 455 1660
3326 1715 467 1722
3327 1726 468 1727
3328 1546 420 1540
3329 1607 442 1619
3330 1647 453 1658
3331 1493 409 1498
3332 1526 415 1530
3333 1634 449 1636
3334 1524 417 1516
3335 1654 454 1662
3336 1615 443 1624
3337 1629 447 1627
3338 1674 460 1675
3339 1408 387 1399
3340 1435 391 1423
3341 1354 373 1343
3342 1386 376 1379
3343 1347 368 1358
3344 1410 390 1421
3345 1344 364 1334
3346 1314 359 1305
3347 1337 367 1324
3348 1375 377 1362
3349 1443 394 1432
3350 1374 375 1353
3351 1438 392 1428
3352 1406 382 1398
3353 1414 385 1413
3354 1472 401 1462
3355 1431 390 1422
3356 1563 429 1557
3357 1554 428 1553
3358 1593 438 1596
3359 1510 416 1511
3360 1552 427 1555
3361 1485 409 1478
3362 982 274 974
3363 1522 415 1509
3364 801 228 810
3365 727 209 724
3366 1030 284 1023
3367 1226 341 1225
3368 684 195 686
3369 1754 473 1747
3370 1971 536 1967
3371 1703 463 1691
3372 1149 316 1139
3373 1932 525 1927
3374 2002 546 2011
3375 1092 305 1104
3376 721 208 725
3377 579 171 586
3378 806 227 811
3379 629 182 638
3380 878 248 870
3381 738 208 733
3382 625 183 634
3383 778 222 772
3384 669 192 677
3385 1017 283 1009
3386 971 268 964
3387 1027 286 1032
3388 1105 310 1107
3389 1223 338 1211
3390 1208 337 1217
3391 1183 323 1176
3392 1114 312 1116
3393 1480 403 1468
3394 1657 455 1664
3395 1531 421 1533
3396 1669 458 1679
3397 1444 393 1451
3398 1953 529 1943
3399 1944 524 1938
3400 2059 559 2054
3401 2046 552 2043
3402 2028 552 2030
3403 1987 541 1992
3404 1955 532 1954
3405 1977 535 1968
3406 1515 418 1525
3407 1496 408 1484
3408 1585 434 1598
3409 1547 424 1560
3410 1459 398 1447
3411 1481 403 1489
3412 1391 379 1390
3413 1331 366 1319
3414 1372 376 1359
3415 1297 361 1306
3416 1338 365 1328
3417 1382 378 1371
3418 1299 358 1312
3419 607 177 606
3420 587 173 596
3421 592 172 601
3422 650 189 657
3423 583 169 573
3424 670 195 668
3425 624 180 616
3426 636 184 645
3427 661 187 663
3428 766 215 760
3429 675 194 685
3430 692 196 694
3431 768 216 771
3432 784 220 789
3433 786 224 797
3434 753 211 746
3435 812 226 805
3436 895 253 906
3437 654 186 655
3438 713 201 707
3439 701 198 703
3440 742 209 744
3441 856 243 864
3442 901 255 909
3443 985 272 983
3444 942 264 934
3445 855 242 868
3446 910 252 907
3447 872 244 879
3448 908 254 916
3449 783 222 788
3450 819 234 834
3451 857 245 866
3452 828 239 837
3453 755 217 759
3454 838 240 841
3455 827 235 839
3456 632 185 631
3457 704 199 696
3458 730 207 734
3459 589 167 580
3460 620 178 609
3461 875 246 884
3462 941 261 940
3463 991 279 993
3464 956 265 944
3465 1052 293 1044
3466 1026 288 1028
3467 948 262 931
3468 923 257 911
3469 1021 286 1015
3470 977 271 961
3471 840 236 848
3472 892 249 880
3473 938 258 929
3474 988 276 997
3475 1051 291 1042
3476 1065 295 1056
3477 957 267 965
3478 1012 280 1001
3479 1066 294 1064
3480 1091 304 1083
3481 1099 308 1109
3482 1085 300 1077
3483 1076 297 1067
3484 1061 296 1054
3485 1962 534 1969
3486 1187 325 1178
3487 1254 350 1266
3488 1204 335 1215
3489 1219 333 1214
3490 1246 347 1253
3491 1240 345 1249
3492 1286 354 1275
3493 1293 352 1284
3494 1258 349 1257
3495 1250 346 1263
3496 1288 356 1300
3497 1262 348 1272
3498 1283 357 1290
3499 1153 318 1143
3500 1220 338 1232
3501 1336 371 1346
3502 1177 326 1168
3503 1117 311 1115
3504 1124 313 1138
3505 1171 322 1173
3506 1140 314 1146
3507 1134 318 1141
3508 1165 324 1179
3509 1135 312 1133
3510 1181 329 1193
3511 1595 434 1580
3512 1617 440 1621
3513 1738 471 1740
3514 1840 498 1839
3515 1818 495 1811
3516 1786 486 1777
3517 1831 497 1819
3518 1825 493 1816
3519 1720 471 1718
3520 1668 457 1666
3521 1774 485 1783
3522 1712 470 1713
3523 1626 441 1618
3524 1789 490 1791
3525 1746 474 1734
3526 1748 474 1757
3527 1832 500 1830
3528 1787 488 1781
3529 1799 488 1804
3530 2007 543 2000
3531 1851 500 1852
3532 1871 508 1861
3533 1847 499 1845
3534 1859 503 1849
3535 1875 506 1865
3536 1894 513 1885
3537 1904 516 1893
3538 2027 550 2020
3539 1993 542 1990
3540 1941 526 1933
3541 2039 551 2031
3542 2062 561 2065
3543 2079 564 2075
3544 2081 565 2082
3545 2071 562 2068
3546 2091 567 2089
3547 1916 517 1906
3548 1929 523 1921
3549 2008 541 2001
3550 2045 553 2048
3551 1909 520 1907
3552 1879 511 1872
3553 1912 519 1901
3554 1892 514 1888
3555 2029 553 2026
3556 1986 540 1981
3557 1792 485 1785
3558 1760 481 1759
3559 1594 439 1602
3560 1817 492 1807
3561 1569 425 1562
3562 1681 460 1692
3563 1709 469 1719
3564 1744 479 1751
3565 1684 461 1680
3566 1702 461 1704
3567 1725 467 1717
3568 1558 424 1542
3569 1599 437 1609
3570 1638 447 1649
3571 1491 405 1483
3572 1521 413 1514
3573 1631 448 1642
3574 1536 423 1535
3575 1644 449 1653
3576 1605 438 1613
3577 1632 450 1641
3578 1672 459 1682
3579 1420 392 1418
3580 1445 397 1437
3581 1366 379 1368
3582 1397 381 1377
3583 1333 362 1326
3584 1400 384 1411
3585 1350 368 1330
3586 1325 364 1313
3587 1351 374 1348
3588 1385 382 1384
3589 1452 400 1450
3590 1393 384 1381
3591 1446 395 1436
3592 1416 388 1405
3593 1417 386 1404
3594 1482 407 1474
3595 1441 393 1430
3596 1573 433 1575
3597 1556 429 1565
3598 1591 436 1601
3599 1508 414 1520
3600 1549 426 1561
3601 1498 409 1485
3602 990 274 982
3603 1530 415 1522
3604 800 228 801
3605 737 209 727
3606 1022 284 1030
3607 1236 341 1226
3608 676 195 684
3609 1752 473 1754
3610 1980 536 1971
3611 1711 463 1703
3612 1150 316 1149
3613 1942 525 1932
3614 2006 546 2002
3615 1089 305 1092
3616 723 208 721
3617 582 171 579
3618 796 227 806
3619 622 182 629
3620 888 248 878
3621 735 208 738
3622 626 183 625
3623 787 222 778
3624 660 192 669
3625 1025 283 1017
3626 962 268 971
3627 1016 286 1027
3628 1111 310 1105
3629 1234 338 1223
3630 1209 337 1208
3631 1182 323 1183
3632 1123 312 1114
3633 1486 403 1480
3634 1660 455 1657
3635 1541 421 1531
3636 1671 458 1669
3637 1429 393 1444
3638 1958 529 1953
3639 1940 524 1944
3640 2067 559 2059
3641 2038 552 2046
3642 2032 552 2028
3643 1991 541 1987
3644 1965 532 1955
3645 1982 535 1977
3646 1513 418 1515
3647 1497 408 1496
3648 1578 434 1585
3649 1539 424 1547
3650 1460 398 1459
3651 1467 403 1481
3652 1380 379 1391
3653 1341 366 1331
3654 1379 376 1372
3655 1302 361 1297
3656 1335 365 1338
3657 1389 378 1382
3658 1289 358 1299
3659 617 177 607
3660 590 173 587
3661 584 172 592
3662 651 189 650
3663 593 169 583
3664 678 195 670
3665 633 180 624
3666 628 184 636
3667 653 187 661
3668 763 215 766
3669 667 194 675
3670 681 196 692
3671 757 216 768
3672 774 220 784
3673 780 224 786
3674 749 211 753
3675 808 226 812
3676 894 253 895
3677 643 186 654
3678 712 201 713
3679 691 198 701
3680 732 209 742
3681 849 243 856
3682 900 255 901
3683 978 272 985
3684 952 264 942
3685 844 242 855
3686 904 252 910
3687 862 244 872
3688 899 254 908
3689 776 222 783
3690 813 234 819
3691 863 245 857
3692 836 239 828
3693 758 217 755
3694 842 240 838
3695 823 235 827
3696 640 185 632
3697 700 199 704
3698 722 207 730
3699 588 167 589
3700 627 178 620
3701 865 246 875
3702 936 261 941
3703 999 279 991
3704 958 265 956
3705 1062 293 1052
3706 1033 288 1026
3707 955 262 948
3708 926 257 923
3709 1031 286 1021
3710 986 271 977
3711 830 236 840
3712 896 249 892
3713 927 258 938
3714 979 276 988
3715 1055 291 1051
3716 1068 295 1065
3717 943 267 957
3718 1018 280 1012
3719 1058 294 1066
3720 1103 304 1091
3721 1097 308 1099
3722 1086 300 1085
3723 1079 297 1076
3724 1071 296 1061
3725 1966 534 1962
3726 1185 325 1187
3727 1256 350 1254
3728 1205 335 1204
3729 1218 333 1219
3730 1248 347 1246
3731 1241 345 1240
3732 1295 354 1286
3733 1291 352 1293
3734 1268 349 1258
3735 1243 346 1250
3736 1279 356 1288
3737 1251 348 1262
3738 1285 357 1283
3739 1152 318 1153
3740 1210 338 1220
3741 1342 371 1336
3742 1186 326 1177
3743 1125 311 1117
3744 1121 313 1124
3745 1160 322 1171
3746 1128 314 1140
3747 1136 318 1134
3748 1163 324 1165
3749 1126 312 1135
3750 1175 329 1181
3751 1603 434 1595
3752 1600 440 1617
3753 1728 471 1738
3754 1834 498 1840
3755 1827 495 1818
3756 1796 486 1786
3757 1835 497 1831
3758 1826 493 1825
3759 1730 471 1720
3760 1683 457 1668
3761 1775 485 1774
3762 1723 470 1712
3763 1620 441 1626
3764 1801 490 1789
3765 1753 474 1746
3766 1735 474 1748
3767 1843 500 1832
3768 1798 488 1787
3769 1784 488 1799
3770 2009 543 2007
3771 1837 500 1851
3772 1878 508 1871
3773 1842 499 1847
3774 1860 503 1859
3775 1873 506 1875
3776 1899 513 1894
3777 1911 516 1904
3778 2036 550 2027
3779 2004 542 1993
3780 1948 526 1941
3781 2042 551 2039
3782 2069 561 2062
3783 2084 564 2079
3784 2085 565 2081
3785 2080 562 2071
3786 2093 567 2091
3787 1914 517 1916
3788 1937 523 1929
3789 2003 541 2008
3790 2034 553 2045
3791 1920 520 1909
3792 1887 511 1879
3793 1919 519 1912
3794 1902 514 1892
3795 2041 553 2029
3796 1995 540 1986
3797 1790 485 1792
3798 1769 481 1760
3799 1597 439 1594
3800 1822 492 1817
3801 1567 425 1569
3802 1675 460 1681
3803 1710 469 1709
3804 1745 479 1744
3805 1696 461 1684
3806 1688 461 1702
3807 1722 467 1725
3808 1564 424 1558
3809 1588 437 1599
3810 1627 447 1638
3811 1488 405 1491
3812 1519 413 1521
3813 1630 448 1631
3814 1545 423 1536
3815 1636 449 1644
3816 1596 438 1605
3817 1637 450 1632
3818 1670 459 1672
3819 1428 392 1420
3820 1457 397 1445
3821 1378 379 1366
3822 1403 381 1397
3823 1321 362 1333
3824 1388 384 1400
3825 1358 368 1350
3826 1334 364 1325
3827 1363 374 1351
3828 1398 382 1385
3829 1463 400 1452
3830 1412 384 1393
3831 1454 395 1446
3832 1424 388 1416
3833 1419 386 1417
3834 1494 407 1482
3835 1448 393 1441
3836 1581 433 1573
3837 1557 429 1556
3838 1590 436 1591
3839 1506 414 1508
3840 1548 426 1549
