1.000000 138.236667 34.050000 -0.000000
2.000000 137.852909 34.161671 -4695.878787
3.000000 137.498380 34.324397 -10395.641404
4.000000 137.195545 34.512364 -25000.000000
5.000000 137.749305 33.564337 -0.000000
6.000000 137.447483 33.844085 -4286.471550
7.000000 137.081942 34.061191 -9937.536847
8.000000 136.784914 34.310136 -25000.000000
9.000000 137.139386 33.228145 -0.000000
10.000000 136.944015 33.523586 -3675.461702
11.000000 136.695596 33.777415 -11358.183876
12.000000 136.465680 34.029994 -25000.000000
13.000000 136.570274 33.019032 -0.000000
14.000000 136.398828 33.314810 -4116.487930
15.000000 136.186188 33.581753 -11811.173545
16.000000 136.044265 33.867121 -25000.000000
17.000000 136.069076 32.833217 -0.000000
18.000000 135.892735 33.156585 -4343.896063
19.000000 135.659884 33.442983 -11575.379625
20.000000 135.582648 33.773520 -25000.000000
21.000000 135.577559 32.674420 -0.000000
22.000000 135.392417 33.060609 -4016.816309
23.000000 135.108280 33.392999 -10611.651796
24.000000 135.057553 33.776164 -25000.000000
25.000000 135.168699 32.526813 -0.000000
26.000000 134.889597 33.014381 -4153.170915
27.000000 134.598629 33.493437 -10728.057675
28.000000 134.530833 34.010885 -25000.000000
29.000000 134.802684 32.373677 -0.000000
30.000000 134.480545 32.901644 -4264.152712
31.000000 134.136921 33.417287 -11679.254681
32.000000 133.861146 33.953530 -25000.000000
33.000000 134.465725 32.220643 -0.000000
34.000000 134.111800 32.712803 -4360.542506
35.000000 133.718261 33.180874 -11974.570780
36.000000 133.327687 33.643076 -25000.000000
37.000000 134.129187 32.026541 -0.000000
38.000000 133.757729 32.495600 -4873.360446
39.000000 133.325703 32.924813 -12474.352532
40.000000 132.866915 33.325919 -25000.000000
41.000000 133.772132 31.825341 -0.000000
42.000000 133.405124 32.253290 -5532.410833
43.000000 132.972437 32.633161 -13792.657141
44.000000 132.480712 32.951985 -25000.000000
45.000000 133.432340 31.602701 -0.000000
46.000000 133.077528 31.956112 -5270.669652
47.000000 132.690379 32.279360 -14146.949170
48.000000 132.242161 32.534291 -25000.000000
49.000000 133.104776 31.340854 -0.000000
50.000000 132.771562 31.651649 -4802.554830
51.000000 132.400819 31.922693 -13737.457016
52.000000 131.996776 32.150108 -25000.000000
53.000000 132.759595 31.076645 -0.000000
54.000000 132.460194 31.355938 -4832.905604
55.000000 132.114526 31.582910 -14100.164742
56.000000 131.739128 31.767209 -25000.000000
57.000000 132.434310 30.814195 -0.000000
58.000000 132.164291 31.037222 -4416.703499
59.000000 131.867446 31.221584 -13044.221581
60.000000 131.553319 31.366956 -25000.000000
61.000000 132.139918 30.522863 -0.000000
62.000000 131.887874 30.701825 -4613.352801
63.000000 131.624398 30.855592 -13114.102730
64.000000 131.357281 30.986033 -25000.000000
65.000000 131.844411 30.197745 -0.000000
66.000000 131.605221 30.364306 -4425.221262
67.000000 131.355657 30.505156 -12737.938945
68.000000 131.116792 30.637649 -25000.000000
69.000000 131.555547 29.899517 -0.000000
70.000000 131.314401 30.044799 -4817.845746
71.000000 131.069926 30.169744 -13484.139055
72.000000 130.838827 30.297080 -25000.000000
73.000000 131.342483 29.572852 -0.000000
74.000000 131.070244 29.693336 -4922.060547
75.000000 130.808995 29.816015 -13506.773089
76.000000 130.554240 29.929976 -25000.000000
77.000000 131.146137 29.198830 -0.000000
78.000000 130.888652 29.299288 -4758.599515
79.000000 130.647610 29.410204 -13319.466916
80.000000 130.412481 29.507013 -25000.000000
81.000000 130.947435 28.800954 -0.000000
82.000000 130.683997 28.897220 -4873.424792
83.000000 130.440220 29.010538 -13447.562137
84.000000 130.205157 29.118402 -25000.000000
85.000000 130.763305 28.394188 -0.000000
86.000000 130.478508 28.494277 -4580.405987
87.000000 130.213333 28.614911 -12810.082008
88.000000 129.965887 28.739054 -25000.000000
89.000000 130.579059 27.964264 -0.000000
90.000000 130.264167 28.078385 -4920.771035
91.000000 129.973942 28.223719 -13210.304726
92.000000 129.695534 28.369178 -25000.000000
93.000000 130.359634 27.514653 -0.000000
94.000000 130.032870 27.660315 -4522.892589
95.000000 129.730023 27.829354 -13276.158604
96.000000 129.437591 28.000437 -25000.000000
97.000000 130.075823 27.068904 -0.000000
98.000000 129.747860 27.258333 -4243.416351
99.000000 129.435565 27.457471 -12622.292079
100.000000 129.127076 27.646450 -25000.000000
101.000000 129.751291 26.679287 -0.000000
102.000000 129.459023 26.882373 -4214.979495
103.000000 129.160630 27.068383 -12206.685983
104.000000 128.876170 27.251615 -25000.000000
105.000000 129.410611 26.303945 -0.000000
106.000000 129.131842 26.504595 -4658.604320
107.000000 128.848443 26.690481 -12912.689659
108.000000 128.596834 26.896189 -25000.000000
109.000000 129.023371 25.866716 -0.000000
110.000000 128.735116 26.103153 -5562.627401
111.000000 128.472143 26.357932 -13482.143553
112.000000 128.251909 26.632164 -25000.000000
113.000000 128.657568 25.555342 -0.000000
114.000000 128.336432 25.852248 -4952.122946
115.000000 128.055605 26.178321 -11804.232313
116.000000 127.784294 26.493569 -25000.000000
117.000000 128.296138 25.266182 -0.000000
118.000000 127.984277 25.578852 -4355.054653
119.000000 127.688486 25.901983 -10656.426704
120.000000 127.379570 26.193084 -25000.000000
121.000000 127.950462 24.963795 -0.000000
122.000000 127.666493 25.254647 -4099.570034
123.000000 127.398914 25.555405 -10305.020713
124.000000 127.122568 25.823240 -25000.000000
125.000000 127.600720 24.688716 -0.000000
126.000000 127.292597 25.001503 -3768.856114
127.000000 126.998005 25.321615 -10200.863302
128.000000 126.696326 25.613273 -25000.000000
129.000000 127.278382 24.400551 -0.000000
130.000000 126.978122 24.711302 -3752.049099
131.000000 126.681085 25.021849 -9985.936361
132.000000 126.353555 25.278561 -25000.000000
133.000000 126.901334 24.119191 -0.000000
134.000000 126.655974 24.396533 -4107.073269
135.000000 126.409970 24.668873 -10981.553038
136.000000 126.143754 24.899786 -25000.000000
137.000000 126.507234 23.807360 -0.000000
138.000000 126.285123 24.097283 -4273.373381
139.000000 126.053404 24.373688 -12480.681804
140.000000 125.824475 24.640305 -25000.000000
141.000000 125.996647 23.537942 -0.000000
142.000000 125.822898 23.845662 -4612.982086
143.000000 125.640503 24.143143 -12810.593622
144.000000 125.459840 24.431249 -25000.000000
145.000000 125.470006 23.314874 -0.000000
146.000000 125.336014 23.630675 -4301.691714
147.000000 125.210411 23.942449 -12773.262844
148.000000 125.084168 24.244602 -25000.000000
149.000000 124.950204 23.163375 -0.000000
150.000000 124.860090 23.501050 -4188.329205
151.000000 124.744305 23.825348 -12152.182565
152.000000 124.672605 24.148265 -25000.000000
153.000000 124.464480 23.088035 -0.000000
154.000000 124.378785 23.457071 -4377.967892
155.000000 124.266365 23.814462 -12259.502728
156.000000 124.225548 24.173221 -25000.000000
157.000000 123.987097 23.029420 -0.000000
158.000000 123.908561 23.421805 -4411.516574
159.000000 123.800249 23.803013 -12263.390002
160.000000 123.745824 24.184456 -25000.000000
161.000000 123.563333 22.990000 -0.000000
162.000000 123.460785 23.360701 -4918.948544
163.000000 123.351443 23.725952 -12734.245117
164.000000 123.276100 24.087258 -25000.000000
165.000000 123.313771 23.906605 -18867.122558
166.000000 123.406114 23.543326 -8826.596830
167.000000 123.510962 24.135857 -25000.000000
168.000000 123.512059 23.175351 -2459.474272
169.000000 123.538175 23.945135 -18631.695001
170.000000 123.575846 23.764482 -12498.817559
171.000000 123.630517 23.581857 -8591.169273
172.000000 123.684673 23.391253 -4665.232559
173.000000 123.735947 23.205902 -2205.758287
174.000000 123.773036 23.993734 -18631.695001
175.000000 123.775215 23.009710 -0.000000
176.000000 123.854405 23.612409 -8337.453288
177.000000 123.947829 23.225612 -2205.758287
178.000000 123.985686 24.178839 -25000.000000
179.000000 124.012899 23.988117 -18631.695001
180.000000 124.033307 23.808738 -12261.446365
181.000000 124.087463 23.618134 -8335.509651
182.000000 124.143673 23.439438 -4394.742233
183.000000 124.182941 23.243245 -2188.983946
184.000000 124.225789 23.058728 -0.000000
185.000000 124.245957 23.993842 -18629.751364
186.000000 124.322575 23.635766 -8318.735310
187.000000 124.421633 23.272553 -2188.983946
188.000000 124.449077 24.160743 -25000.000000
189.000000 124.469485 23.981364 -18629.751364
190.000000 124.505335 23.819905 -12205.842647
191.000000 124.561545 23.641209 -8265.075229
192.000000 124.619438 23.479060 -4283.148549
193.000000 124.662285 23.294543 -2094.164603
194.000000 124.707342 23.125705 -0.000000
195.000000 124.708455 23.986806 -18576.091283
196.000000 124.802198 23.663199 -8170.255885
197.000000 124.878386 24.196434 -25000.000000
198.000000 124.905147 23.332212 -2094.164603
199.000000 124.914237 24.034975 -18576.091283
200.000000 124.977358 23.883899 -12462.722705
201.000000 125.035251 23.721750 -8480.796025
202.000000 125.098052 23.565862 -4245.010459
203.000000 125.143109 23.397025 -2150.845857
204.000000 125.147289 24.093526 -18886.631422
205.000000 125.210105 23.239124 -0.000000
206.000000 125.272004 24.337926 -25000.000000
207.000000 125.273212 23.786562 -8537.477279
208.000000 125.335125 24.186849 -18886.631422
209.000000 125.403010 23.472774 -2150.845857
210.000000 125.425457 24.042796 -12791.928233
211.000000 125.488258 23.886909 -8556.142668
212.000000 125.550171 24.287196 -18905.296811
213.000000 125.579456 23.738168 -4457.336900
214.000000 125.642157 24.535777 -25000.000000
215.000000 125.646452 23.580268 -2306.491043
216.000000 125.731700 23.994402 -8711.787854
217.000000 125.732489 24.391724 -18905.296811
218.000000 125.733326 23.426408 -0.000000
219.000000 125.846953 24.258415 -12645.637713
220.000000 125.909772 23.691802 -2306.491043
221.000000 125.938151 24.109675 -8546.831945
222.000000 125.938940 24.506996 -18740.340902
223.000000 125.984115 24.770046 -25000.000000
224.000000 126.054011 23.971473 -4443.177734
225.000000 126.098579 24.636737 -18740.340902
226.000000 126.140885 23.817613 -2136.686691
227.000000 126.169264 24.235486 -8377.027593
228.000000 126.231687 24.521280 -11731.117421
229.000000 126.248655 25.089174 -25000.000000
230.000000 126.251940 23.672651 -0.000000
231.000000 126.276862 24.784329 -17990.776519
232.000000 126.347547 24.383078 -7627.463209
233.000000 126.396179 23.952321 -2136.686691
234.000000 126.412420 24.960818 -17492.968181
235.000000 126.470548 24.246908 -4190.223325
236.000000 126.517320 25.150205 -17492.968181
237.000000 126.524941 25.445917 -25000.000000
238.000000 126.532972 24.532703 -7544.313153
239.000000 126.545527 24.845361 -10483.744700
240.000000 126.581604 24.101946 -2053.536635
241.000000 126.688706 25.317561 -17492.968181
242.000000 126.694046 24.690087 -7366.801068
243.000000 126.704284 23.963275 -0.000000
244.000000 126.778654 24.257862 -2053.536635
245.000000 126.817048 24.553917 -3929.561184
246.000000 126.829604 24.866575 -6868.992730
247.000000 126.839545 25.171732 -10093.399832
248.000000 126.847166 25.467444 -17600.431651
249.000000 126.909447 25.718256 -25000.000000
250.000000 126.939728 24.415246 -1876.024550
251.000000 126.988064 25.016458 -6976.456201
252.000000 127.060287 25.572428 -17600.431651
253.000000 127.089858 24.259871 -0.000000
254.000000 127.128252 24.555926 -1876.024550
255.000000 127.135359 24.856403 -3760.452607
256.000000 127.145301 25.161559 -6984.859708
257.000000 127.198459 25.438510 -10252.942007
258.000000 127.251069 26.008162 -25000.000000
259.000000 127.260741 25.689322 -17652.510356
260.000000 127.285490 24.701027 -1884.428057
261.000000 127.345755 25.278454 -7036.938413
262.000000 127.405527 25.862611 -17828.213352
263.000000 127.439551 24.544633 -0.000000
264.000000 127.446658 24.845110 -1884.428057
265.000000 127.479545 25.128075 -3934.213074
266.000000 127.532703 25.405026 -7202.295373
267.000000 127.534028 26.047533 -17828.213352
268.000000 127.543700 25.728694 -10480.723708
269.000000 127.581932 26.343326 -25000.000000
270.000000 127.633606 24.971681 -2049.785017
271.000000 127.691595 25.567128 -7330.037683
272.000000 127.736390 26.197776 -17828.213352
273.000000 127.775591 24.826255 -0.000000
274.000000 127.808477 25.109221 -2049.785017
275.000000 127.825385 25.416750 -4227.312344
276.000000 127.836382 25.740417 -7505.740679
277.000000 127.872046 26.040152 -11230.329508
278.000000 127.919949 26.335945 -18402.116156
279.000000 127.967369 25.271324 -2177.527327
280.000000 128.018101 26.562866 -25000.000000
281.000000 128.019941 25.878587 -8079.643483
282.000000 128.123300 25.114989 -0.000000
283.000000 128.140207 25.422517 -2177.527327
284.000000 128.153757 26.405243 -18402.116156
285.000000 128.160354 25.715550 -4653.588800
286.000000 128.196019 26.015285 -8378.177629
287.000000 128.263874 26.268126 -12643.187933
288.000000 128.316285 25.559215 -2476.061473
289.000000 128.362026 26.495048 -19241.071777
290.000000 128.404287 26.105090 -9217.133250
291.000000 128.424372 26.764177 -25000.000000
292.000000 128.476853 25.410762 -0.000000
293.000000 128.497000 25.703795 -2476.061473
294.000000 128.534489 26.627060 -19241.071777
295.000000 128.535774 25.977700 -5257.375173
296.000000 128.603629 26.230542 -9522.385477
297.000000 128.660293 26.524207 -13197.416606
298.000000 128.696342 25.829247 -2781.313700
299.000000 128.722639 26.793335 -18956.344829
300.000000 128.736502 27.073902 -25000.000000
301.000000 128.791779 26.396817 -9237.658530
302.000000 128.840470 25.711029 -0.000000
303.000000 128.862307 26.971048 -18956.344829
304.000000 128.879244 25.984934 -2781.313700
305.000000 128.933479 26.303874 -5110.615860
306.000000 128.990142 26.597538 -8785.646989
307.000000 129.001623 27.449032 -25000.000000
308.000000 129.004536 26.879432 -12559.687821
309.000000 129.018400 27.159999 -18603.342991
310.000000 129.077607 26.185655 -2329.302160
311.000000 129.143853 27.357417 -18603.342991
312.000000 129.146236 26.786489 -8432.645151
313.000000 129.216991 26.085330 -0.000000
314.000000 129.271226 26.404270 -2329.302160
315.000000 129.281320 27.551960 -18811.146040
316.000000 129.282333 27.823444 -25000.000000
317.000000 129.295432 26.693484 -4436.791907
318.000000 129.298097 27.262927 -12414.489031
319.000000 129.309826 26.975378 -8210.832739
320.000000 129.434817 26.593159 -2107.489747
321.000000 129.436578 27.728954 -18811.146040
322.000000 129.447294 27.169922 -8418.635787
323.000000 129.566562 28.184807 -25000.000000
324.000000 129.580951 26.491616 -0.000000
325.000000 129.582794 27.643412 -12949.225342
326.000000 129.583807 27.914895 -19138.079302
327.000000 129.591713 27.357902 -8432.854215
328.000000 129.603442 27.070353 -4229.197923
329.000000 129.605157 26.780830 -2107.489747
330.000000 129.712779 28.099266 -19138.079302
331.000000 129.738942 27.543843 -8759.787477
332.000000 129.749576 26.968810 -2121.708175
333.000000 129.830711 28.554116 -25000.000000
334.000000 129.834738 28.296449 -19105.152363
335.000000 129.851983 28.026537 -13243.231665
336.000000 129.881447 27.744834 -8899.525596
337.000000 129.890365 27.459324 -4383.154470
338.000000 129.911842 27.163618 -2121.708175
339.000000 129.913557 26.874095 -0.000000
340.000000 129.969915 28.481387 -19105.152363
341.000000 130.003406 27.942017 -8866.598657
342.000000 130.054346 27.364609 -2261.446294
343.000000 130.085522 28.928728 -25000.000000
344.000000 130.089610 28.676983 -18905.041004
345.000000 130.093638 28.419315 -13010.193367
346.000000 130.119054 28.151052 -9065.537880
347.000000 130.148518 27.869350 -4721.831812
348.000000 130.196252 27.587484 -2261.446294
349.000000 130.209245 28.866656 -18905.041004
350.000000 130.217729 27.291778 -0.000000
351.000000 130.238750 28.346648 -8865.426521
352.000000 130.308819 29.312707 -25000.000000
353.000000 130.311901 27.796519 -2460.385517
354.000000 130.322689 29.064470 -19223.781069
355.000000 130.326777 28.812724 -13128.822073
356.000000 130.345921 28.554594 -8695.243998
357.000000 130.371337 28.286331 -4750.588511
358.000000 130.421613 28.021325 -2460.385517
359.000000 130.426350 29.258776 -19223.781069
360.000000 130.459364 28.752407 -9013.984062
361.000000 130.469346 27.739458 -0.000000
362.000000 130.483360 29.718494 -25000.000000
363.000000 130.528783 28.229270 -2290.202994
364.000000 130.530045 29.458608 -19159.733458
365.000000 130.543915 29.210371 -13383.514526
366.000000 130.562109 28.953879 -9160.493464
367.000000 130.581253 28.695748 -4726.915389
368.000000 130.610738 29.661514 -19253.386544
369.000000 130.620906 28.444232 -2290.202994
370.000000 130.665803 29.153712 -9096.445854
371.000000 130.671182 28.179226 -0.000000
372.000000 130.681617 29.872995 -19253.386544
373.000000 130.696533 30.113528 -25000.000000
374.000000 130.723651 28.645704 -2436.712396
375.000000 130.728302 29.613110 -13413.120002
376.000000 130.768131 29.354746 -9039.033215
377.000000 130.786325 29.098254 -4816.012153
378.000000 130.815716 28.849087 -2436.712396
379.000000 130.823911 30.056548 -19253.386544
380.000000 130.855370 28.597571 -0.000000
381.000000 130.858927 29.551770 -9120.763731
382.000000 130.918043 29.050121 -2379.299757
383.000000 130.939460 29.992880 -13495.456072
384.000000 130.939619 29.754676 -9214.416818
385.000000 130.954376 30.233412 -19242.069528
386.000000 130.977809 30.467364 -25000.000000
387.000000 130.979448 29.496312 -4840.330031
388.000000 131.017394 29.249059 -2379.299757
389.000000 131.046786 28.999892 -0.000000
390.000000 131.070085 29.931540 -9203.099801
391.000000 131.093359 30.403696 -19242.069528
392.000000 131.108190 29.446083 -2461.030274
393.000000 131.192163 30.107272 -9150.992401
394.000000 131.192322 29.869067 -4869.953146
395.000000 131.206363 29.633094 -2461.030274
396.000000 131.212791 30.337450 -13111.039000
397.000000 131.236224 30.571402 -18868.969472
398.000000 131.237037 30.811841 -25000.000000
399.000000 131.244310 29.385841 -0.000000
400.000000 131.328442 29.808825 -2408.922873
401.000000 131.335029 30.274977 -8777.892345
402.000000 131.356469 30.745595 -18868.969472
403.000000 131.434974 29.972158 -2408.922873
404.000000 131.449015 29.736184 -0.000000
405.000000 131.455300 31.176494 -25000.000000
406.000000 131.459811 30.204553 -4621.533504
407.000000 131.480439 30.434731 -8581.580104
408.000000 131.490028 30.680374 -12926.020838
409.000000 131.490840 30.920813 -19057.051365
410.000000 131.580384 30.131911 -2212.610631
411.000000 131.588859 31.111274 -19057.051365
412.000000 131.614810 30.609949 -8769.661996
413.000000 131.646224 31.567082 -25000.000000
414.000000 131.699979 30.048631 -0.000000
415.000000 131.710382 31.294270 -19022.110790
416.000000 131.724816 30.281025 -2212.610631
417.000000 131.745922 31.038588 -13079.162155
418.000000 131.746547 30.533066 -4519.287032
419.000000 131.756136 30.778709 -8863.727766
420.000000 131.803287 31.494396 -19022.110790
421.000000 131.866142 30.449785 -2306.676400
422.000000 131.867952 31.958658 -25000.000000
423.000000 131.877660 30.961704 -8828.787191
424.000000 131.926827 31.675059 -19550.082371
425.000000 131.990986 31.402247 -13572.193161
426.000000 131.992164 30.360304 -0.000000
427.000000 132.013896 30.612344 -2306.676400
428.000000 132.015868 31.129403 -8730.462540
429.000000 132.026082 30.869524 -4515.028150
430.000000 132.055651 31.866509 -19550.082371
431.000000 132.119468 32.342199 -25000.000000
432.000000 132.139408 31.310066 -9258.434121
433.000000 132.152104 30.780042 -2208.351750
434.000000 132.198798 32.036400 -19368.728508
435.000000 132.257672 31.752802 -13918.810879
436.000000 132.287114 30.668529 -0.000000
437.000000 132.287360 31.469424 -9466.535173
438.000000 132.299301 30.925709 -2208.351750
439.000000 132.312242 31.196580 -4624.804552
440.000000 132.321490 32.228492 -19368.728508
441.000000 132.361437 32.743138 -25000.000000
442.000000 132.430506 31.639316 -9285.181310
443.000000 132.447252 31.085067 -2416.452802
444.000000 132.466270 32.406825 -19573.474585
445.000000 132.545599 32.101027 -13942.203093
446.000000 132.585546 32.615673 -19573.474585
447.000000 132.586190 31.787171 -9270.005923
448.000000 132.596953 30.945420 -0.000000
449.000000 132.609894 31.216292 -2416.452802
450.000000 132.615878 31.503794 -4817.730217
451.000000 132.673814 33.138952 -25000.000000
452.000000 132.726575 32.792573 -19396.328571
453.000000 132.730970 31.965504 -9474.752000
454.000000 132.765579 31.364147 -2401.277415
455.000000 132.831408 32.456260 -13969.803156
456.000000 132.883954 32.117736 -9708.809411
457.000000 132.919676 32.979540 -19396.328571
458.000000 132.924545 31.803880 -5036.612241
459.000000 132.932186 31.208749 -0.000000
460.000000 132.938169 31.496251 -2401.277415
461.000000 133.024982 32.294636 -9531.663397
462.000000 133.091152 31.648483 -2635.334826
463.000000 133.096309 33.125366 -18737.176266
464.000000 133.097301 33.484497 -25000.000000
465.000000 133.149070 32.778987 -13133.504837
466.000000 133.188780 32.443225 -9662.533987
467.000000 133.241326 32.104701 -5401.540243
468.000000 133.254934 31.779406 -2635.334826
469.000000 133.268558 31.471777 -0.000000
470.000000 133.326695 33.283945 -18737.176266
471.000000 133.365413 32.589052 -9003.381682
472.000000 133.418732 31.927995 -2766.205417
473.000000 133.521982 33.052844 -12224.461656
474.000000 133.522974 33.411975 -18487.285390
475.000000 133.541716 32.710207 -8673.856489
476.000000 133.581426 32.374445 -5202.885640
477.000000 133.588628 32.039315 -2766.205417
478.000000 133.594416 33.798303 -25000.000000
479.000000 133.602236 31.714021 -0.000000
480.000000 133.737995 32.838237 -8423.965613
481.000000 133.764930 32.160471 -2436.680223
482.000000 133.789703 33.567202 -18487.285390
483.000000 133.915030 32.946839 -8167.556643
484.000000 133.927591 33.299080 -11826.912731
485.000000 133.934764 32.604202 -4616.951476
486.000000 133.943458 32.261070 -2436.680223
487.000000 133.950659 31.925941 -0.000000
488.000000 133.999033 33.685408 -18339.627341
489.000000 134.120493 32.369672 -2180.271253
490.000000 134.124360 33.065045 -8019.898594
491.000000 134.195989 33.982208 -25000.000000
492.000000 134.288762 32.466723 -2180.271253
493.000000 134.296172 32.807224 -4312.347609
494.000000 134.297456 32.123592 -0.000000
495.000000 134.308733 33.159465 -7971.703697
496.000000 134.333877 33.714086 -18339.627341
497.000000 134.367775 33.455362 -11203.656178
498.000000 134.473135 32.561143 -2132.076356
499.000000 134.539587 33.197541 -7496.105193
500.000000 134.564731 33.752161 -17864.028837
501.000000 134.634204 32.297160 -0.000000
502.000000 134.641615 32.637661 -2132.076356
503.000000 134.685071 32.958013 -4208.661814
504.000000 134.744113 33.253909 -7440.614295
505.000000 134.794193 33.893524 -25000.000000
506.000000 134.828091 33.634800 -17864.028837
507.000000 134.846141 32.694029 -2076.585458
508.000000 134.853454 33.443218 -10669.854736
509.000000 134.985691 32.450245 -0.000000
510.000000 134.998938 33.203690 -7382.411356
511.000000 135.029148 32.770597 -2076.585458
512.000000 135.082916 33.584582 -17805.825898
513.000000 135.141007 33.037495 -4084.993612
514.000000 135.250348 33.226804 -7314.234053
515.000000 135.280558 32.793711 -2008.408154
516.000000 135.320100 33.774842 -25000.000000
517.000000 135.345464 33.583260 -17805.825898
518.000000 135.373129 32.600616 -0.000000
519.000000 135.384082 33.417991 -11093.515711
520.000000 135.484988 32.867514 -2008.408154
521.000000 135.526151 33.251796 -7796.097967
522.000000 135.621266 33.608251 -18287.689812
523.000000 135.642576 33.108597 -4180.356186
524.000000 135.735147 32.915502 -2171.948032
525.000000 135.776309 33.299784 -7959.637844
526.000000 135.813456 33.820321 -25000.000000
527.000000 135.823317 32.753818 -0.000000
528.000000 135.852074 33.655052 -18287.689812
529.000000 135.923036 33.512368 -11693.276585
530.000000 135.980905 32.994901 -2171.948032
531.000000 136.039461 33.369169 -8077.534804
532.000000 136.115226 33.724437 -18405.586772
533.000000 136.145781 33.235697 -4230.191997
534.000000 136.233952 33.074013 -2058.243965
535.000000 136.254973 33.948558 -25000.000000
536.000000 136.292508 33.448281 -7963.830738
537.000000 136.319675 32.926125 -0.000000
538.000000 136.325934 33.805874 -18405.586772
539.000000 136.440892 33.679584 -11584.678710
540.000000 136.484551 33.166921 -2058.243965
541.000000 136.547212 33.546112 -7737.335903
542.000000 136.580638 33.903705 -18179.091938
543.000000 136.625297 34.170065 -25000.000000
544.000000 136.671421 33.419198 -3895.974816
545.000000 136.740255 34.043776 -18179.091938
546.000000 136.757144 33.271309 -1837.730851
547.000000 136.819805 33.650500 -7516.822789
548.000000 136.854830 33.123589 -0.000000
549.000000 136.888769 33.919303 -10647.860362
550.000000 136.933428 34.185664 -17468.768424
551.000000 136.990230 34.411250 -25000.000000
552.000000 137.012978 33.792388 -6806.499275
553.000000 137.041700 33.375865 -1837.730851
554.000000 137.138744 34.286778 -17468.768424
555.000000 137.195749 33.683835 -3980.966626
556.000000 137.264713 33.952638 -7112.004199
557.000000 137.290161 34.192794 -10166.589125
558.000000 137.293435 33.536115 -2143.235775
559.000000 137.346963 34.418381 -17697.820702
560.000000 137.444345 33.396241 -0.000000
561.000000 137.472932 34.084241 -7341.056477
562.000000 137.598394 33.704211 -2143.235775
563.000000 137.650196 34.002878 -4491.175168
564.000000 137.675645 34.243034 -7545.760095
565.000000 137.801107 33.863004 -2347.939393
566.000000 137.992986 33.807169 -0.000000
567.000000 138.044788 34.105836 -2347.939393
568.000000 123.294935 23.996932 -21933.561279
569.000000 123.332607 23.816279 -15800.683837
570.000000 123.378778 23.634639 -10780.420973
571.000000 123.393531 24.111558 -25000.000000
572.000000 123.407137 24.016197 -21815.847500
573.000000 123.425973 23.925870 -18749.408780
574.000000 123.433450 23.452014 -6872.772687
575.000000 123.444809 23.835544 -15682.970059
576.000000 123.463644 23.745217 -12616.531338
577.000000 123.486422 23.268026 -3689.211408
578.000000 123.490980 23.653904 -10662.707195
579.000000 123.518316 23.562592 -8708.883052
580.000000 123.524568 24.040496 -21815.847500
581.000000 123.537696 23.082675 -1229.737136
582.000000 123.545651 23.471279 -6755.058908
583.000000 123.557010 23.854809 -15565.256280
584.000000 123.572729 23.375977 -4792.090551
585.000000 123.598366 23.283302 -3562.353415
586.000000 123.603182 23.673170 -10544.993416
587.000000 123.624003 23.190626 -2332.616279
588.000000 123.628393 24.160157 -25000.000000
589.000000 123.641999 24.064796 -21815.847500
590.000000 123.649640 23.097951 -1102.879143
591.000000 123.655605 23.969435 -18631.695001
592.000000 123.657595 23.486555 -6628.200916
593.000000 123.669212 23.874074 -15447.542501
594.000000 123.669274 22.999855 -0.000000
595.000000 123.688048 23.783748 -12381.103781
596.000000 123.710310 23.298578 -3435.495423
597.000000 123.715383 23.692435 -10427.279637
598.000000 123.742461 23.597133 -8464.311280
599.000000 123.755581 23.107806 -1102.879143
600.000000 123.759430 24.089095 -21815.847500
601.000000 123.769539 23.501831 -6501.342923
602.000000 123.786643 23.898374 -15447.542501
603.000000 123.796617 23.406529 -4538.374566
604.000000 123.822254 23.313854 -3308.637430
605.000000 123.827327 23.707711 -10300.421645
606.000000 123.841888 23.215757 -2205.758287
607.000000 123.861522 23.117661 -1102.879143
608.000000 123.865755 24.181647 -25000.000000
609.000000 123.879361 24.086287 -21815.847500
610.000000 123.881156 23.019565 -0.000000
611.000000 123.881483 23.517107 -6374.484931
612.000000 123.892968 23.990926 -18631.695001
613.000000 123.906574 23.895565 -15447.542501
614.000000 123.916778 23.805875 -12262.418183
615.000000 123.928195 23.323709 -3308.637430
616.000000 123.943856 23.710573 -10299.449826
617.000000 123.967463 23.127516 -1102.879143
618.000000 123.970934 23.615271 -8336.481469
619.000000 123.998012 23.519969 -6373.513112
620.000000 123.999292 24.083478 -21815.847500
621.000000 124.023103 23.898427 -15446.570683
622.000000 124.026117 23.430621 -4403.129403
623.000000 124.045751 23.332525 -3300.250260
624.000000 124.060385 23.713436 -10298.478008
625.000000 124.065385 23.234429 -2197.371116
626.000000 124.085019 23.136333 -1094.491973
627.000000 124.105617 24.176030 -25000.000000
628.000000 124.106443 23.044074 -0.000000
629.000000 124.115568 23.528786 -6365.125942
630.000000 124.119224 24.080669 -21815.847500
631.000000 124.129428 23.990980 -18630.723182
632.000000 124.139632 23.901290 -15445.598864
633.000000 124.149836 23.811600 -12260.474546
634.000000 124.163307 23.341341 -3291.863090
635.000000 124.176914 23.716298 -10297.506189
636.000000 124.204365 23.150986 -1094.491973
637.000000 124.205019 23.626950 -8327.122480
638.000000 124.233124 23.537602 -6356.738772
639.000000 124.235753 24.083532 -21814.875682
640.000000 124.256161 23.904152 -15444.627046
641.000000 124.261229 23.448254 -4386.355063
642.000000 124.280863 23.350158 -3283.475919
643.000000 124.294470 23.725114 -10289.119019
644.000000 124.302287 23.257899 -2188.983946
645.000000 124.323711 23.165640 -1094.491973
646.000000 124.337313 24.166982 -25000.000000
647.000000 124.345134 23.073381 -0.000000
648.000000 124.347517 24.077292 -21814.875682
649.000000 124.350680 23.546419 -6348.351601
650.000000 124.357721 23.987603 -18629.751364
651.000000 124.367925 23.897913 -15444.627046
652.000000 124.385850 23.817184 -12232.672687
653.000000 124.400209 23.364812 -3283.475919
654.000000 124.413955 23.727836 -10262.288978
655.000000 124.442060 23.638488 -8291.905269
656.000000 124.443056 23.180294 -1094.491973
657.000000 124.459281 24.071053 -21814.875682
658.000000 124.470165 23.549140 -6321.521561
659.000000 124.487410 23.900634 -15417.797005
660.000000 124.499112 23.468065 -4330.558221
661.000000 124.520535 23.375807 -3236.066248
662.000000 124.533440 23.730557 -10235.458938
663.000000 124.541959 23.283548 -2141.574274
664.000000 124.560841 24.154504 -25000.000000
665.000000 124.563383 23.191289 -1047.082301
666.000000 124.571045 24.064814 -21814.875682
667.000000 124.585911 23.106870 -0.000000
668.000000 124.588970 23.984085 -18602.921323
669.000000 124.590492 23.560135 -6274.111889
670.000000 124.606895 23.903356 -15390.966965
671.000000 124.624820 23.822627 -12179.012606
672.000000 124.640862 23.386801 -3188.656576
673.000000 124.652925 23.733279 -10208.628897
674.000000 124.681872 23.652204 -8217.665557
675.000000 124.684814 23.210124 -1047.082301
676.000000 124.690530 24.067535 -21788.045641
677.000000 124.710818 23.571130 -6226.702217
678.000000 124.726380 23.906077 -15364.136924
679.000000 124.739764 23.490055 -4235.738877
680.000000 124.761188 23.397796 -3141.246904
681.000000 124.773252 23.744273 -10161.219225
682.000000 124.775496 24.172349 -25000.000000
683.000000 124.783716 23.313377 -2094.164603
684.000000 124.793421 24.091620 -21788.045641
685.000000 124.806245 23.228959 -1047.082301
686.000000 124.811346 24.010891 -18576.091283
687.000000 124.828773 23.144540 -0.000000
688.000000 124.829271 23.930161 -15364.136924
689.000000 124.831144 23.582124 -6179.292545
690.000000 124.860832 23.854623 -12307.452635
691.000000 124.882619 23.416631 -3141.246904
692.000000 124.889778 23.773549 -10316.489295
693.000000 124.896312 24.115704 -21788.045641
694.000000 124.918724 23.692474 -8325.525955
695.000000 124.927675 23.247794 -1047.082301
696.000000 124.945797 23.959437 -15519.406994
697.000000 124.947671 23.611400 -6334.562615
698.000000 124.979071 23.533456 -4216.669832
699.000000 124.981277 24.220518 -25000.000000
700.000000 124.999202 24.139789 -21788.045641
701.000000 125.001600 23.449037 -3169.587531
702.000000 125.006304 23.802824 -10471.759365
703.000000 125.024128 23.364619 -2122.505230
704.000000 125.030763 24.064251 -18731.361352
705.000000 125.046656 23.280200 -1075.422928
706.000000 125.062324 23.988712 -15674.677063
707.000000 125.066651 23.643806 -6362.903242
708.000000 125.080154 23.201250 -0.000000
709.000000 125.093884 23.913174 -12617.992774
710.000000 125.115729 24.169064 -21943.315711
711.000000 125.120580 23.481444 -3197.928158
712.000000 125.122831 23.832100 -10627.029434
713.000000 125.154231 23.754156 -8509.136652
714.000000 125.176607 23.318075 -1075.422928
715.000000 125.178086 24.291264 -25000.000000
716.000000 125.178850 24.017988 -15829.947133
717.000000 125.185632 23.676212 -6391.243869
718.000000 125.209647 24.215726 -21943.315711
719.000000 125.217033 23.598269 -4273.351086
720.000000 125.239561 23.513850 -3226.268785
721.000000 125.241207 24.140188 -18886.631422
722.000000 125.241811 23.864506 -10655.370061
723.000000 125.272768 24.064649 -15829.947133
724.000000 125.273059 23.434900 -2150.845857
725.000000 125.303565 24.262387 -21943.315711
726.000000 125.304613 23.708619 -6419.584496
727.000000 125.306557 23.355949 -1075.422928
728.000000 125.317934 23.992623 -12782.595538
729.000000 125.340055 23.276999 -0.000000
730.000000 125.349334 23.914679 -10664.702756
731.000000 125.365922 24.384587 -25000.000000
732.000000 125.369512 23.551725 -3226.268785
733.000000 125.380291 24.114823 -15839.279827
734.000000 125.380735 23.836736 -8546.809973
735.000000 125.397483 24.309049 -21943.315711
736.000000 125.412136 23.758792 -6428.917191
737.000000 125.436508 23.393824 -1075.422928
738.000000 125.442648 24.237023 -18895.964116
739.000000 125.456857 23.964853 -10674.035450
740.000000 125.457735 23.684422 -4379.514307
741.000000 125.487814 24.164996 -15848.612522
742.000000 125.491233 23.605471 -3304.091378
743.000000 125.505006 24.359222 -21952.648405
744.000000 125.524731 23.526521 -2228.668450
745.000000 125.532980 24.092970 -12801.260927
746.000000 125.533857 23.812539 -6506.739784
747.000000 125.550999 24.483513 -25000.000000
748.000000 125.558229 23.447571 -1153.245521
749.000000 125.564380 24.015026 -10683.368145
750.000000 125.595337 24.215169 -15857.945216
751.000000 125.596164 24.411486 -21952.648405
752.000000 125.601666 23.370641 -0.000000
753.000000 125.609979 23.940656 -8633.965261
754.000000 125.612954 23.659218 -3381.913971
755.000000 125.641330 24.339460 -18905.296811
756.000000 125.655578 23.866285 -6584.562377
757.000000 125.686101 24.068773 -10761.190738
758.000000 125.686496 24.267433 -15857.945216
759.000000 125.687323 24.463750 -21952.648405
760.000000 125.689889 23.503338 -1153.245521
761.000000 125.701177 23.791915 -4535.159493
762.000000 125.733316 24.588041 -25000.000000
763.000000 125.734675 23.712965 -3459.736564
764.000000 125.743728 24.200779 -12728.115667
765.000000 125.777299 23.920032 -6662.384970
766.000000 125.778112 23.636035 -2306.491043
767.000000 125.778482 24.516014 -21952.648405
768.000000 125.789327 24.126409 -10678.712783
769.000000 125.789721 24.325070 -15775.467262
770.000000 125.821549 23.559105 -1153.245521
771.000000 125.834926 24.052039 -8629.309899
772.000000 125.835714 24.449360 -18822.818856
773.000000 125.864987 23.482175 -0.000000
774.000000 125.866335 23.768732 -3459.736564
775.000000 125.880524 23.977668 -6579.907015
776.000000 125.881707 24.573650 -21870.170451
777.000000 125.892552 24.184045 -10596.234829
778.000000 125.892947 24.382706 -15692.989307
779.000000 125.904295 24.705175 -25000.000000
780.000000 125.938454 23.908567 -4528.079910
781.000000 125.950179 24.316052 -12563.159758
782.000000 125.953210 23.614872 -1153.245521
783.000000 125.961527 24.638521 -21870.170451
784.000000 125.981892 23.831637 -3374.834388
785.000000 125.995778 24.241681 -10513.756874
786.000000 125.996081 24.040574 -6495.004839
787.000000 125.996172 24.440342 -15610.511353
788.000000 126.018760 24.571867 -18740.340902
789.000000 126.025329 23.754707 -2221.588867
790.000000 126.041347 24.703391 -21870.170451
791.000000 126.053707 24.172580 -8461.929769
792.000000 126.063935 24.834916 -25000.000000
793.000000 126.068766 23.677777 -1068.343345
794.000000 126.075992 24.505212 -15610.511353
795.000000 126.097448 23.894543 -3289.932212
796.000000 126.111334 24.304587 -10428.854698
797.000000 126.111637 24.103479 -6410.102663
798.000000 126.121167 24.768262 -21870.170451
799.000000 126.124294 23.605296 -0.000000
800.000000 126.142546 24.447484 -12105.899612
801.000000 126.165133 24.579009 -15235.729161
802.000000 126.169567 24.034378 -4358.275557
803.000000 126.187721 24.710533 -18365.558710
804.000000 126.196205 24.994480 -25000.000000
805.000000 126.196413 23.745132 -1068.343345
806.000000 126.200475 24.378383 -10054.072507
807.000000 126.210308 24.842058 -21495.388259
808.000000 126.213004 23.957448 -3205.030036
809.000000 126.227194 24.166384 -6325.200487
810.000000 126.254275 24.652805 -14860.946970
811.000000 126.258405 24.309282 -8002.245401
812.000000 126.268532 23.884967 -2136.686691
813.000000 126.278087 24.930302 -21246.484090
814.000000 126.289617 24.452179 -9679.290315
815.000000 126.301105 25.183868 -25000.000000
816.000000 126.316335 24.240181 -5950.418295
817.000000 126.320828 24.595076 -11356.335229
818.000000 126.324060 23.812486 -1068.343345
819.000000 126.330537 25.024996 -21246.484090
820.000000 126.340651 24.024802 -3205.030036
821.000000 126.343416 24.726601 -14486.164778
822.000000 126.344641 24.872573 -17741.872350
823.000000 126.377836 24.172096 -4231.798353
824.000000 126.378758 24.525975 -9304.508124
825.000000 126.379587 23.740005 -0.000000
826.000000 126.382987 25.119689 -21246.484090
827.000000 126.409047 24.314993 -5908.843267
828.000000 126.411195 24.814845 -14237.260609
829.000000 126.433364 24.099615 -3163.455008
830.000000 126.435438 25.214383 -21246.484090
831.000000 126.439248 25.362239 -25000.000000
832.000000 126.440259 24.457890 -7585.888181
833.000000 126.451706 23.879840 -1068.343345
834.000000 126.464870 25.055511 -17492.968181
835.000000 126.471471 24.600788 -9262.933096
836.000000 126.477749 24.757117 -10732.648869
837.000000 126.478974 24.903089 -13988.356440
838.000000 126.488891 24.027134 -2095.111663
839.000000 126.501760 24.389805 -5867.268239
840.000000 126.521130 25.298061 -21246.484090
841.000000 126.526076 24.174427 -3121.879980
842.000000 126.544419 23.954653 -1026.768317
843.000000 126.546752 24.991333 -13739.452271
844.000000 126.552008 24.679480 -9174.177053
845.000000 126.563261 24.321721 -4148.648297
846.000000 126.594473 24.464618 -5825.693211
847.000000 126.599203 25.086027 -13739.452271
848.000000 126.603013 25.233883 -17492.968181
849.000000 126.605759 23.885317 -0.000000
850.000000 126.606823 25.381739 -21246.484090
851.000000 126.610633 25.529595 -25000.000000
852.000000 126.613306 24.933605 -10234.840531
853.000000 126.613509 24.611395 -7455.557111
854.000000 126.618789 24.249240 -3080.304952
855.000000 126.619787 24.767724 -8925.272884
856.000000 126.642944 24.032611 -1026.768317
857.000000 126.675010 24.543310 -5736.937169
858.000000 126.680129 24.179904 -2053.536635
859.000000 126.684895 25.169705 -13739.452271
860.000000 126.687565 24.855968 -8676.368715
861.000000 126.692516 25.465417 -21246.484090
862.000000 126.717314 24.327197 -3080.304952
863.000000 126.736511 24.475225 -4018.317227
864.000000 126.741469 24.110569 -1026.768317
865.000000 126.755344 24.944212 -8427.464546
866.000000 126.755547 24.622002 -5648.181126
867.000000 126.760315 25.096790 -10039.668097
868.000000 126.761825 24.778331 -7117.896899
869.000000 126.764125 25.244646 -13793.184006
870.000000 126.767936 25.392502 -17546.699916
871.000000 126.771746 25.540358 -21300.215826
872.000000 126.797851 24.405890 -2991.548909
873.000000 126.802809 24.041233 -0.000000
874.000000 126.802887 25.665764 -25000.000000
875.000000 126.834574 25.019154 -8481.196281
876.000000 126.836084 24.700694 -5559.425084
877.000000 126.839994 24.188526 -1026.768317
878.000000 126.843355 25.319588 -13846.915742
879.000000 126.859191 24.336554 -1964.780592
880.000000 126.878306 25.592850 -21300.215826
881.000000 126.878388 24.484582 -2902.792867
882.000000 126.897585 24.632609 -3840.805142
883.000000 126.903863 24.788938 -5310.520915
884.000000 126.908834 24.941517 -6922.724466
885.000000 126.913804 25.094095 -8534.928016
886.000000 126.918775 25.246674 -10147.131567
887.000000 126.920531 24.267219 -938.012275
888.000000 126.922585 25.394530 -13900.647477
889.000000 126.953726 25.519936 -17600.431651
890.000000 126.958925 24.563274 -2814.036824
891.000000 126.983093 24.863880 -5364.252650
892.000000 126.984867 25.645342 -21300.215826
893.000000 126.993034 25.169037 -8588.659752
894.000000 126.995596 24.189531 -0.000000
895.000000 127.014793 24.337558 -938.012275
896.000000 127.016008 25.770748 -25000.000000
897.000000 127.029146 25.447021 -13900.647477
898.000000 127.033990 24.485586 -1876.024550
899.000000 127.053187 24.633614 -2814.036824
900.000000 127.056741 24.783852 -3756.250853
901.000000 127.061711 24.936430 -5368.454404
902.000000 127.066682 25.089009 -6980.657954
903.000000 127.071653 25.241587 -8592.861505
904.000000 127.091427 25.697834 -21300.215826
905.000000 127.098232 25.380063 -10226.902655
906.000000 127.109055 24.407898 -938.012275
907.000000 127.129373 25.505469 -13926.686829
908.000000 127.131806 24.706164 -2818.238578
909.000000 127.140330 25.008981 -5372.656157
910.000000 127.160514 25.630875 -17626.471004
911.000000 127.171880 25.300035 -8618.900858
912.000000 127.184120 24.330211 -0.000000
913.000000 127.186819 25.915701 -25000.000000
914.000000 127.191654 25.756281 -21326.255178
915.000000 127.203317 24.478238 -938.012275
916.000000 127.206871 24.628477 -1880.226303
917.000000 127.210424 24.778715 -2822.440332
918.000000 127.213978 24.928953 -3764.654360
919.000000 127.218949 25.081531 -5376.857911
920.000000 127.229600 25.563916 -13952.726182
921.000000 127.245528 25.220007 -7010.899061
922.000000 127.264048 25.842926 -21414.106676
923.000000 127.272107 25.358482 -8644.940210
924.000000 127.281936 24.550789 -942.214028
925.000000 127.289043 24.851265 -2826.642085
926.000000 127.298686 25.496957 -10278.981360
927.000000 127.315320 26.100623 -25000.000000
928.000000 127.319176 25.139979 -5402.897264
929.000000 127.328298 25.935386 -21414.106676
930.000000 127.329827 25.622363 -13978.765534
931.000000 127.333134 25.775967 -17740.361854
932.000000 127.358967 24.472592 -0.000000
933.000000 127.362520 24.622830 -942.214028
934.000000 127.366074 24.773068 -1884.428057
935.000000 127.369628 24.923307 -2826.642085
936.000000 127.372334 25.416929 -8670.979563
937.000000 127.386071 25.064789 -3851.534594
938.000000 127.392549 26.027847 -21414.106676
939.000000 127.402220 25.709008 -14066.617032
940.000000 127.412650 25.203265 -5485.575744
941.000000 127.439229 25.341740 -7119.616893
942.000000 127.443105 24.694871 -942.214028
943.000000 127.456799 26.120308 -21414.106676
944.000000 127.463102 24.986592 -2909.320566
945.000000 127.465808 25.480215 -8753.658043
946.000000 127.469778 25.955072 -17828.213352
947.000000 127.471307 25.642049 -10392.872210
948.000000 127.474614 25.795652 -14154.468530
949.000000 127.480751 26.268205 -25000.000000
950.000000 127.506124 25.266551 -5568.254224
951.000000 127.520136 24.616674 -0.000000
952.000000 127.523689 24.766913 -942.214028
953.000000 127.540132 24.908396 -1967.106537
954.000000 127.545254 25.561267 -8817.529198
955.000000 127.547007 25.882297 -14242.320028
956.000000 127.556575 25.049878 -2991.999046
957.000000 127.557980 26.195430 -21414.106676
958.000000 127.573019 25.191361 -4016.891554
959.000000 127.599598 25.329837 -5650.932704
960.000000 127.611257 25.974758 -14242.320028
961.000000 127.612149 25.486077 -7266.166528
962.000000 127.616093 25.815338 -10568.575206
963.000000 127.617163 24.830199 -1024.892509
964.000000 127.617648 25.647911 -8905.380696
965.000000 127.635209 26.122654 -17828.213352
966.000000 127.650049 25.113164 -3074.677526
967.000000 127.659161 26.270551 -21414.106676
968.000000 127.679044 25.410888 -5714.803859
969.000000 127.683113 26.418447 -25000.000000
970.000000 127.688155 24.757486 -0.000000
971.000000 127.690041 25.734556 -8993.232193
972.000000 127.704599 24.898968 -1024.892509
973.000000 127.712438 26.049879 -14242.320028
974.000000 127.721042 25.040451 -2049.785017
975.000000 127.737485 25.181934 -3074.677526
976.000000 127.745939 25.335698 -4163.441189
977.000000 127.758490 25.491939 -5778.675013
978.000000 127.760342 26.345672 -21414.106676
979.000000 127.762434 25.821200 -9081.083691
980.000000 127.763988 25.653773 -7417.889181
981.000000 127.780266 25.971067 -10943.378106
982.000000 127.792034 24.967738 -1024.892509
983.000000 127.804218 26.118964 -14529.271430
984.000000 127.816931 25.262985 -3138.548680
985.000000 127.828170 26.266860 -18115.164754
986.000000 127.837936 25.572990 -5842.546168
987.000000 127.852122 26.414757 -21701.058078
988.000000 127.854214 25.890285 -9368.035093
989.000000 127.863026 24.895025 -0.000000
990.000000 127.879469 25.036508 -1024.892509
991.000000 127.887923 25.190272 -2113.656172
992.000000 127.895998 26.188048 -14816.222832
993.000000 127.896377 25.344037 -3202.419835
994.000000 127.901198 26.528218 -25000.000000
995.000000 127.904831 25.497801 -4291.183498
996.000000 127.910329 25.659635 -5930.397666
997.000000 127.928161 25.809502 -7792.692081
998.000000 127.945993 25.959369 -9654.986496
999.000000 127.958916 25.117559 -1088.763663
1000.000000 127.963825 26.109236 -11517.280910
1001.000000 127.969025 26.449406 -21701.058078
1002.000000 127.975823 25.425088 -3266.290990
1003.000000 127.987777 26.257133 -15103.174234
1004.000000 128.002109 25.728720 -6217.349068
1005.000000 128.036853 26.370594 -18402.116156
1006.000000 128.036881 25.039392 -0.000000
1007.000000 128.037773 26.028454 -9941.937898
1008.000000 128.045335 25.193156 -1088.763663
1009.000000 128.053788 25.346920 -2177.527327
1010.000000 128.062242 25.500685 -3266.290990
1011.000000 128.072316 25.647201 -4504.321726
1012.000000 128.085929 26.484054 -21701.058078
1013.000000 128.090148 25.797069 -6366.616141
1014.000000 128.104681 26.291782 -15103.174234
1015.000000 128.107980 25.946936 -8228.910556
1016.000000 128.125812 26.096803 -10091.204971
1017.000000 128.131754 25.268753 -1088.763663
1018.000000 128.135005 26.597515 -25000.000000
1019.000000 128.150281 25.569034 -3415.558063
1020.000000 128.159740 26.223224 -12223.710123
1021.000000 128.178186 25.865417 -6515.883215
1022.000000 128.202833 26.518703 -21701.058078
1023.000000 128.208816 26.336685 -15522.652045
1024.000000 128.209719 25.190585 -0.000000
1025.000000 128.218173 25.344350 -1088.763663
1026.000000 128.228246 25.490866 -2326.794400
1027.000000 128.229946 26.141706 -10510.682781
1028.000000 128.238320 25.637383 -3564.825136
1029.000000 128.248393 25.783899 -4802.855873
1030.000000 128.257892 26.450145 -18821.593966
1031.000000 128.266225 25.933766 -6665.150288
1032.000000 128.300153 26.060187 -8797.655440
1033.000000 128.306211 25.412699 -1238.030737
1034.000000 128.306968 26.563606 -22120.535888
1035.000000 128.312950 26.381587 -15942.129855
1036.000000 128.326358 25.705732 -3714.092210
1037.000000 128.334081 26.186608 -10930.160591
1038.000000 128.338140 26.698170 -25000.000000
1039.000000 128.368008 26.313029 -13062.665743
1040.000000 128.370360 25.978669 -7084.628098
1041.000000 128.386495 25.338472 -0.000000
1042.000000 128.393199 26.629612 -22120.535888
1043.000000 128.396569 25.484989 -1238.030737
1044.000000 128.406643 25.631505 -2476.061473
1045.000000 128.416716 25.778022 -3714.092210
1046.000000 128.417084 26.426490 -16361.607665
1047.000000 128.436103 25.914974 -5104.749060
1048.000000 128.438215 26.231511 -11349.638401
1049.000000 128.448257 26.561054 -19241.071777
1050.000000 128.470031 26.041395 -7237.254212
1051.000000 128.479430 26.695619 -22120.535888
1052.000000 128.486927 25.557278 -1238.030737
1053.000000 128.503316 26.492496 -16361.607665
1054.000000 128.503958 26.167816 -9369.759363
1055.000000 128.510603 26.830183 -25000.000000
1056.000000 128.516387 25.840748 -3866.718323
1057.000000 128.537886 26.294237 -11502.264515
1058.000000 128.565661 26.761625 -22120.535888
1059.000000 128.566218 26.441069 -13339.780080
1060.000000 128.567211 25.483052 -0.000000
1061.000000 128.569702 26.104121 -7389.880325
1062.000000 128.577284 25.629568 -1238.030737
1063.000000 128.596671 25.766521 -2628.687587
1064.000000 128.597391 26.575634 -16219.244191
1065.000000 128.616058 25.903474 -4019.344437
1066.000000 128.628564 26.710198 -19098.708303
1067.000000 128.631961 26.377374 -11359.901042
1068.000000 128.635445 26.040426 -5410.001287
1069.000000 128.659736 26.844762 -21978.172415
1070.000000 128.666668 26.985045 -25000.000000
1071.000000 128.669373 26.166847 -7542.506439
1072.000000 128.676955 25.692294 -1390.656850
1073.000000 128.691466 26.658771 -16076.880718
1074.000000 128.697704 26.313680 -9380.022003
1075.000000 128.715729 25.966200 -4171.970551
1076.000000 128.726036 26.460512 -11217.537568
1077.000000 128.729570 26.933619 -21978.172415
1078.000000 128.749019 25.633185 -0.000000
1079.000000 128.754368 26.607344 -13055.053133
1080.000000 128.763448 26.249985 -7400.142965
1081.000000 128.768406 25.770138 -1390.656850
1082.000000 128.785541 26.741908 -15934.517244
1083.000000 128.787793 25.907091 -2781.313700
1084.000000 128.792473 26.882192 -18956.344829
1085.000000 128.799404 27.022475 -21978.172415
1086.000000 128.806336 27.162758 -25000.000000
1087.000000 128.807180 26.044043 -4171.970551
1088.000000 128.820111 26.543649 -11075.174094
1089.000000 128.834297 26.203513 -5336.621630
1090.000000 128.855375 26.830765 -15934.517244
1091.000000 128.859857 25.847982 -1390.656850
1092.000000 128.862629 26.350345 -7174.137195
1093.000000 128.869239 27.111331 -21978.172415
1094.000000 128.890961 26.497178 -9011.652760
1095.000000 128.906361 26.144404 -3945.964780
1096.000000 128.919293 26.644010 -10849.168324
1097.000000 128.926490 26.784957 -12736.188740
1098.000000 128.931921 25.788873 -0.000000
1099.000000 128.933422 26.925240 -15758.016325
1100.000000 128.938897 27.350323 -25000.000000
1101.000000 128.940353 27.065524 -18779.843910
1102.000000 128.947285 27.205807 -21801.671496
1103.000000 128.951307 25.925825 -1390.656850
1104.000000 128.961811 26.450706 -6948.131425
1105.000000 128.978425 26.085295 -2555.307930
1106.000000 128.997339 26.738485 -10672.667405
1107.000000 129.005543 26.244765 -3719.959010
1108.000000 129.010012 27.304516 -21801.671496
1109.000000 129.011468 27.019716 -15581.515406
1110.000000 129.032660 26.404234 -4884.610090
1111.000000 129.050489 26.026186 -1164.651080
1112.000000 129.060992 26.551066 -6722.125654
1113.000000 129.064350 27.547741 -25000.000000
1114.000000 129.068189 26.692014 -8609.146070
1115.000000 129.072738 27.403225 -21801.671496
1116.000000 129.075386 26.832961 -10496.166486
1117.000000 129.081127 27.258708 -18603.342991
1118.000000 129.082583 26.973908 -12383.186902
1119.000000 129.089515 27.114191 -15405.014487
1120.000000 129.104724 26.345125 -3493.953240
1121.000000 129.120181 25.976023 -0.000000
1122.000000 129.135464 27.501933 -21801.671496
1123.000000 129.139039 26.645542 -6545.624735
1124.000000 129.147299 26.135493 -1164.651080
1125.000000 129.152241 27.212900 -15405.014487
1126.000000 129.153433 26.927436 -10319.665567
1127.000000 129.174417 26.294963 -2329.302160
1128.000000 129.201534 26.454432 -3493.953240
1129.000000 129.204198 27.599205 -21905.573020
1130.000000 129.204705 27.734947 -25000.000000
1131.000000 129.212587 27.454689 -18707.244516
1132.000000 129.213637 26.599039 -4547.698113
1133.000000 129.220834 26.739986 -6434.718529
1134.000000 129.220975 27.310172 -15508.916011
1135.000000 129.228031 26.880934 -8321.738945
1136.000000 129.229364 27.165655 -12310.587507
1137.000000 129.235228 27.021881 -10208.759361
1138.000000 129.244109 26.244800 -1164.651080
1139.000000 129.281827 27.687702 -21905.573020
1140.000000 129.283329 26.548877 -3383.047033
1141.000000 129.289709 27.407444 -15612.817535
1142.000000 129.302629 26.834431 -6323.812323
1143.000000 129.303962 27.119153 -10312.660885
1144.000000 129.313801 26.194637 -0.000000
1145.000000 129.340919 26.354107 -1164.651080
1146.000000 129.353022 26.498714 -2218.395954
1147.000000 129.358443 27.504715 -15716.719060
1148.000000 129.358949 27.640457 -18811.146040
1149.000000 129.359455 27.776199 -21905.573020
1150.000000 129.359962 27.911940 -25000.000000
1151.000000 129.365125 26.643321 -3272.140827
1152.000000 129.366831 27.360199 -12518.390555
1153.000000 129.372696 27.216424 -10416.562409
1154.000000 129.377228 26.787928 -4325.885701
1155.000000 129.378560 27.072650 -8314.734263
1156.000000 129.384425 26.928875 -6212.906117
1157.000000 129.422714 26.448552 -1053.744874
1158.000000 129.436071 27.593212 -15716.719060
1159.000000 129.437084 27.864695 -21905.573020
1160.000000 129.441429 27.313696 -10520.463933
1161.000000 129.446920 26.737766 -3161.234621
1162.000000 129.453158 27.026147 -6316.807641
1163.000000 129.495781 26.397780 -0.000000
1164.000000 129.502077 28.092622 -25000.000000
1165.000000 129.507884 26.542387 -1053.744874
1166.000000 129.509179 27.550441 -12785.758711
1167.000000 129.509686 27.686183 -15880.185691
1168.000000 129.510192 27.821925 -18974.612671
1169.000000 129.510699 27.957666 -22069.039651
1170.000000 129.513639 27.407686 -10527.573147
1171.000000 129.519503 27.263912 -8425.745001
1172.000000 129.519987 26.686994 -2107.489747
1173.000000 129.525368 27.120137 -6323.916855
1174.000000 129.531232 26.976363 -4222.088709
1175.000000 129.532090 26.831601 -3161.234621
1176.000000 129.575185 28.049851 -22069.039651
1177.000000 129.583301 27.779154 -16043.652322
1178.000000 129.587253 27.500657 -10691.039778
1179.000000 129.593054 26.636223 -1053.744874
1180.000000 129.597577 27.214127 -6331.026069
1181.000000 129.604299 26.925591 -3168.343835
1182.000000 129.631048 28.276993 -25000.000000
1183.000000 129.639671 28.142037 -22069.039651
1184.000000 129.648293 28.007081 -19138.079302
1185.000000 129.656409 27.736383 -13112.691973
1186.000000 129.656915 27.872125 -16207.118953
1187.000000 129.660868 27.593628 -10854.506410
1188.000000 129.665327 27.450873 -8596.320846
1189.000000 129.666121 26.585451 -0.000000
1190.000000 129.669787 27.308117 -6338.135283
1191.000000 129.675651 27.164343 -4236.307137
1192.000000 129.676509 27.019581 -3175.453049
1193.000000 129.677366 26.874820 -2114.598961
1194.000000 129.678224 26.730058 -1053.744874
1195.000000 129.704157 28.234222 -22069.039651
1196.000000 129.721401 27.964310 -16207.118953
1197.000000 129.734483 27.686599 -11017.973041
1198.000000 129.743401 27.401088 -6501.601914
1199.000000 129.748718 27.113571 -3182.562263
1200.000000 129.750433 26.824048 -1060.854088
1201.000000 129.763123 28.461647 -25000.000000
1202.000000 129.765136 28.332813 -22052.576181
1203.000000 129.773758 28.197857 -19121.615832
1204.000000 129.782381 28.062901 -16190.655483
1205.000000 129.791003 27.927945 -13259.695134
1206.000000 129.805735 27.787094 -11087.842100
1207.000000 129.810194 27.644339 -8829.656537
1208.000000 129.814653 27.501584 -6571.470973
1209.000000 129.819113 27.358828 -4313.285410
1210.000000 129.829851 27.210976 -3182.562263
1211.000000 129.830709 27.066214 -2121.708175
1212.000000 129.831566 26.921453 -1060.854088
1213.000000 129.832424 26.776691 -0.000000
1214.000000 129.832724 28.425282 -22052.576181
1215.000000 129.843360 28.161493 -16174.192014
1216.000000 129.866715 27.885685 -11071.378630
1217.000000 129.885906 27.602079 -6641.340033
1218.000000 129.898299 28.646585 -25000.000000
1219.000000 129.900313 28.517752 -22052.576181
1220.000000 129.901103 27.311471 -3252.431323
1221.000000 129.902326 28.388918 -19105.152363
1222.000000 129.904340 28.260084 -16157.728544
1223.000000 129.912699 27.018857 -1060.854088
1224.000000 129.912962 28.125128 -13226.768195
1225.000000 129.927694 27.984277 -11054.915161
1226.000000 129.942426 27.843426 -8883.062127
1227.000000 129.957158 27.702574 -6711.209092
1228.000000 129.961617 27.559819 -4453.023529
1229.000000 129.967901 28.610221 -22052.576181
1230.000000 129.971928 28.352553 -16157.728544
1231.000000 129.972356 27.411967 -3322.300382
1232.000000 129.983094 27.264114 -2191.577235
1233.000000 129.988674 28.082868 -11038.451691
1234.000000 129.993833 27.116261 -1060.854088
1235.000000 129.994690 26.971500 -0.000000
1236.000000 130.018138 27.801166 -6694.745623
1237.000000 130.025705 28.833891 -25000.000000
1238.000000 130.027749 28.708018 -21952.520502
1239.000000 130.029762 28.579185 -19005.096683
1240.000000 130.031776 28.450351 -16057.672865
1241.000000 130.033790 28.321517 -13110.249046
1242.000000 130.043608 27.512462 -3392.169441
1243.000000 130.046498 28.187386 -11137.921303
1244.000000 130.061230 28.046535 -8966.068269
1245.000000 130.065085 27.216756 -1130.723147
1246.000000 130.075962 27.905684 -6794.215234
1247.000000 130.087566 28.802855 -21952.520502
1248.000000 130.090694 27.764832 -4622.362200
1249.000000 130.091624 28.548149 -15957.617185
1250.000000 130.106346 28.285184 -11037.865624
1251.000000 130.114561 27.623899 -3392.169441
1252.000000 130.125299 27.476047 -2261.446294
1253.000000 130.133786 28.010201 -6893.684846
1254.000000 130.136038 27.328194 -1130.723147
1255.000000 130.145340 29.023565 -25000.000000
1256.000000 130.146776 27.180341 -0.000000
1257.000000 130.147384 28.897692 -21952.520502
1258.000000 130.149428 28.771819 -18905.041004
1259.000000 130.151472 28.645947 -15857.561506
1260.000000 130.153485 28.517113 -12910.137688
1261.000000 130.166194 28.382981 -10937.809944
1262.000000 130.172385 27.728417 -3491.639053
1263.000000 130.178902 28.248850 -8965.482201
1264.000000 130.191611 28.114719 -6993.154457
1265.000000 130.206343 27.973868 -4821.301423
1266.000000 130.206990 27.439631 -1130.723147
1267.000000 130.207201 28.992529 -21952.520502
1268.000000 130.211289 28.740783 -15857.561506
1269.000000 130.226042 28.480779 -10837.754265
1270.000000 130.230209 27.832935 -3591.108665
1271.000000 130.251458 28.212517 -6893.098778
1272.000000 130.254076 27.692001 -2360.915906
1273.000000 130.256988 29.215555 -25000.000000
1274.000000 130.263923 29.091436 -22111.890534
1275.000000 130.265967 28.965563 -19064.411036
1276.000000 130.268011 28.839690 -16016.931538
1277.000000 130.270055 28.713817 -12969.452040
1278.000000 130.277943 27.551068 -1130.723147
1279.000000 130.279627 28.584752 -10752.663003
1280.000000 130.288034 27.937452 -3690.578276
1281.000000 130.288681 27.403216 -0.000000
1282.000000 130.292335 28.450621 -8780.335260
1283.000000 130.305044 28.316490 -6808.007516
1284.000000 130.315754 29.188589 -22111.890534
1285.000000 130.317752 28.182358 -4835.679773
1286.000000 130.324733 28.938597 -16176.301571
1287.000000 130.335767 27.655586 -1230.192759
1288.000000 130.336349 28.683659 -10912.033035
1289.000000 130.342890 28.049855 -3690.578276
1290.000000 130.358629 28.420462 -6722.916254
1291.000000 130.360650 29.409860 -25000.000000
1292.000000 130.366757 27.908922 -2460.385517
1293.000000 130.367585 29.285742 -22111.890534
1294.000000 130.374519 29.161623 -19223.781069
1295.000000 130.381454 29.037504 -16335.671603
1296.000000 130.383498 28.911631 -13288.192105
1297.000000 130.390623 27.767989 -1230.192759
1298.000000 130.393070 28.782566 -11071.403067
1299.000000 130.396475 28.153828 -3605.487014
1300.000000 130.402642 28.653501 -8854.614030
1301.000000 130.412214 28.524435 -6637.824993
1302.000000 130.414490 27.627056 -0.000000
1303.000000 130.419415 29.382894 -22111.890534
1304.000000 130.424923 28.390304 -4665.497249
1305.000000 130.433285 29.134657 -16335.671603
1306.000000 130.445480 27.880391 -1230.192759
1307.000000 130.447920 29.612754 -25000.000000
1308.000000 130.449792 28.881473 -11230.773100
1309.000000 130.450060 28.257801 -3520.395752
1310.000000 130.468936 28.623342 -6797.195025
1311.000000 130.471263 29.482811 -22079.866729
1312.000000 130.475198 28.125297 -2375.294256
1313.000000 130.478198 29.358692 -19191.757263
1314.000000 130.485132 29.234573 -16303.647797
1315.000000 130.492067 29.110454 -13415.538332
1316.000000 130.500336 27.992794 -1230.192759
1317.000000 130.501164 28.982208 -11304.027801
1318.000000 130.503646 28.361774 -3435.304490
1319.000000 130.510736 28.853143 -9087.238763
1320.000000 130.511609 29.584264 -22126.693272
1321.000000 130.518800 29.824235 -25000.000000
1322.000000 130.520308 28.724078 -6870.449726
1323.000000 130.524203 27.851861 -0.000000
1324.000000 130.529880 28.595013 -4653.660688
1325.000000 130.536980 29.334490 -16271.623992
1326.000000 130.547049 29.690004 -22126.693272
1327.000000 130.549707 28.469255 -3435.304490
1328.000000 130.553012 29.082125 -11272.003995
1329.000000 130.553921 28.096767 -1145.101497
1330.000000 130.570391 29.560061 -19206.560001
1331.000000 130.571681 28.824813 -6943.704427
1332.000000 130.574845 28.336751 -2290.202994
1333.000000 130.582489 29.795745 -22126.693272
1334.000000 130.588827 29.434406 -16239.600187
1335.000000 130.595762 29.310287 -13351.490721
1336.000000 130.599982 28.204248 -1145.101497
1337.000000 130.601079 28.569990 -3508.559192
1338.000000 130.604859 29.182041 -11239.980190
1339.000000 130.613956 29.053795 -9128.469659
1340.000000 130.617929 29.901486 -22126.693272
1341.000000 130.623053 28.925549 -7016.959128
1342.000000 130.625120 28.071745 -0.000000
1343.000000 130.625386 30.021752 -25000.000000
1344.000000 130.629174 29.535859 -16286.426730
1345.000000 130.632625 28.796484 -4800.170091
1346.000000 130.646044 28.311729 -1145.101497
1347.000000 130.646178 29.767255 -19253.386544
1348.000000 130.652452 28.670726 -3581.813893
1349.000000 130.656707 29.281958 -11207.956385
1350.000000 130.669520 29.637312 -16333.253273
1351.000000 130.672279 28.544968 -2363.457695
1352.000000 130.674900 29.025466 -6984.935323
1353.000000 130.687956 29.511657 -13366.293459
1354.000000 130.689075 29.993262 -22126.693272
1355.000000 130.692105 28.419210 -1145.101497
1356.000000 130.703824 28.771462 -3655.068594
1357.000000 130.707870 29.382475 -11179.250065
1358.000000 130.709866 29.738765 -16380.079817
1359.000000 130.716967 29.254229 -9067.739534
1360.000000 130.717243 28.286707 -0.000000
1361.000000 130.726064 29.125983 -6956.229003
1362.000000 130.735161 28.997737 -4844.718472
1363.000000 130.743478 28.519946 -1218.356198
1364.000000 130.745306 29.844505 -16380.079817
1365.000000 130.749857 28.873153 -3655.068594
1366.000000 130.752764 29.964772 -19253.386544
1367.000000 130.753268 29.480987 -11220.115323
1368.000000 130.760222 30.085038 -22126.693272
1369.000000 130.767680 30.205304 -25000.000000
1370.000000 130.768649 29.714562 -13459.946546
1371.000000 130.769684 28.747395 -2436.712396
1372.000000 130.777228 29.226500 -6927.522684
1373.000000 130.789510 28.621637 -1218.356198
1374.000000 130.793614 29.582440 -11266.941867
1375.000000 130.801020 28.973670 -3626.362274
1376.000000 130.809337 28.495880 -0.000000
1377.000000 130.813529 29.453258 -9079.898473
1378.000000 130.816453 29.936282 -16380.079817
1379.000000 130.828391 29.327017 -6898.816365
1380.000000 130.831369 30.176814 -22126.693272
1381.000000 130.833961 29.683893 -11313.768410
1382.000000 130.835543 28.723329 -1218.356198
1383.000000 130.837488 29.198771 -4787.305834
1384.000000 130.852184 29.074188 -3597.655955
1385.000000 130.866880 28.949604 -2408.006077
1386.000000 130.873789 29.425529 -6939.681623
1387.000000 130.874228 29.904448 -13501.114581
1388.000000 130.874307 29.785345 -11360.594953
1389.000000 130.881575 28.825020 -1218.356198
1390.000000 130.881686 30.024714 -16374.421308
1391.000000 130.889143 30.144980 -19247.728036
1392.000000 130.896601 30.265246 -22121.034764
1393.000000 130.899273 29.653223 -9167.590275
1394.000000 130.901402 28.699263 -0.000000
1395.000000 130.903348 29.174705 -3568.949636
1396.000000 130.908318 30.382222 -25000.000000
1397.000000 130.919187 29.524041 -6980.546881
1398.000000 130.932739 28.925538 -1189.649879
1399.000000 130.934050 29.397800 -4799.464773
1400.000000 130.939540 29.873778 -11354.936445
1401.000000 130.946918 30.113146 -16368.762800
1402.000000 130.953023 29.274174 -3568.949636
1403.000000 130.964585 29.622553 -7021.412139
1404.000000 130.966093 30.350388 -22121.034764
1405.000000 130.967719 29.149590 -2379.299757
1406.000000 130.982415 29.025007 -1189.649879
1407.000000 130.997110 28.900423 -0.000000
1408.000000 130.998421 29.372686 -3609.814894
1409.000000 131.004693 30.081312 -13489.797564
1410.000000 131.004772 29.962210 -11349.277937
1411.000000 131.004852 29.843108 -9208.758310
1412.000000 131.004931 29.724006 -7068.238683
1413.000000 131.012151 30.201578 -16363.104292
1414.000000 131.023867 30.318554 -19242.069528
1415.000000 131.024846 29.594824 -4881.195289
1416.000000 131.032090 29.124476 -1189.649879
1417.000000 131.035584 30.435530 -22121.034764
1418.000000 131.043819 29.471197 -3650.680152
1419.000000 131.047300 30.552507 -25000.000000
1420.000000 131.062792 29.347571 -2420.165015
1421.000000 131.070005 30.050642 -11343.619428
1422.000000 131.070164 29.812438 -7062.580174
1423.000000 131.081642 30.286720 -16363.104292
1424.000000 131.081766 29.223944 -1189.649879
1425.000000 131.089217 29.569709 -3691.545410
1426.000000 131.096461 29.099361 -0.000000
1427.000000 131.105075 30.520673 -22121.034764
1428.000000 131.127163 29.322456 -1230.515137
1429.000000 131.131044 30.138508 -11317.565728
1430.000000 131.131124 30.019406 -9177.046101
1431.000000 131.131203 29.900304 -7036.526474
1432.000000 131.131283 29.781202 -4896.006847
1433.000000 131.138303 29.663215 -3691.545410
1434.000000 131.141359 30.253597 -13297.589028
1435.000000 131.153075 30.370573 -16176.554264
1436.000000 131.157277 29.539588 -2461.030274
1437.000000 131.164792 30.487549 -19055.519500
1438.000000 131.176250 29.415962 -1230.515137
1439.000000 131.176508 30.604526 -21934.484736
1440.000000 131.176914 30.724745 -25000.000000
1441.000000 131.192243 29.988169 -7010.472773
1442.000000 131.195223 29.292335 -0.000000
1443.000000 131.199343 29.751081 -3665.491710
1444.000000 131.202477 30.222361 -11131.015700
1445.000000 131.224508 30.454426 -15990.004236
1446.000000 131.225337 29.509467 -1230.515137
1447.000000 131.236630 30.691622 -21934.484736
1448.000000 131.253282 30.076035 -6984.419073
1449.000000 131.253361 29.956933 -4843.899446
1450.000000 131.260382 29.838946 -3639.438010
1451.000000 131.263596 30.191124 -8964.442373
1452.000000 131.267403 29.720959 -2434.976573
1453.000000 131.273910 30.306214 -10944.465673
1454.000000 131.274423 29.602973 -1230.515137
1455.000000 131.284224 30.421303 -12924.488973
1456.000000 131.293397 29.479346 -0.000000
1457.000000 131.295941 30.538279 -15803.454209
1458.000000 131.296347 30.658498 -18868.969472
1459.000000 131.296753 30.778718 -21934.484736
1460.000000 131.297159 30.898937 -25000.000000
1461.000000 131.321421 29.926812 -3613.384309
1462.000000 131.324715 30.159888 -6797.869045
1463.000000 131.335463 29.690838 -1204.461436
1464.000000 131.345343 30.390067 -10757.915645
1465.000000 131.356063 30.625375 -15803.454209
1466.000000 131.356875 30.865814 -21934.484736
1467.000000 131.374687 30.008478 -3613.384309
1468.000000 131.381708 29.890491 -2408.922873
1469.000000 131.387106 30.124676 -4719.689625
1470.000000 131.388729 29.772505 -1204.461436
1471.000000 131.395749 29.654518 -0.000000
1472.000000 131.397420 30.239765 -6699.712925
1473.000000 131.406291 31.081264 -25000.000000
1474.000000 131.407734 30.354854 -8679.736224
1475.000000 131.418048 30.469943 -10659.759524
1476.000000 131.422842 30.592765 -12831.979891
1477.000000 131.423248 30.712984 -15897.495155
1478.000000 131.423655 30.833204 -18963.010419
1479.000000 131.424061 30.953423 -22028.525683
1480.000000 131.441994 29.854171 -1204.461436
1481.000000 131.447392 30.088355 -3515.228188
1482.000000 131.470125 30.319642 -6601.556804
1483.000000 131.473070 31.048654 -22028.525683
1484.000000 131.485233 30.557553 -10753.800471
1485.000000 131.490434 30.800593 -15991.536101
1486.000000 131.495260 29.935837 -1204.461436
1487.000000 131.502281 29.817850 -0.000000
1488.000000 131.504310 31.271725 -25000.000000
1489.000000 131.507679 30.052035 -2310.766752
1490.000000 131.520097 30.168232 -3417.072067
1491.000000 131.522080 31.143884 -22028.525683
1492.000000 131.532516 30.284429 -4523.377383
1493.000000 131.539849 31.016043 -19057.051365
1494.000000 131.542830 30.399519 -6503.400683
1495.000000 131.547624 30.522340 -8675.621050
1496.000000 131.552419 30.645162 -10847.841417
1497.000000 131.557213 30.767983 -13020.061784
1498.000000 131.557619 30.888203 -16085.577048
1499.000000 131.567966 30.015714 -1106.305316
1500.000000 131.571089 31.239115 -22028.525683
1501.000000 131.592802 30.248109 -3318.915947
1502.000000 131.599771 31.467019 -25000.000000
1503.000000 131.606628 30.983433 -16085.577048
1504.000000 131.610015 30.487128 -6597.441629
1505.000000 131.619604 30.732771 -10941.882363
1506.000000 131.627763 29.974074 -0.000000
1507.000000 131.631851 31.330613 -22011.055395
1508.000000 131.640182 30.090271 -1106.305316
1509.000000 131.649621 31.202772 -19039.581078
1510.000000 131.652600 30.206468 -2212.610631
1511.000000 131.665019 30.322666 -3318.915947
1512.000000 131.667390 31.074931 -16068.106760
1513.000000 131.675884 30.448686 -4472.254147
1514.000000 131.678303 31.430676 -22011.055395
1515.000000 131.680679 30.571507 -6644.474514
1516.000000 131.685160 30.947090 -13096.632443
1517.000000 131.685473 30.694329 -8816.694881
1518.000000 131.690267 30.817151 -10988.915248
1519.000000 131.692676 31.667145 -25000.000000
1520.000000 131.712398 30.164828 -1106.305316
1521.000000 131.724755 31.530739 -22011.055395
1522.000000 131.728152 31.166429 -16050.636473
1523.000000 131.735682 30.407045 -3365.948831
1524.000000 131.751029 30.908648 -10971.444960
1525.000000 131.751342 30.655887 -6691.507399
1526.000000 131.756835 31.394333 -19022.110790
1527.000000 131.771207 31.630802 -22011.055395
1528.000000 131.772195 30.123188 -0.000000
1529.000000 131.784614 30.239385 -1106.305316
1530.000000 131.788914 31.257927 -16033.166185
1531.000000 131.795479 30.365405 -2259.643516
1532.000000 131.803540 31.862933 -25000.000000
1533.000000 131.806345 30.491425 -3412.981716
1534.000000 131.806684 31.130086 -13061.691868
1535.000000 131.811791 31.000146 -10953.974673
1536.000000 131.816898 30.870207 -8846.257478
1537.000000 131.817211 30.617445 -4566.319916
1538.000000 131.822005 30.740267 -6738.540283
1539.000000 131.832977 31.721134 -22275.041186
1540.000000 131.835366 31.357990 -16033.166185
1541.000000 131.855277 30.323765 -1153.338200
1542.000000 131.865057 31.584728 -19286.096581
1543.000000 131.872553 31.091644 -10936.504386
1544.000000 131.877008 30.575805 -3460.014601
1545.000000 131.882767 30.831765 -6721.069996
1546.000000 131.897136 31.448322 -16297.151976
1547.000000 131.897389 31.816859 -22275.041186
1548.000000 131.918288 30.279024 -0.000000
1549.000000 131.929153 30.405044 -1153.338200
1550.000000 131.929216 31.311916 -13308.207371
1551.000000 131.932364 32.054383 -25000.000000
1552.000000 131.940019 30.531064 -2306.676400
1553.000000 131.941657 31.175494 -10887.342060
1554.000000 131.946764 31.045554 -8779.624865
1555.000000 131.950885 30.657084 -3460.014601
1556.000000 131.951871 30.915614 -6671.907670
1557.000000 131.956978 30.785674 -4564.190476
1558.000000 131.958906 31.538653 -16561.137766
1559.000000 131.961801 31.912583 -22275.041186
1560.000000 131.991239 31.770784 -19550.082371
1561.000000 132.003030 30.486324 -1153.338200
1562.000000 132.003427 31.265825 -11151.327851
1563.000000 132.019989 30.740934 -3410.852275
1564.000000 132.020676 31.628985 -16825.123557
1565.000000 132.020975 30.999463 -6622.745345
1566.000000 132.026213 32.008308 -22275.041186
1567.000000 132.052756 31.492578 -13836.178952
1568.000000 132.058122 32.246153 -25000.000000
1569.000000 132.065197 31.356157 -11415.313641
1570.000000 132.066041 30.441583 -0.000000
1571.000000 132.076907 30.567603 -1153.338200
1572.000000 132.077638 31.219735 -8994.448330
1573.000000 132.083000 30.696193 -2257.514075
1574.000000 132.085088 31.724709 -16825.123557
1575.000000 132.089093 30.824783 -3361.689950
1576.000000 132.090080 31.083313 -6573.583020
1577.000000 132.095187 30.953373 -4465.865825
1578.000000 132.097787 32.093254 -22184.364254
1579.000000 132.126967 31.446488 -11679.299432
1580.000000 132.127224 31.951455 -19459.405440
1581.000000 132.146011 30.651453 -1104.175875
1582.000000 132.151850 31.173644 -6837.568810
1583.000000 132.156662 31.809655 -16734.446625
1584.000000 132.158198 30.908632 -3312.527624
1585.000000 132.159133 32.189300 -22184.364254
1586.000000 132.180814 32.438245 -25000.000000
1587.000000 132.186099 31.667856 -14009.487811
1588.000000 132.200943 31.526167 -11783.349958
1589.000000 132.213384 31.389745 -9362.484647
1590.000000 132.213516 30.595696 -0.000000
1591.000000 132.219609 30.724286 -1104.175875
1592.000000 132.220479 32.285346 -22184.364254
1593.000000 132.225702 30.852876 -2208.351750
1594.000000 132.225825 31.253323 -6941.619336
1595.000000 132.228235 31.894601 -16643.769694
1596.000000 132.231796 30.981466 -3312.527624
1597.000000 132.238267 31.116901 -4520.754025
1598.000000 132.260144 32.132446 -19368.728508
1599.000000 132.272516 31.611113 -11692.673026
1600.000000 132.281825 32.381392 -22184.364254
1601.000000 132.293207 30.797119 -1104.175875
1602.000000 132.299801 31.333002 -7045.669862
1603.000000 132.299808 31.979547 -16553.092762
1604.000000 132.301799 32.638715 -25000.000000
1605.000000 132.305771 31.061145 -3416.578151
1606.000000 132.329246 31.837748 -13828.133948
1607.000000 132.344089 31.696059 -11601.996095
1608.000000 132.354215 32.470558 -22286.737292
1609.000000 132.358933 31.554370 -9375.858242
1610.000000 132.360712 30.741362 -0.000000
1611.000000 132.361155 32.075593 -16553.092762
1612.000000 132.366805 30.869952 -1104.175875
1613.000000 132.373276 31.005388 -2312.402276
1614.000000 132.373777 31.412681 -7149.720389
1615.000000 132.379747 31.140824 -3520.628677
1616.000000 132.386218 31.276259 -4728.855078
1617.000000 132.393880 32.317659 -19471.101547
1618.000000 132.413853 32.574982 -22286.737292
1619.000000 132.415663 31.781005 -11511.319163
1620.000000 132.421075 32.847562 -25000.000000
1621.000000 132.433545 32.164759 -16655.465801
1622.000000 132.440781 30.949631 -1208.226401
1623.000000 132.445350 31.497627 -7059.043457
1624.000000 132.453723 31.220503 -3624.679203
1625.000000 132.473209 32.011860 -13839.830055
1626.000000 132.473491 32.679405 -22286.737292
1627.000000 132.493505 31.854932 -11503.731470
1628.000000 132.505935 32.253926 -16757.838839
1629.000000 132.508348 31.713244 -9277.593617
1630.000000 132.515632 30.879808 -0.000000
1631.000000 132.522102 31.015243 -1208.226401
1632.000000 132.523192 31.571555 -7051.455764
1633.000000 132.525908 32.511249 -19573.474585
1634.000000 132.528573 31.150679 -2416.452802
1635.000000 132.533129 32.783829 -22286.737292
1636.000000 132.535044 31.286115 -3624.679203
1637.000000 132.538036 31.429866 -4825.317911
1638.000000 132.565895 31.944099 -11606.104508
1639.000000 132.577263 33.045469 -25000.000000
1640.000000 132.578325 32.343093 -16860.211877
1641.000000 132.601034 31.645482 -7043.868070
1642.000000 132.603424 31.080856 -1208.226401
1643.000000 132.603644 32.872279 -22198.164285
1644.000000 132.612886 31.360043 -3617.091510
1645.000000 132.617989 32.190193 -14044.576131
1646.000000 132.637963 32.447516 -16860.211877
1647.000000 132.638285 32.033265 -11708.477547
1648.000000 132.656060 32.704123 -19484.901578
1649.000000 132.658580 31.876338 -9372.378962
1650.000000 132.678274 31.011032 -0.000000
1651.000000 132.678876 31.719410 -7036.280377
1652.000000 132.684745 31.146468 -1208.226401
1653.000000 132.687737 31.290219 -2408.865109
1654.000000 132.690728 31.433970 -3609.503816
1655.000000 132.693720 31.577721 -4810.142524
1656.000000 132.700194 32.965763 -22198.164285
1657.000000 132.708477 32.535966 -16771.638870
1658.000000 132.710675 32.122432 -11810.850585
1659.000000 132.751266 31.808577 -7138.653415
1660.000000 132.760894 32.367810 -14058.376163
1661.000000 132.762587 31.220396 -1200.638708
1662.000000 132.768570 31.507898 -3601.916123
1663.000000 132.770364 33.232435 -25000.000000
1664.000000 132.778991 32.624417 -16683.065863
1665.000000 132.787166 32.198548 -11927.879290
1666.000000 132.796745 33.059246 -22198.164285
1667.000000 132.807462 32.041620 -9591.780706
1668.000000 132.823125 32.886056 -19396.328571
1669.000000 132.827758 31.884692 -7255.682121
1670.000000 132.845891 31.142697 -0.000000
1671.000000 132.848053 31.727765 -4919.583536
1672.000000 132.848882 31.286448 -1200.638708
1673.000000 132.849506 32.712867 -16594.492856
1674.000000 132.851874 31.430199 -2401.277415
1675.000000 132.854865 31.573950 -3601.916123
1676.000000 132.857681 32.286998 -11839.306283
1677.000000 132.893295 33.152729 -22198.164285
1678.000000 132.901922 32.544710 -13881.230149
1679.000000 132.904249 31.960808 -7372.710826
1680.000000 132.928195 32.375448 -11750.733276
1681.000000 132.931357 31.650066 -3718.944828
1682.000000 132.935178 31.352500 -1200.638708
1683.000000 132.946056 32.806350 -16594.492856
1684.000000 132.954468 32.206186 -9620.236404
1685.000000 132.980741 32.036924 -7489.739531
1686.000000 132.981612 33.225642 -21868.588133
1687.000000 132.982108 33.405208 -25000.000000
1688.000000 132.998710 32.463898 -11662.160269
1689.000000 133.001036 31.879996 -5153.640947
1690.000000 133.007849 31.726181 -3835.973534
1691.000000 133.007992 33.052453 -19066.752418
1692.000000 133.014661 31.572367 -2518.306121
1693.000000 133.018481 31.274802 -0.000000
1694.000000 133.021473 31.418553 -1200.638708
1695.000000 133.034373 32.879263 -16264.916704
1696.000000 133.051255 32.125374 -7401.166524
1697.000000 133.060753 32.706074 -13463.080989
1698.000000 133.080609 32.538193 -11727.595564
1699.000000 133.084340 31.802297 -3953.002239
1700.000000 133.096805 33.304932 -21868.588133
1701.000000 133.097964 31.494668 -1317.667413
1702.000000 133.106881 32.368931 -9597.098692
1703.000000 133.122689 32.952176 -15935.340551
1704.000000 133.133154 32.199668 -7466.601820
1705.000000 133.159427 32.030406 -5336.104947
1706.000000 133.166231 31.867759 -3953.002239
1707.000000 133.168925 32.611106 -11398.019412
1708.000000 133.173043 31.713945 -2635.334826
1709.000000 133.179855 31.560130 -1317.667413
1710.000000 133.186667 31.406316 -0.000000
1711.000000 133.211006 33.025090 -15605.764399
1712.000000 133.211502 33.204655 -18737.176266
1713.000000 133.211998 33.384221 -21868.588133
1714.000000 133.212494 33.563787 -25000.000000
1715.000000 133.215053 32.273963 -7532.037115
1716.000000 133.237386 32.851900 -12803.928684
1717.000000 133.248130 31.942053 -4018.437534
1718.000000 133.257241 32.684019 -11068.443260
1719.000000 133.261746 31.625592 -1317.667413
1720.000000 133.277097 32.516138 -9332.957835
1721.000000 133.296952 32.348257 -7597.472410
1722.000000 133.323225 32.178995 -5466.975538
1723.000000 133.326199 33.104379 -15605.764399
1724.000000 133.327191 33.463510 -21868.588133
1725.000000 133.330029 32.016348 -4083.872830
1726.000000 133.336833 31.853701 -2700.770121
1727.000000 133.343637 31.691054 -1317.667413
1728.000000 133.345558 32.756932 -10738.867107
1729.000000 133.350449 31.537239 -0.000000
1730.000000 133.385268 32.421171 -7267.896258
1731.000000 133.411928 32.090643 -4149.308125
1732.000000 133.423842 32.988829 -12349.407094
1733.000000 133.424338 33.168394 -15480.818961
1734.000000 133.424834 33.347960 -18612.230828
1735.000000 133.425331 33.527525 -21743.642695
1736.000000 133.425536 31.765348 -1383.102708
1737.000000 133.433709 32.817510 -10574.104510
1738.000000 133.453564 32.649629 -8838.619086
1739.000000 133.461052 33.720689 -25000.000000
1740.000000 133.473420 32.481748 -7103.133661
1741.000000 133.493275 32.313867 -5367.648236
1742.000000 133.496876 32.146303 -4149.308125
1743.000000 133.503680 31.983655 -2766.205417
1744.000000 133.510484 31.821008 -1383.102708
1745.000000 133.517288 31.658361 -0.000000
1746.000000 133.522478 33.232409 -15355.873523
1747.000000 133.531849 32.881525 -10449.159072
1748.000000 133.558695 33.605139 -21743.642695
1749.000000 133.561571 32.542326 -6938.371064
1750.000000 133.585027 32.206880 -3984.545528
1751.000000 133.595432 31.876668 -1383.102708
1752.000000 133.620121 33.116859 -12099.516218
1753.000000 133.620617 33.296425 -15230.928085
1754.000000 133.629988 32.945541 -10324.213635
1755.000000 133.639855 32.774222 -8548.911051
1756.000000 133.649722 32.602904 -6773.608468
1757.000000 133.656339 33.489589 -18487.285390
1758.000000 133.669578 32.435023 -5038.123043
1759.000000 133.673178 32.267458 -3819.782931
1760.000000 133.676779 32.099893 -2601.442820
1761.000000 133.680380 31.932328 -1383.102708
1762.000000 133.687184 31.769681 -0.000000
1763.000000 133.692060 33.682753 -21743.642695
1764.000000 133.727781 33.875917 -25000.000000
1765.000000 133.728128 33.009556 -10199.268197
1766.000000 133.747862 32.666919 -6648.663030
1767.000000 133.753982 33.374038 -15230.928085
1768.000000 133.761330 32.328035 -3655.020335
1769.000000 133.768531 31.992906 -1218.340112
1770.000000 133.816646 33.063856 -10071.063712
1771.000000 133.822926 33.239977 -11900.741755
1772.000000 133.825424 33.760366 -21743.642695
1773.000000 133.826513 32.892538 -8295.761128
1774.000000 133.836380 32.721219 -6520.458545
1775.000000 133.846247 32.549901 -4745.155961
1776.000000 133.850593 32.378335 -3655.020335
1777.000000 133.854194 32.210771 -2436.680223
1778.000000 133.857795 32.043206 -1218.340112
1779.000000 133.858647 33.433141 -15157.099060
1780.000000 133.861395 31.875641 -0.000000
1781.000000 133.894368 33.626305 -18413.456365
1782.000000 133.921310 33.122960 -9997.234687
1783.000000 133.924897 32.775520 -6392.254059
1784.000000 133.930089 33.819469 -21669.813670
1785.000000 133.939111 32.432636 -3526.815850
1786.000000 133.947059 32.093506 -1218.340112
1787.000000 133.963312 33.492244 -15083.270036
1788.000000 134.013415 32.829821 -6264.049574
1789.000000 134.019695 33.005942 -8093.727618
1790.000000 134.023282 32.658502 -4488.746991
1791.000000 134.025975 33.182063 -9923.405662
1792.000000 134.027629 32.486937 -3398.611364
1793.000000 134.028568 33.967869 -25000.000000
1794.000000 134.031976 32.315371 -2308.475738
1795.000000 134.032256 33.358184 -11753.083706
1796.000000 134.036323 32.143805 -1218.340112
1797.000000 134.039923 31.976241 -0.000000
1798.000000 134.067977 33.551348 -15009.441011
1799.000000 134.097511 33.833808 -21669.813670
1800.000000 134.116147 32.541237 -3270.406879
1801.000000 134.118080 32.888924 -6190.220550
1802.000000 134.124840 32.198106 -1090.135626
1803.000000 134.130640 33.241166 -9849.576638
1804.000000 134.166455 33.699747 -18339.627341
1805.000000 134.200281 32.589763 -3270.406879
1806.000000 134.203986 32.760013 -4336.445057
1807.000000 134.204628 32.418197 -2180.271253
1808.000000 134.208975 32.246632 -1090.135626
1809.000000 134.210266 32.936134 -6166.123101
1810.000000 134.213322 32.075066 -0.000000
1811.000000 134.216546 33.112255 -7995.801145
1812.000000 134.222827 33.288376 -9825.479189
1813.000000 134.235399 33.565686 -15009.441011
1814.000000 134.252348 33.436324 -11441.455430
1815.000000 134.264933 33.848147 -21669.813670
1816.000000 134.292467 32.636973 -3246.309431
1817.000000 134.293109 32.295157 -1090.135626
1818.000000 134.302453 32.983345 -6142.025653
1819.000000 134.338254 33.307414 -9587.679937
1820.000000 134.350826 33.584724 -14771.641759
1821.000000 134.363411 33.996546 -25000.000000
1822.000000 134.377243 32.343683 -1090.135626
1823.000000 134.380949 32.513933 -2156.173805
1824.000000 134.381590 32.172117 -0.000000
1825.000000 134.384654 32.684184 -3222.211983
1826.000000 134.388359 32.854434 -4288.250161
1827.000000 134.394639 33.030555 -6117.928205
1828.000000 134.424160 33.178503 -7733.904445
1829.000000 134.432355 33.862485 -21669.813670
1830.000000 134.449304 33.733123 -18101.828089
1831.000000 134.453681 33.326451 -9349.880686
1832.000000 134.466253 33.603761 -14533.842508
1833.000000 134.469430 32.390893 -1066.038178
1834.000000 134.476840 32.731394 -3198.114534
1835.000000 134.483202 33.474399 -10965.856926
1836.000000 134.510066 33.049592 -5880.128953
1837.000000 134.547782 33.881523 -21432.014419
1838.000000 134.549965 32.258901 -0.000000
1839.000000 134.553670 32.429152 -1066.038178
1840.000000 134.557375 32.599402 -2132.076356
1841.000000 134.561080 32.769653 -3198.114534
1842.000000 134.569108 33.345489 -9112.081434
1843.000000 134.581680 33.622799 -14296.043256
1844.000000 134.582808 32.929828 -4236.407263
1845.000000 134.612329 33.077777 -5852.383504
1846.000000 134.637909 32.467410 -1066.038178
1847.000000 134.641850 33.225725 -7468.359744
1848.000000 134.662513 33.952205 -25000.000000
1849.000000 134.663343 32.797837 -3170.369085
1850.000000 134.671371 33.373673 -9084.335985
1851.000000 134.679462 33.822843 -21432.014419
1852.000000 134.696411 33.693481 -17864.028837
1853.000000 134.713360 33.564119 -14296.043256
1854.000000 134.714592 33.105961 -5824.638054
1855.000000 134.718444 32.335419 -0.000000
1856.000000 134.722149 32.505669 -1066.038178
1857.000000 134.726041 33.468327 -10698.956205
1858.000000 134.743878 32.665845 -2104.330907
1859.000000 134.765606 32.826021 -3142.623636
1860.000000 134.787334 32.986197 -4180.916365
1861.000000 134.798783 33.348563 -9055.234515
1862.000000 134.811142 33.764162 -21432.014419
1863.000000 134.816855 33.134145 -5796.892605
1864.000000 134.824412 32.533853 -1038.292729
1865.000000 134.840772 33.539009 -14266.941786
1866.000000 134.867869 32.854205 -3114.878187
1867.000000 134.871526 33.228800 -7411.512825
1868.000000 134.894188 32.411961 -0.000000
1869.000000 134.915916 32.572137 -1038.292729
1870.000000 134.925873 33.834844 -25000.000000
1871.000000 134.926196 33.323454 -9026.133046
1872.000000 134.937644 32.732313 -2076.585458
1873.000000 134.942822 33.705482 -21432.014419
1874.000000 134.944268 33.109036 -5767.791136
1875.000000 134.955503 33.609691 -17834.927368
1876.000000 134.959372 32.892489 -3114.878187
1877.000000 134.968185 33.513900 -14237.840317
1878.000000 134.980867 33.418109 -10640.753266
1879.000000 135.007420 32.610421 -1038.292729
1880.000000 135.015302 33.025938 -4119.082264
1881.000000 135.053609 33.298345 -8997.031576
1882.000000 135.069973 33.120593 -5733.702484
1883.000000 135.070234 33.680373 -21402.912949
1884.000000 135.077195 32.488529 -0.000000
1885.000000 135.085078 32.904046 -3080.789535
1886.000000 135.095598 33.488790 -14208.738847
1887.000000 135.098923 32.648705 -1038.292729
1888.000000 135.124643 33.215247 -7348.322704
1889.000000 135.154853 32.782154 -2042.496806
1890.000000 135.179314 33.309902 -8962.942925
1891.000000 135.188826 33.775503 -25000.000000
1892.000000 135.195678 33.132150 -5699.613832
1893.000000 135.201508 33.679712 -21402.912949
1894.000000 135.210783 32.915603 -3046.700883
1895.000000 135.214190 33.583921 -17805.825898
1896.000000 135.224628 32.660262 -1004.204077
1897.000000 135.226872 33.488129 -14208.738847
1898.000000 135.246181 33.405495 -10852.583754
1899.000000 135.266712 33.049052 -4050.904961
1900.000000 135.270914 32.563715 -0.000000
1901.000000 135.317215 33.322397 -9203.874882
1902.000000 135.321383 33.143706 -5665.525181
1903.000000 135.326843 32.697164 -1004.204077
1904.000000 135.332782 33.679051 -21402.912949
1905.000000 135.336488 32.927160 -3012.612232
1906.000000 135.364773 33.500625 -14449.670804
1907.000000 135.382773 32.830613 -2008.408154
1908.000000 135.388249 33.239300 -7555.166010
1909.000000 135.429059 32.734065 -1004.204077
1910.000000 135.438703 32.964062 -3012.612232
1911.000000 135.451374 33.774181 -25000.000000
1912.000000 135.455116 33.334893 -9444.806839
1913.000000 135.459284 33.156202 -5906.457138
1914.000000 135.464056 33.678390 -21402.912949
1915.000000 135.475344 32.637518 -0.000000
1916.000000 135.483365 33.595755 -18046.757855
1917.000000 135.502674 33.513121 -14690.602762
1918.000000 135.517497 33.084603 -4098.586248
1919.000000 135.521983 33.430487 -11334.447668
1920.000000 135.531274 32.770967 -1004.204077
1921.000000 135.563782 32.988056 -3094.382170
1922.000000 135.584363 33.180196 -5988.227077
1923.000000 135.593017 33.347389 -9685.738796
1924.000000 135.601957 33.690886 -21643.844906
1925.000000 135.610068 32.891508 -2090.178093
1926.000000 135.640575 33.525617 -14931.534719
1927.000000 135.651230 33.275790 -7877.867906
1928.000000 135.656353 32.794961 -1085.974016
1929.000000 135.688862 33.012050 -3176.152109
1930.000000 135.698052 33.796920 -25000.000000
1931.000000 135.700438 32.714119 -0.000000
1932.000000 135.709443 33.204190 -6069.997015
1933.000000 135.717361 33.714286 -21643.844906
1934.000000 135.718097 33.371383 -9767.508735
1935.000000 135.736670 33.631652 -18287.689812
1936.000000 135.755979 33.549017 -14931.534719
1937.000000 135.767655 33.132591 -4262.126125
1938.000000 135.779232 32.834660 -1085.974016
1939.000000 135.791460 33.477675 -11634.328105
1940.000000 135.813941 33.036044 -3257.922047
1941.000000 135.832765 33.737686 -21643.844906
1942.000000 135.834522 33.228184 -6151.766954
1943.000000 135.849673 33.406076 -9826.457214
1944.000000 135.858026 32.955202 -2171.948032
1945.000000 135.887555 33.583710 -14990.483199
1946.000000 135.902111 32.874360 -1085.974016
1947.000000 135.907885 33.334476 -8018.586324
1948.000000 135.928861 33.843721 -25000.000000
1949.000000 135.936820 33.075743 -3257.922047
1950.000000 135.946197 32.793518 -0.000000
1951.000000 135.948170 33.761086 -21643.844906
1952.000000 135.966098 33.262877 -6210.715434
1953.000000 135.981249 33.440768 -9885.405694
1954.000000 135.983650 33.689744 -18346.638292
1955.000000 136.019131 33.618402 -15049.431679
1956.000000 136.019258 33.196141 -4287.044030
1957.000000 136.024990 32.914059 -1085.974016
1958.000000 136.054612 33.547060 -11752.225065
1959.000000 136.063343 33.115299 -3201.070014
1960.000000 136.079746 33.795779 -21702.793386
1961.000000 136.092621 33.302433 -6153.863400
1962.000000 136.107428 33.034457 -2115.095998
1963.000000 136.112824 33.475461 -9944.354174
1964.000000 136.149619 33.907839 -25000.000000
1965.000000 136.150707 33.653095 -15108.380159
1966.000000 136.151514 32.953615 -1029.121983
1967.000000 136.165984 33.408725 -8020.682771
1968.000000 136.185100 33.836497 -21702.793386
1969.000000 136.189867 33.154855 -3144.217981
1970.000000 136.194375 32.879671 -0.000000
1971.000000 136.219145 33.341989 -6097.011367
1972.000000 136.220580 33.765155 -18405.586772
1973.000000 136.239348 33.515017 -9887.502141
1974.000000 136.256061 33.693813 -15108.380159
1975.000000 136.272305 33.275254 -4173.339964
1976.000000 136.276813 33.000069 -1029.121983
1977.000000 136.290453 33.877216 -21702.793386
1978.000000 136.313540 33.630668 -11697.926127
1979.000000 136.316390 33.194412 -3087.365948
1980.000000 136.345668 33.381546 -6040.159334
1981.000000 136.359251 33.120467 -2058.243965
1982.000000 136.360327 33.989276 -25000.000000
1983.000000 136.366700 33.563933 -9774.254724
1984.000000 136.383413 33.742729 -14995.132741
1985.000000 136.395807 33.917934 -21702.793386
1986.000000 136.402113 33.046523 -1029.121983
1987.000000 136.419860 33.497197 -7850.583320
1988.000000 136.441689 33.240866 -3087.365948
1989.000000 136.444974 32.972578 -0.000000
1990.000000 136.453286 33.854789 -18292.339355
1991.000000 136.473020 33.430461 -5926.911917
1992.000000 136.494052 33.612848 -9661.007307
1993.000000 136.510765 33.791644 -14881.885324
1994.000000 136.523159 33.966850 -21589.545969
1995.000000 136.527412 33.092977 -1029.121983
1996.000000 136.535125 33.367004 -4006.231373
1997.000000 136.545489 34.100030 -25000.000000
1998.000000 136.568244 33.728499 -11471.431293
1999.000000 136.577986 33.293060 -2977.109391
2000.000000 136.602968 34.036885 -21589.545969
2001.000000 136.609316 33.482655 -5816.655360
2002.000000 136.620848 33.219115 -1947.987408
2003.000000 136.621404 33.661764 -9547.759889
2004.000000 136.638117 33.840560 -14768.637907
2005.000000 136.660446 33.973740 -18179.091938
2006.000000 136.663709 33.145171 -918.865426
2007.000000 136.682776 34.106921 -21589.545969
2008.000000 136.683508 33.598306 -7627.079346
2009.000000 136.705106 34.240101 -25000.000000
2010.000000 136.712552 33.071311 -0.000000
2011.000000 136.714283 33.345254 -2866.852834
2012.000000 136.717925 33.910595 -14768.637907
2013.000000 136.745613 33.534849 -5706.398803
2014.000000 136.757700 33.713958 -9437.503332
2015.000000 136.762585 34.176956 -21589.545969
2016.000000 136.792182 33.848359 -11003.022119
2017.000000 136.805987 33.197449 -918.865426
2018.000000 136.807718 33.471392 -3785.718259
2019.000000 136.814512 33.981539 -14413.476150
2020.000000 136.836842 34.114720 -17823.930181
2021.000000 136.850580 33.397448 -2756.596277
2022.000000 136.854287 33.784902 -9082.341575
2023.000000 136.859171 34.247900 -21234.384212
2024.000000 136.881910 33.587043 -5596.142246
2025.000000 136.887572 34.360693 -25000.000000
2026.000000 136.899422 33.323587 -1837.730851
2027.000000 136.911098 34.052483 -14058.314393
2028.000000 136.916392 33.721444 -7161.661032
2029.000000 136.948265 33.249727 -918.865426
2030.000000 136.950874 33.855846 -8727.179818
2031.000000 136.961829 34.298457 -21234.384212
2032.000000 136.978497 33.657987 -5240.980489
2033.000000 136.985355 33.990247 -10292.698604
2034.000000 136.992858 33.449726 -2756.596277
2035.000000 136.997108 33.175867 -0.000000
2036.000000 137.007685 34.123427 -13703.152636
2037.000000 137.036086 34.236221 -17468.768424
2038.000000 137.047460 33.926790 -8372.018061
2039.000000 137.064487 34.349014 -21234.384212
2040.000000 137.069882 33.603711 -3828.214164
2041.000000 137.090543 33.302005 -918.865426
2042.000000 137.092887 34.461807 -25000.000000
2043.000000 137.104364 33.738112 -5393.732950
2044.000000 137.110343 34.173984 -13703.152636
2045.000000 137.118725 33.529850 -2909.348739
2046.000000 137.138846 33.872513 -6959.251737
2047.000000 137.167144 34.399571 -21234.384212
2048.000000 137.167567 33.455990 -1990.483313
2049.000000 137.173327 34.006914 -8524.770523
2050.000000 137.186051 34.126993 -10052.062986
2051.000000 137.214452 34.239786 -13817.678775
2052.000000 137.216410 33.382130 -1071.617887
2053.000000 137.230231 33.818237 -5546.485412
2054.000000 137.242853 34.352579 -17583.294563
2055.000000 137.244592 33.609975 -3062.101200
2056.000000 137.271254 34.465373 -21348.910351
2057.000000 137.277437 34.072716 -8639.296662
2058.000000 137.291866 33.312193 -0.000000
2059.000000 137.318562 34.305588 -13932.204914
2060.000000 137.321616 33.763960 -4133.719088
2061.000000 137.356098 33.898361 -5699.237874
2062.000000 137.368822 34.018440 -7226.530338
2063.000000 137.368890 33.466178 -1071.617887
2064.000000 137.370459 33.690100 -3214.853662
2065.000000 137.381546 34.138518 -8753.822801
2066.000000 137.394271 34.258596 -10281.115265
2067.000000 137.422671 34.371389 -14046.731053
2068.000000 137.445914 33.620163 -2143.235775
2069.000000 137.460208 33.964163 -5813.764013
2070.000000 137.485656 34.204319 -8868.348940
2071.000000 137.521370 33.550226 -1071.617887
2072.000000 137.522939 33.774148 -3214.853662
2073.000000 137.548840 33.923481 -4388.823359
2074.000000 137.561564 34.043560 -5916.115822
2075.000000 137.574288 34.163638 -7443.408286
2076.000000 137.587012 34.283716 -8970.700749
2077.000000 137.596825 33.480289 -0.000000
2078.000000 137.624295 33.853545 -3317.205472
2079.000000 137.662921 34.122956 -6018.467632
2080.000000 137.673850 33.634274 -1071.617887
2081.000000 137.699751 33.783608 -2245.587584
2082.000000 137.725652 33.932941 -3419.557281
2083.000000 137.751553 34.082275 -4593.526977
2084.000000 137.764277 34.202353 -6120.819441
2085.000000 137.775206 33.713671 -1173.969697
2086.000000 137.827008 34.012338 -3521.909090
2087.000000 137.871145 33.685753 -0.000000
2088.000000 137.897047 33.835086 -1173.969697
2089.000000 137.922948 33.984420 -2347.939393
2090.000000 137.948849 34.133754 -3521.909090
2091.000000 138.018887 33.956502 -1173.969697
2092.000000 138.114826 33.928584 -0.000000
2093.000000 138.140727 34.077918 -1173.969697
