1 39 145 138
2 39 144 145
3 40 210 208
4 35 175 170
5 32 213 221
6 40 227 210
7 38 186 189
8 5 382 383
9 5 383 404
10 17 400 369
11 8 389 390
12 39 137 143
13 41 169 158
14 25 301 306
15 20 354 346
16 35 178 195
17 26 279 284
18 32 198 213
19 17 414 400
20 35 188 175
21 32 211 197
22 32 197 191
23 32 221 211
24 23 273 283
25 27 204 219
26 27 219 228
27 24 237 255
28 29 246 254
29 24 255 253
30 26 262 274
31 20 346 321
32 13 476 465
33 11 429 409
34 12 356 353
35 6 339 317
36 1 446 463
37 2 377 401
38 2 401 413
39 4 452 453
40 11 434 429
41 7 472 457
42 19 421 403
43 15 350 325
44 14 431 410
45 16 471 443
46 14 394 388
47 14 410 394
48 21 288 286
49 20 313 332
50 23 298 287
51 23 283 300
52 20 332 354
53 35 170 168
54 38 176 163
55 38 171 185
56 33 152 162
57 34 247 233
58 37 218 232
59 37 238 218
60 6 319 340
61 9 347 345
62 14 388 406
63 9 326 347
64 42 139 136
65 38 163 171
66 26 274 279
67 19 403 387
68 38 189 176
69 25 320 301
70 35 195 188
71 13 465 461
72 32 191 198
73 29 225 231
74 30 174 187
75 31 257 251
76 27 228 236
77 30 194 190
78 29 248 234
79 27 236 222
80 31 268 257
81 23 287 278
82 29 254 248
83 17 369 375
84 10 468 477
85 7 457 459
86 11 409 398
87 2 376 377
88 5 419 418
89 6 340 339
90 5 418 402
91 5 404 419
92 10 475 469
93 4 453 470
94 16 443 447
95 11 398 397
96 10 469 468
97 13 461 474
98 15 315 349
99 11 397 411
100 20 321 311
101 23 300 298
102 20 311 313
103 26 284 275
104 22 363 343
105 49 156 147
106 48 165 153
107 60 182 196
108 52 157 164
109 66 240 230
110 69 214 212
111 61 220 203
112 104 342 364
113 105 367 385
114 115 380 374
115 106 348 368
116 43 141 142
117 53 160 159
118 84 285 296
119 107 384 366
120 54 192 193
121 84 305 295
122 57 201 206
123 125 442 423
124 57 184 179
125 65 215 205
126 56 177 183
127 70 244 229
128 76 252 267
129 59 202 209
130 67 242 235
131 68 243 250
132 73 264 259
133 79 276 265
134 75 260 266
135 103 358 335
136 135 467 466
137 127 441 428
138 111 393 371
139 102 361 338
140 121 437 449
141 102 362 379
142 114 417 415
143 122 420 439
144 130 462 444
145 132 455 456
146 123 435 416
147 110 372 352
148 129 450 432
149 133 458 454
150 109 341 365
151 118 396 395
152 86 307 297
153 89 308 318
154 89 303 293
155 82 290 294
156 98 360 359
157 50 150 148
158 54 178 166
159 53 169 181
160 46 146 154
161 74 258 245
162 61 186 199
163 71 241 223
164 94 324 344
165 106 389 386
166 101 330 357
167 96 328 351
168 45 155 149
169 48 144 151
170 81 282 289
171 113 399 378
172 62 224 207
173 97 337 312
174 64 226 216
175 128 430 427
176 55 167 173
177 63 194 200
178 51 161 172
179 73 246 239
180 72 256 263
181 63 225 217
182 75 262 249
183 76 273 261
184 80 281 270
185 83 280 272
186 78 277 271
187 99 322 331
188 129 431 448
189 126 425 426
190 117 407 391
191 100 334 336
192 122 452 451
193 104 382 381
194 121 446 436
195 116 405 422
196 134 473 460
197 124 424 440
198 119 408 412
199 111 356 355
200 130 434 433
201 125 414 438
202 91 309 333
203 110 350 370
204 92 310 302
205 90 329 323
206 86 288 291
207 87 316 304
208 112 392 373
209 49 147 145
210 48 153 144
211 60 196 210
212 52 164 175
213 66 230 213
214 69 212 227
215 61 203 186
216 104 364 382
217 105 385 383
218 115 374 400
219 106 368 389
220 43 142 137
221 53 159 169
222 84 296 301
223 107 366 354
224 54 193 178
225 84 295 279
226 57 206 198
227 125 423 414
228 57 179 188
229 65 205 211
230 56 183 197
231 70 229 221
232 76 267 273
233 59 209 204
234 67 235 219
235 68 250 237
236 73 259 246
237 79 265 255
238 75 266 262
239 103 335 346
240 135 466 476
241 127 428 429
242 111 371 356
243 102 338 339
244 121 449 446
245 102 379 377
246 114 415 401
247 122 439 452
248 130 444 434
249 132 456 472
250 123 416 421
251 110 352 350
252 129 432 431
253 133 454 471
254 109 365 394
255 118 395 410
256 86 297 288
257 89 318 313
258 89 293 298
259 82 294 283
260 98 359 332
261 50 156 170
262 54 165 176
263 53 182 171
264 46 157 152
265 74 240 247
266 61 214 218
267 71 220 238
268 94 342 319
269 106 367 347
270 101 380 388
271 96 348 326
272 45 141 139
273 48 160 163
274 81 285 274
275 113 384 403
276 62 192 189
277 97 305 320
278 64 201 195
279 128 442 465
280 55 184 191
281 63 215 225
282 51 177 174
283 73 244 257
284 72 252 228
285 63 202 194
286 75 242 248
287 76 243 236
288 80 264 268
289 83 276 287
290 78 260 254
291 99 358 369
292 129 467 468
293 126 441 457
294 117 393 409
295 100 361 376
296 122 437 419
297 104 362 340
298 121 417 418
299 116 420 404
300 134 462 475
301 124 455 453
302 119 435 443
303 111 372 398
304 130 450 469
305 125 458 461
306 91 341 315
307 110 396 397
308 92 307 321
309 90 308 300
310 86 303 311
311 87 290 284
312 112 360 363
313 50 148 156
314 54 166 165
315 53 181 182
316 46 154 157
317 74 245 240
318 61 199 214
319 71 223 220
320 94 344 342
321 106 386 367
322 101 357 380
323 96 351 348
324 45 149 141
325 48 151 160
326 81 289 285
327 113 378 384
328 62 207 192
329 97 312 305
330 64 216 201
331 128 427 442
332 55 173 184
333 63 200 215
334 51 172 177
335 73 239 244
336 72 263 252
337 63 217 202
338 75 249 242
339 76 261 243
340 80 270 264
341 83 272 276
342 78 271 260
343 99 331 358
344 129 448 467
345 126 426 441
346 117 391 393
347 100 336 361
348 122 451 437
349 104 381 362
350 121 436 417
351 116 422 420
352 134 460 462
353 124 440 455
354 119 412 435
355 111 355 372
356 130 433 450
357 125 438 458
358 91 333 341
359 110 370 396
360 92 302 307
361 90 323 308
362 86 291 303
363 87 304 290
364 112 373 360
365 36 140 150
366 35 168 178
367 41 180 169
368 36 150 146
369 31 251 258
370 38 185 186
371 34 224 241
372 9 345 324
373 8 405 389
374 18 322 330
375 12 353 328
376 41 158 155
377 39 143 144
378 28 292 282
379 17 375 399
380 34 226 224
381 22 316 337
382 34 233 226
383 14 406 430
384 33 162 167
385 30 187 194
386 33 167 161
387 29 231 246
388 26 275 256
389 29 234 225
390 26 256 262
391 23 278 273
392 28 277 281
393 21 269 280
394 28 282 277
395 18 310 322
396 14 430 431
397 8 407 425
398 8 390 407
399 3 314 334
400 4 464 452
401 5 402 382
402 1 445 446
403 8 424 405
404 7 459 473
405 8 425 424
406 17 399 408
407 12 327 356
408 11 411 434
409 17 408 414
410 18 330 309
411 15 349 350
412 18 299 310
413 22 343 329
414 21 280 288
415 22 329 316
416 19 387 392
417 145 147 138
418 144 153 145
419 210 196 208
420 175 164 170
421 213 230 221
422 227 212 210
423 186 203 189
424 382 364 383
425 383 385 404
426 400 374 369
427 389 368 390
428 137 142 143
429 169 159 158
430 301 296 306
431 354 366 346
432 178 193 195
433 279 295 284
434 198 206 213
435 414 423 400
436 188 179 175
437 211 205 197
438 197 183 191
439 221 229 211
440 273 267 283
441 204 209 219
442 219 235 228
443 237 250 255
444 246 259 254
445 255 265 253
446 262 266 274
447 346 335 321
448 476 466 465
449 429 428 409
450 356 371 353
451 339 338 317
452 446 449 463
453 377 379 401
454 401 415 413
455 452 439 453
456 434 444 429
457 472 456 457
458 421 416 403
459 350 352 325
460 431 432 410
461 471 454 443
462 394 365 388
463 410 395 394
464 288 297 286
465 313 318 332
466 298 293 287
467 283 294 300
468 332 359 354
469 170 156 168
470 176 165 163
471 171 182 185
472 152 157 162
473 247 240 233
474 218 214 232
475 238 220 218
476 319 342 340
477 347 367 345
478 388 380 406
479 326 348 347
480 139 141 136
481 163 160 171
482 274 285 279
483 403 384 387
484 189 192 176
485 320 305 301
486 195 201 188
487 465 442 461
488 191 184 198
489 225 215 231
490 174 177 187
491 257 244 251
492 228 252 236
493 194 202 190
494 248 242 234
495 236 243 222
496 268 264 257
497 287 276 278
498 254 260 248
499 369 358 375
500 468 467 477
501 457 441 459
502 409 393 398
503 376 361 377
504 419 437 418
505 340 362 339
506 418 417 402
507 404 420 419
508 475 462 469
509 453 455 470
510 443 435 447
511 398 372 397
512 469 450 468
513 461 458 474
514 315 341 349
515 397 396 411
516 321 307 311
517 300 308 298
518 311 303 313
519 284 290 275
520 363 360 343
521 156 148 147
522 165 166 153
523 182 181 196
524 157 154 164
525 240 245 230
526 214 199 212
527 220 223 203
528 342 344 364
529 367 386 385
530 380 357 374
531 348 351 368
532 141 149 142
533 160 151 159
534 285 289 296
535 384 378 366
536 192 207 193
537 305 312 295
538 201 216 206
539 442 427 423
540 184 173 179
541 215 200 205
542 177 172 183
543 244 239 229
544 252 263 267
545 202 217 209
546 242 249 235
547 243 261 250
548 264 270 259
549 276 272 265
550 260 271 266
551 358 331 335
552 467 448 466
553 441 426 428
554 393 391 371
555 361 336 338
556 437 451 449
557 362 381 379
558 417 436 415
559 420 422 439
560 462 460 444
561 455 440 456
562 435 412 416
563 372 355 352
564 450 433 432
565 458 438 454
566 341 333 365
567 396 370 395
568 307 302 297
569 308 323 318
570 303 291 293
571 290 304 294
572 360 373 359
573 150 140 148
574 178 168 166
575 169 180 181
576 146 150 154
577 258 251 245
578 186 185 199
579 241 224 223
580 324 345 344
581 389 405 386
582 330 322 357
583 328 353 351
584 155 158 149
585 144 143 151
586 282 292 289
587 399 375 378
588 224 226 207
589 337 316 312
590 226 233 216
591 430 406 427
592 167 162 173
593 194 187 200
594 161 167 172
595 246 231 239
596 256 275 263
597 225 234 217
598 262 256 249
599 273 278 261
600 281 277 270
601 280 269 272
602 277 282 271
603 322 310 331
604 431 430 448
605 425 407 426
606 407 390 391
607 334 314 336
608 452 464 451
609 382 402 381
610 446 445 436
611 405 424 422
612 473 459 460
613 424 425 440
614 408 399 412
615 356 327 355
616 434 411 433
617 414 408 438
618 309 330 333
619 350 349 370
620 310 299 302
621 329 343 323
622 288 280 291
623 316 329 304
624 392 387 373
625 147 44 138
626 153 49 145
627 196 58 208
628 164 50 170
629 230 70 221
630 212 60 210
631 203 62 189
632 364 105 383
633 385 116 404
634 374 99 369
635 368 108 390
636 142 47 143
637 159 47 158
638 296 88 306
639 366 103 346
640 193 64 195
641 295 87 284
642 206 66 213
643 423 115 400
644 179 52 175
645 205 56 197
646 183 55 191
647 229 65 211
648 267 82 283
649 209 67 219
650 235 72 228
651 250 79 255
652 259 78 254
653 265 77 253
654 266 81 274
655 335 92 321
656 466 128 465
657 428 117 409
658 371 108 353
659 338 93 317
660 449 131 463
661 379 114 401
662 415 120 413
663 439 124 453
664 444 127 429
665 456 126 457
666 416 113 403
667 352 95 325
668 432 118 410
669 454 119 443
670 365 101 388
671 395 109 394
672 297 85 286
673 318 98 332
674 293 83 287
675 294 90 300
676 359 107 354
677 156 49 168
678 165 48 163
679 182 60 185
680 157 52 162
681 240 66 233
682 214 69 232
683 220 61 218
684 342 104 340
685 367 105 345
686 380 115 406
687 348 106 347
688 141 43 136
689 160 53 171
690 285 84 279
691 384 107 387
692 192 54 176
693 305 84 301
694 201 57 188
695 442 125 461
696 184 57 198
697 215 65 231
698 177 56 187
699 244 70 251
700 252 76 236
701 202 59 190
702 242 67 234
703 243 68 222
704 264 73 257
705 276 79 278
706 260 75 248
707 358 103 375
708 467 135 477
709 441 127 459
710 393 111 398
711 361 102 377
712 437 121 418
713 362 102 339
714 417 114 402
715 420 122 419
716 462 130 469
717 455 132 470
718 435 123 447
719 372 110 397
720 450 129 468
721 458 133 474
722 341 109 349
723 396 118 411
724 307 86 311
725 308 89 298
726 303 89 313
727 290 82 275
728 360 98 343
729 148 44 147
730 166 49 153
731 181 58 196
732 154 50 164
733 245 70 230
734 199 60 212
735 223 62 203
736 344 105 364
737 386 116 385
738 357 99 374
739 351 108 368
740 149 47 142
741 151 47 159
742 289 88 296
743 378 103 366
744 207 64 193
745 312 87 295
746 216 66 206
747 427 115 423
748 173 52 179
749 200 56 205
750 172 55 183
751 239 65 229
752 263 82 267
753 217 67 209
754 249 72 235
755 261 79 250
756 270 78 259
757 272 77 265
758 271 81 266
759 331 92 335
760 448 128 466
761 426 117 428
762 391 108 371
763 336 93 338
764 451 131 449
765 381 114 379
766 436 120 415
767 422 124 439
768 460 127 444
769 440 126 456
770 412 113 416
771 355 95 352
772 433 118 432
773 438 119 454
774 333 101 365
775 370 109 395
776 302 85 297
777 323 98 318
778 291 83 293
779 304 90 294
780 373 107 359
781 140 44 148
782 168 49 166
783 180 58 181
784 150 50 154
785 251 70 245
786 185 60 199
787 224 62 223
788 345 105 344
789 405 116 386
790 322 99 357
791 353 108 351
792 158 47 149
793 143 47 151
794 292 88 289
795 375 103 378
796 226 64 207
797 316 87 312
798 233 66 216
799 406 115 427
800 162 52 173
801 187 56 200
802 167 55 172
803 231 65 239
804 275 82 263
805 234 67 217
806 256 72 249
807 278 79 261
808 277 78 270
809 269 77 272
810 282 81 271
811 310 92 331
812 430 128 448
813 407 117 426
814 390 108 391
815 314 93 336
816 464 131 451
817 402 114 381
818 445 120 436
819 424 124 422
820 459 127 460
821 425 126 440
822 399 113 412
823 327 95 355
824 411 118 433
825 408 119 438
826 330 101 333
827 349 109 370
828 299 85 302
829 343 98 323
830 280 83 291
831 329 90 304
832 387 107 373
