1 26 615 622
2 37 717 716
3 71 1005 999
4 38 712 719
5 41 742 747
6 35 693 700
7 77 1064 1063
8 41 745 743
9 32 667 674
10 39 722 718
11 53 856 857
12 17 537 543
13 31 664 669
14 14 505 511
15 14 511 517
16 11 486 479
17 6 436 437
18 23 582 589
19 95 1207 1208
20 13 513 521
21 58 899 898
22 31 669 677
23 45 769 768
24 45 773 769
25 56 875 881
26 68 969 978
27 81 1093 1086
28 116 1390 1392
29 98 1246 1238
30 119 1412 1415
31 119 1415 1426
32 115 1381 1387
33 116 1392 1399
34 89 1168 1167
35 104 1285 1287
36 76 1047 1048
37 49 820 821
38 77 1065 1064
39 83 1110 1116
40 86 1137 1143
41 95 1220 1212
42 33 670 671
43 26 608 615
44 26 609 608
45 61 924 929
46 60 900 892
47 63 926 917
48 65 961 954
49 56 869 875
50 45 782 773
51 57 866 865
52 41 752 745
53 48 808 799
54 58 898 903
55 53 843 849
56 60 905 900
57 63 930 931
58 50 830 831
59 50 823 829
60 43 775 774
61 44 779 778
62 47 803 806
63 47 802 803
64 30 640 631
65 25 613 617
66 26 622 623
67 30 644 645
68 31 665 664
69 29 641 648
70 11 478 485
71 8 460 453
72 22 591 599
73 20 563 570
74 16 539 547
75 14 517 518
76 22 586 591
77 17 543 544
78 15 502 501
79 14 506 505
80 6 432 423
81 6 437 432
82 9 463 458
83 5 427 426
84 5 434 427
85 2 415 408
86 5 441 434
87 13 509 513
88 7 461 470
89 16 535 539
90 19 561 565
91 25 617 626
92 19 565 574
93 34 691 695
94 52 847 846
95 55 873 872
96 38 720 713
97 44 771 764
98 44 778 771
99 41 743 742
100 61 925 924
101 82 1113 1111
102 89 1169 1168
103 112 1362 1365
104 99 1252 1244
105 110 1350 1342
106 85 1132 1138
107 88 1157 1162
108 91 1183 1188
109 94 1216 1214
110 97 1242 1240
111 103 1280 1286
112 100 1260 1265
113 107 1311 1313
114 106 1304 1306
115 109 1343 1340
116 121 1424 1428
117 122 1440 1443
118 118 1401 1410
119 121 1428 1435
120 122 1443 1446
121 120 1427 1430
122 106 1312 1316
123 113 1363 1372
124 106 1306 1312
125 110 1338 1339
126 110 1342 1338
127 111 1351 1346
128 114 1371 1374
129 108 1323 1319
130 102 1271 1264
131 105 1297 1292
132 99 1244 1237
133 85 1138 1136
134 86 1130 1137
135 99 1237 1239
136 94 1203 1209
137 82 1098 1100
138 64 951 950
139 79 1073 1074
140 71 1012 1005
141 74 1031 1024
142 82 1107 1113
143 82 1100 1107
144 72 1016 1007
145 78 1059 1054
146 62 934 935
147 62 927 934
148 65 960 961
149 68 978 987
150 67 981 986
151 65 953 960
152 72 1007 1002
153 75 1033 1028
154 78 1054 1055
155 74 1038 1037
156 78 1068 1059
157 84 1112 1108
158 96 1218 1213
159 90 1166 1159
160 93 1185 1187
161 27 619 614
162 34 695 704
163 70 995 1004
164 36 696 697
165 38 725 726
166 36 697 692
167 80 1083 1077
168 40 735 744
169 33 671 666
170 42 738 737
171 56 876 869
172 18 540 536
173 29 648 649
174 11 491 492
175 15 514 510
176 10 482 487
177 9 458 449
178 21 566 567
179 92 1189 1194
180 14 518 512
181 55 877 886
182 32 674 668
183 41 747 756
184 44 765 772
185 57 878 874
186 66 957 956
187 83 1103 1104
188 113 1372 1376
189 101 1257 1259
190 115 1387 1394
191 116 1407 1403
192 113 1376 1373
193 114 1388 1384
194 92 1186 1181
195 101 1268 1272
196 73 1030 1034
197 46 796 800
198 81 1086 1080
199 84 1120 1112
200 87 1148 1139
201 98 1232 1233
202 36 692 683
203 24 592 593
204 23 589 596
205 59 908 909
206 59 895 901
207 62 920 927
208 67 977 976
209 53 855 856
210 48 794 795
211 53 849 855
212 44 764 765
213 51 813 817
214 56 882 883
215 50 829 830
216 62 921 920
217 66 952 943
218 53 850 843
219 51 826 822
220 47 797 790
221 48 799 794
222 50 824 816
223 51 822 813
224 29 634 641
225 22 599 600
226 29 642 635
227 33 666 657
228 28 643 652
229 30 645 640
230 9 462 463
231 7 456 461
232 23 596 590
233 21 567 562
234 17 544 538
235 18 536 528
236 20 570 571
237 21 562 554
238 11 485 491
239 10 487 495
240 5 426 433
241 8 453 452
242 11 479 478
243 2 407 414
244 4 430 435
245 4 431 430
246 7 457 456
247 10 495 496
248 8 467 460
249 13 521 522
250 16 547 548
251 26 623 616
252 20 571 564
253 31 677 678
254 49 825 834
255 52 851 860
256 37 716 721
257 43 761 770
258 47 790 791
259 37 721 730
260 58 903 912
261 86 1135 1128
262 93 1192 1185
263 113 1373 1367
264 102 1264 1266
265 113 1361 1363
266 86 1142 1135
267 89 1167 1160
268 92 1193 1186
269 98 1238 1232
270 101 1263 1257
271 101 1272 1270
272 101 1270 1263
273 104 1294 1298
274 103 1286 1291
275 113 1367 1361
276 118 1410 1411
277 119 1426 1429
278 115 1394 1389
279 119 1429 1425
280 120 1442 1439
281 116 1399 1407
282 107 1322 1315
283 110 1352 1350
284 104 1298 1296
285 107 1320 1325
286 109 1331 1336
287 110 1339 1347
288 110 1347 1352
289 107 1313 1320
290 101 1259 1268
291 104 1287 1294
292 98 1233 1241
293 89 1160 1154
294 84 1121 1120
295 95 1215 1221
296 92 1194 1193
297 79 1082 1085
298 61 929 938
299 76 1056 1060
300 74 1024 1025
301 73 1021 1030
302 83 1116 1109
303 80 1090 1089
304 75 1028 1029
305 77 1051 1058
306 65 954 947
307 63 931 926
308 68 979 973
309 69 990 980
310 68 983 979
311 66 956 952
312 71 998 1006
313 74 1025 1032
314 74 1032 1039
315 77 1057 1051
316 81 1080 1081
317 83 1104 1110
318 95 1208 1215
319 89 1155 1163
320 89 1163 1169
321 180 620 621
322 207 703 708
323 285 996 997
324 204 705 711
325 213 732 741
326 201 698 699
327 303 1076 1070
328 215 736 739
329 194 672 673
330 210 731 723
331 247 870 863
332 159 541 542
333 192 655 663
334 149 498 504
335 152 515 516
336 146 481 480
337 133 450 445
338 169 575 581
339 338 1195 1202
340 153 519 520
341 256 885 890
342 195 675 676
343 221 755 760
344 223 766 767
345 250 879 880
346 273 965 970
347 311 1097 1092
348 387 1379 1385
349 352 1251 1245
350 393 1396 1406
351 394 1414 1419
352 386 1380 1383
353 388 1391 1395
354 331 1180 1173
355 359 1274 1281
356 294 1035 1043
357 233 801 812
358 304 1079 1071
359 314 1118 1117
360 321 1146 1145
361 345 1225 1219
362 196 684 679
363 176 601 607
364 177 595 602
365 262 915 923
366 257 894 893
367 264 919 918
368 276 968 962
369 247 862 868
370 228 786 781
371 246 854 861
372 219 758 751
373 234 810 807
374 255 889 897
375 240 836 842
376 260 914 906
377 266 944 939
378 240 844 837
379 236 827 828
380 225 789 783
381 227 793 785
382 232 818 811
383 231 814 809
384 187 633 632
385 179 604 612
386 184 636 629
387 189 658 653
388 193 651 656
389 187 646 647
390 141 471 477
391 139 455 454
392 174 597 598
393 166 568 569
394 160 545 546
395 155 529 524
396 171 577 585
397 162 555 550
398 148 490 497
399 150 494 499
400 131 425 424
401 134 446 438
402 141 472 464
403 128 413 420
404 132 429 428
405 129 422 416
406 136 448 442
407 151 500 508
408 139 468 469
409 158 526 534
410 165 552 560
411 181 624 625
412 167 572 573
413 200 682 690
414 242 833 838
415 249 859 864
416 209 715 714
417 222 762 763
418 226 784 777
419 214 729 734
420 263 911 916
421 316 1127 1119
422 332 1184 1176
423 382 1370 1368
424 354 1258 1250
425 380 1354 1348
426 320 1141 1140
427 327 1165 1164
428 334 1191 1190
429 344 1230 1222
430 351 1256 1248
431 358 1276 1282
432 355 1269 1267
433 366 1300 1307
434 364 1293 1299
435 379 1358 1349
436 397 1416 1422
437 401 1433 1438
438 391 1398 1404
439 399 1431 1432
440 403 1444 1445
441 396 1409 1420
442 369 1321 1318
443 380 1359 1366
444 365 1302 1308
445 373 1326 1334
446 376 1333 1335
447 378 1341 1344
448 381 1355 1364
449 370 1314 1317
450 356 1261 1262
451 363 1288 1290
452 349 1234 1236
453 323 1152 1144
454 318 1126 1131
455 346 1223 1231
456 337 1199 1204
457 308 1087 1094
458 270 937 942
459 301 1061 1069
460 289 1018 1011
461 292 1022 1023
462 313 1115 1114
463 309 1096 1101
464 291 1020 1015
465 300 1052 1053
466 268 948 941
467 264 932 933
468 275 974 967
469 278 989 988
470 279 984 985
471 271 958 959
472 286 1000 1001
473 293 1026 1027
474 297 1040 1046
475 296 1050 1044
476 305 1072 1067
477 314 1105 1106
478 342 1210 1211
479 328 1156 1158
480 332 1171 1179
481 183 634 628
482 202 694 702
483 280 982 991
484 203 709 710
485 212 738 740
486 204 712 706
487 306 1082 1075
488 211 728 733
489 197 686 680
490 212 725 724
491 251 877 871
492 161 553 549
493 191 661 662
494 148 502 503
495 154 527 523
496 143 467 473
497 138 459 451
498 168 579 580
499 335 1192 1197
500 156 531 525
501 251 876 884
502 198 687 681
503 216 746 754
504 219 752 759
505 252 891 887
506 274 972 971
507 310 1090 1091
508 385 1377 1382
509 351 1242 1243
510 389 1393 1400
511 396 1427 1423
512 387 1390 1386
513 390 1402 1397
514 334 1183 1178
515 356 1271 1275
516 292 1031 1036
517 229 797 804
518 307 1084 1078
519 318 1130 1123
520 326 1161 1153
521 344 1216 1217
522 201 693 685
523 175 605 606
524 173 588 594
525 261 921 922
526 254 882 888
527 260 905 913
528 277 964 963
529 246 866 867
530 227 779 780
531 243 848 853
532 218 749 750
533 231 802 805
534 254 895 896
535 239 840 841
536 261 908 907
537 271 953 945
538 244 851 845
539 238 839 835
540 229 796 788
541 230 798 792
542 237 825 819
543 236 823 815
544 183 619 627
545 178 610 611
546 188 643 637
547 194 667 659
548 188 642 650
549 190 660 654
550 140 475 476
551 136 441 447
552 177 609 603
553 169 582 576
554 163 557 551
555 159 537 530
556 170 583 584
557 166 563 556
558 145 484 489
559 146 486 493
560 127 411 419
561 135 440 439
562 142 466 465
563 124 406 412
564 129 415 421
565 130 418 417
566 137 444 443
567 150 506 507
568 143 482 474
569 157 532 533
570 164 558 559
571 185 638 630
572 171 586 578
573 199 688 689
574 237 824 832
575 244 850 858
576 206 701 707
577 217 748 757
578 225 775 776
579 209 720 727
580 258 902 910
581 320 1132 1125
582 335 1189 1182
583 386 1381 1375
584 353 1247 1249
585 379 1343 1345
586 324 1155 1147
587 330 1177 1170
588 337 1203 1196
589 348 1235 1229
590 355 1260 1255
591 359 1285 1283
592 358 1280 1273
593 363 1297 1301
594 362 1289 1295
595 382 1362 1356
596 395 1418 1421
597 400 1434 1436
598 393 1412 1408
599 401 1440 1437
600 404 1448 1447
601 392 1405 1413
602 372 1331 1324
603 381 1371 1369
604 366 1311 1309
605 370 1323 1327
606 372 1322 1329
607 374 1330 1337
608 378 1351 1357
609 367 1303 1310
610 352 1246 1254
611 360 1277 1284
612 345 1220 1228
613 327 1157 1151
614 319 1134 1133
615 342 1218 1224
616 338 1207 1206
617 306 1083 1088
618 265 928 936
619 299 1057 1062
620 288 1009 1010
621 287 1008 1017
622 317 1129 1122
623 310 1103 1102
624 290 1013 1014
625 296 1038 1045
626 272 955 949
627 267 946 940
628 279 981 975
629 284 1003 994
630 281 998 992
631 273 969 966
632 281 983 993
633 289 1012 1019
634 293 1033 1041
635 299 1056 1049
636 304 1065 1066
637 311 1093 1099
638 339 1198 1205
639 324 1142 1150
640 328 1166 1172
641 180 621 615
642 207 708 717
643 285 997 1005
644 204 711 712
645 213 741 742
646 201 699 693
647 303 1070 1064
648 215 739 745
649 194 673 667
650 210 723 722
651 247 863 856
652 159 542 537
653 192 663 664
654 149 504 505
655 152 516 511
656 146 480 486
657 133 445 436
658 169 581 582
659 338 1202 1207
660 153 520 513
661 256 890 899
662 195 676 669
663 221 760 769
664 223 767 773
665 250 880 875
666 273 970 969
667 311 1092 1093
668 387 1385 1390
669 352 1245 1246
670 393 1406 1412
671 394 1419 1415
672 386 1383 1381
673 388 1395 1392
674 331 1173 1168
675 359 1281 1285
676 294 1043 1047
677 233 812 820
678 304 1071 1065
679 314 1117 1110
680 321 1145 1137
681 345 1219 1220
682 196 679 670
683 176 607 608
684 177 602 609
685 262 923 924
686 257 893 900
687 264 918 926
688 276 962 961
689 247 868 869
690 228 781 782
691 246 861 866
692 219 751 752
693 234 807 808
694 255 897 898
695 240 842 843
696 260 906 905
697 266 939 930
698 240 837 830
699 236 828 823
700 225 783 775
701 227 785 779
702 232 811 803
703 231 809 802
704 187 632 640
705 179 612 613
706 184 629 622
707 189 653 644
708 193 656 665
709 187 647 641
710 141 477 478
711 139 454 460
712 174 598 591
713 166 569 563
714 160 546 539
715 155 524 517
716 171 585 586
717 162 550 543
718 148 497 502
719 150 499 506
720 131 424 432
721 134 438 437
722 141 464 463
723 128 420 427
724 132 428 434
725 129 416 415
726 136 442 441
727 151 508 509
728 139 469 461
729 158 534 535
730 165 560 561
731 181 625 617
732 167 573 565
733 200 690 691
734 242 838 847
735 249 864 873
736 209 714 720
737 222 763 771
738 226 777 778
739 214 734 743
740 263 916 925
741 316 1119 1113
742 332 1176 1169
743 382 1368 1362
744 354 1250 1252
745 380 1348 1350
746 320 1140 1132
747 327 1164 1157
748 334 1190 1183
749 344 1222 1216
750 351 1248 1242
751 358 1282 1280
752 355 1267 1260
753 366 1307 1311
754 364 1299 1304
755 379 1349 1343
756 397 1422 1424
757 401 1438 1440
758 391 1404 1401
759 399 1432 1428
760 403 1445 1443
761 396 1420 1427
762 369 1318 1312
763 380 1366 1363
764 365 1308 1306
765 373 1334 1338
766 376 1335 1342
767 378 1344 1351
768 381 1364 1371
769 370 1317 1323
770 356 1262 1271
771 363 1290 1297
772 349 1236 1244
773 323 1144 1138
774 318 1131 1130
775 346 1231 1237
776 337 1204 1203
777 308 1094 1098
778 270 942 951
779 301 1069 1073
780 289 1011 1012
781 292 1023 1031
782 313 1114 1107
783 309 1101 1100
784 291 1015 1016
785 300 1053 1059
786 268 941 934
787 264 933 927
788 275 967 960
789 278 988 978
790 279 985 981
791 271 959 953
792 286 1001 1007
793 293 1027 1033
794 297 1046 1054
795 296 1044 1038
796 305 1067 1068
797 314 1106 1112
798 342 1211 1218
799 328 1158 1166
800 332 1179 1185
801 183 620 619
802 202 703 695
803 280 996 995
804 203 705 696
805 212 732 725
806 204 698 697
807 306 1076 1083
808 211 736 735
809 197 672 671
810 212 731 738
811 251 870 876
812 161 541 540
813 191 655 648
814 148 498 491
815 154 515 514
816 143 481 482
817 138 450 458
818 168 575 566
819 335 1195 1189
820 156 519 518
821 251 885 877
822 198 675 674
823 216 755 747
824 219 766 765
825 252 879 878
826 274 965 957
827 310 1097 1103
828 385 1379 1372
829 351 1251 1257
830 389 1396 1387
831 396 1414 1407
832 387 1380 1376
833 390 1391 1388
834 334 1180 1186
835 356 1274 1268
836 292 1035 1030
837 229 801 796
838 307 1079 1086
839 318 1118 1120
840 326 1146 1148
841 344 1225 1232
842 201 684 692
843 175 601 592
844 173 595 589
845 261 915 908
846 254 894 895
847 260 919 920
848 277 968 977
849 246 862 855
850 227 786 794
851 243 854 849
852 218 758 764
853 231 810 813
854 254 889 882
855 239 836 829
856 261 914 921
857 271 944 952
858 244 844 850
859 238 827 826
860 229 789 797
861 230 793 799
862 237 818 824
863 236 814 822
864 183 633 634
865 178 604 599
866 188 636 642
867 194 658 666
868 188 651 643
869 190 646 645
870 140 471 462
871 136 455 456
872 177 597 596
873 169 568 567
874 163 545 544
875 159 529 536
876 170 577 570
877 166 555 562
878 145 490 485
879 146 494 487
880 127 425 426
881 135 446 453
882 142 472 479
883 124 413 407
884 129 429 430
885 130 422 431
886 137 448 457
887 150 500 495
888 143 468 467
889 157 526 521
890 164 552 547
891 185 624 623
892 171 572 571
893 199 682 677
894 237 833 825
895 244 859 851
896 206 715 716
897 217 762 761
898 225 784 790
899 209 729 721
900 258 911 903
901 320 1127 1135
902 335 1184 1192
903 386 1370 1373
904 353 1258 1264
905 379 1354 1361
906 324 1141 1142
907 330 1165 1167
908 337 1191 1193
909 348 1230 1238
910 355 1256 1263
911 359 1276 1272
912 358 1269 1270
913 363 1300 1294
914 362 1293 1286
915 382 1358 1367
916 395 1416 1410
917 400 1433 1426
918 393 1398 1394
919 401 1431 1429
920 404 1444 1442
921 392 1409 1399
922 372 1321 1322
923 381 1359 1352
924 366 1302 1298
925 370 1326 1320
926 372 1333 1331
927 374 1341 1339
928 378 1355 1347
929 367 1314 1313
930 352 1261 1259
931 360 1288 1287
932 345 1234 1233
933 327 1152 1160
934 319 1126 1121
935 342 1223 1215
936 338 1199 1194
937 306 1087 1082
938 265 937 929
939 299 1061 1056
940 288 1018 1024
941 287 1022 1021
942 317 1115 1116
943 310 1096 1090
944 290 1020 1028
945 296 1052 1051
946 272 948 954
947 267 932 931
948 279 974 979
949 284 989 990
950 281 984 983
951 273 958 956
952 281 1000 998
953 289 1026 1025
954 293 1040 1032
955 299 1050 1057
956 304 1072 1080
957 311 1105 1104
958 339 1210 1208
959 324 1156 1155
960 328 1171 1163
961 183 628 620
962 202 702 703
963 280 991 996
964 203 710 705
965 212 740 732
966 204 706 698
967 306 1075 1076
968 211 733 736
969 197 680 672
970 212 724 731
971 251 871 870
972 161 549 541
973 191 662 655
974 148 503 498
975 154 523 515
976 143 473 481
977 138 451 450
978 168 580 575
979 335 1197 1195
980 156 525 519
981 251 884 885
982 198 681 675
983 216 754 755
984 219 759 766
985 252 887 879
986 274 971 965
987 310 1091 1097
988 385 1382 1379
989 351 1243 1251
990 389 1400 1396
991 396 1423 1414
992 387 1386 1380
993 390 1397 1391
994 334 1178 1180
995 356 1275 1274
996 292 1036 1035
997 229 804 801
998 307 1078 1079
999 318 1123 1118
1000 326 1153 1146
1001 344 1217 1225
1002 201 685 684
1003 175 606 601
1004 173 594 595
1005 261 922 915
1006 254 888 894
1007 260 913 919
1008 277 963 968
1009 246 867 862
1010 227 780 786
1011 243 853 854
1012 218 750 758
1013 231 805 810
1014 254 896 889
1015 239 841 836
1016 261 907 914
1017 271 945 944
1018 244 845 844
1019 238 835 827
1020 229 788 789
1021 230 792 793
1022 237 819 818
1023 236 815 814
1024 183 627 633
1025 178 611 604
1026 188 637 636
1027 194 659 658
1028 188 650 651
1029 190 654 646
1030 140 476 471
1031 136 447 455
1032 177 603 597
1033 169 576 568
1034 163 551 545
1035 159 530 529
1036 170 584 577
1037 166 556 555
1038 145 489 490
1039 146 493 494
1040 127 419 425
1041 135 439 446
1042 142 465 472
1043 124 412 413
1044 129 421 429
1045 130 417 422
1046 137 443 448
1047 150 507 500
1048 143 474 468
1049 157 533 526
1050 164 559 552
1051 185 630 624
1052 171 578 572
1053 199 689 682
1054 237 832 833
1055 244 858 859
1056 206 707 715
1057 217 757 762
1058 225 776 784
1059 209 727 729
1060 258 910 911
1061 320 1125 1127
1062 335 1182 1184
1063 386 1375 1370
1064 353 1249 1258
1065 379 1345 1354
1066 324 1147 1141
1067 330 1170 1165
1068 337 1196 1191
1069 348 1229 1230
1070 355 1255 1256
1071 359 1283 1276
1072 358 1273 1269
1073 363 1301 1300
1074 362 1295 1293
1075 382 1356 1358
1076 395 1421 1416
1077 400 1436 1433
1078 393 1408 1398
1079 401 1437 1431
1080 404 1447 1444
1081 392 1413 1409
1082 372 1324 1321
1083 381 1369 1359
1084 366 1309 1302
1085 370 1327 1326
1086 372 1329 1333
1087 374 1337 1341
1088 378 1357 1355
1089 367 1310 1314
1090 352 1254 1261
1091 360 1284 1288
1092 345 1228 1234
1093 327 1151 1152
1094 319 1133 1126
1095 342 1224 1223
1096 338 1206 1199
1097 306 1088 1087
1098 265 936 937
1099 299 1062 1061
1100 288 1010 1018
1101 287 1017 1022
1102 317 1122 1115
1103 310 1102 1096
1104 290 1014 1020
1105 296 1045 1052
1106 272 949 948
1107 267 940 932
1108 279 975 974
1109 284 994 989
1110 281 992 984
1111 273 966 958
1112 281 993 1000
1113 289 1019 1026
1114 293 1041 1040
1115 299 1049 1050
1116 304 1066 1072
1117 311 1099 1105
1118 339 1205 1210
1119 324 1150 1156
1120 328 1172 1171
1121 29 635 634
1122 35 701 694
1123 67 986 982
1124 39 718 709
1125 42 746 738
1126 38 713 712
1127 79 1074 1082
1128 37 730 728
1129 35 687 686
1130 38 719 725
1131 55 872 877
1132 21 554 553
1133 32 668 661
1134 15 510 502
1135 18 528 527
1136 8 466 467
1137 8 452 459
1138 24 588 579
1139 93 1198 1192
1140 17 532 531
1141 56 883 876
1142 35 688 687
1143 42 753 746
1144 41 756 752
1145 60 892 891
1146 69 980 972
1147 80 1084 1090
1148 114 1384 1377
1149 97 1235 1242
1150 116 1403 1393
1151 120 1434 1427
1152 116 1393 1390
1153 117 1405 1402
1154 91 1177 1183
1155 102 1277 1271
1156 74 1037 1031
1157 47 806 797
1158 80 1077 1084
1159 86 1129 1130
1160 90 1159 1161
1161 94 1209 1216
1162 35 686 693
1163 27 614 605
1164 24 593 588
1165 62 928 921
1166 56 881 882
1167 60 904 905
1168 64 955 964
1169 57 874 866
1170 44 772 779
1171 54 852 848
1172 40 744 749
1173 47 798 802
1174 59 902 895
1175 54 848 840
1176 59 901 908
1177 65 946 953
1178 52 846 851
1179 54 840 839
1180 46 787 796
1181 47 791 798
1182 49 821 825
1183 50 816 823
1184 27 618 619
1185 26 616 610
1186 28 638 643
1187 32 660 667
1188 29 649 642
1189 32 661 660
1190 12 484 475
1191 5 440 441
1192 26 610 609
1193 23 583 582
1194 20 558 557
1195 17 531 537
1196 23 590 583
1197 20 557 563
1198 12 488 484
1199 11 492 486
1200 3 410 411
1201 5 433 440
1202 8 459 466
1203 3 411 406
1204 2 414 415
1205 1 409 418
1206 4 435 444
1207 14 512 506
1208 10 483 482
1209 17 538 532
1210 20 564 558
1211 28 639 638
1212 22 587 586
1213 35 694 688
1214 50 831 824
1215 53 857 850
1216 35 700 701
1217 40 749 748
1218 43 770 775
1219 38 726 720
1220 59 909 902
1221 85 1124 1132
1222 92 1181 1189
1223 115 1378 1381
1224 98 1241 1247
1225 109 1336 1343
1226 89 1154 1155
1227 91 1175 1177
1228 94 1201 1203
1229 97 1227 1235
1230 100 1253 1260
1231 104 1289 1285
1232 103 1278 1280
1233 105 1303 1297
1234 104 1296 1289
1235 112 1353 1362
1236 119 1425 1418
1237 120 1439 1434
1238 119 1418 1412
1239 122 1441 1440
1240 123 1449 1448
1241 117 1417 1405
1242 109 1328 1331
1243 114 1377 1371
1244 107 1315 1311
1245 108 1330 1323
1246 107 1325 1322
1247 108 1332 1330
1248 111 1360 1351
1249 105 1305 1303
1250 98 1247 1246
1251 102 1279 1277
1252 95 1221 1220
1253 88 1149 1157
1254 87 1139 1134
1255 96 1226 1218
1256 95 1212 1207
1257 80 1089 1083
1258 62 935 928
1259 77 1063 1057
1260 70 1004 1009
1261 70 1009 1008
1262 86 1128 1129
1263 83 1109 1103
1264 71 1006 1013
1265 74 1039 1038
1266 64 950 955
1267 65 947 946
1268 67 976 981
1269 72 1002 1003
1270 71 999 998
1271 68 973 969
1272 68 987 983
1273 71 1013 1012
1274 75 1042 1033
1275 76 1048 1056
1276 77 1058 1065
1277 81 1095 1093
1278 93 1200 1198
1279 86 1143 1142
1280 90 1174 1166
1281 615 621 622
1282 717 708 716
1283 1005 997 999
1284 712 711 719
1285 742 741 747
1286 693 699 700
1287 1064 1070 1063
1288 745 739 743
1289 667 673 674
1290 722 723 718
1291 856 863 857
1292 537 542 543
1293 664 663 669
1294 505 504 511
1295 511 516 517
1296 486 480 479
1297 436 445 437
1298 582 581 589
1299 1207 1202 1208
1300 513 520 521
1301 899 890 898
1302 669 676 677
1303 769 760 768
1304 773 767 769
1305 875 880 881
1306 969 970 978
1307 1093 1092 1086
1308 1390 1385 1392
1309 1246 1245 1238
1310 1412 1406 1415
1311 1415 1419 1426
1312 1381 1383 1387
1313 1392 1395 1399
1314 1168 1173 1167
1315 1285 1281 1287
1316 1047 1043 1048
1317 820 812 821
1318 1065 1071 1064
1319 1110 1117 1116
1320 1137 1145 1143
1321 1220 1219 1212
1322 670 679 671
1323 608 607 615
1324 609 602 608
1325 924 923 929
1326 900 893 892
1327 926 918 917
1328 961 962 954
1329 869 868 875
1330 782 781 773
1331 866 861 865
1332 752 751 745
1333 808 807 799
1334 898 897 903
1335 843 842 849
1336 905 906 900
1337 930 939 931
1338 830 837 831
1339 823 828 829
1340 775 783 774
1341 779 785 778
1342 803 811 806
1343 802 809 803
1344 640 632 631
1345 613 612 617
1346 622 629 623
1347 644 653 645
1348 665 656 664
1349 641 647 648
1350 478 477 485
1351 460 454 453
1352 591 598 599
1353 563 569 570
1354 539 546 547
1355 517 524 518
1356 586 585 591
1357 543 550 544
1358 502 497 501
1359 506 499 505
1360 432 424 423
1361 437 438 432
1362 463 464 458
1363 427 420 426
1364 434 428 427
1365 415 416 408
1366 441 442 434
1367 509 508 513
1368 461 469 470
1369 535 534 539
1370 561 560 565
1371 617 625 626
1372 565 573 574
1373 691 690 695
1374 847 838 846
1375 873 864 872
1376 720 714 713
1377 771 763 764
1378 778 777 771
1379 743 734 742
1380 925 916 924
1381 1113 1119 1111
1382 1169 1176 1168
1383 1362 1368 1365
1384 1252 1250 1244
1385 1350 1348 1342
1386 1132 1140 1138
1387 1157 1164 1162
1388 1183 1190 1188
1389 1216 1222 1214
1390 1242 1248 1240
1391 1280 1282 1286
1392 1260 1267 1265
1393 1311 1307 1313
1394 1304 1299 1306
1395 1343 1349 1340
1396 1424 1422 1428
1397 1440 1438 1443
1398 1401 1404 1410
1399 1428 1432 1435
1400 1443 1445 1446
1401 1427 1420 1430
1402 1312 1318 1316
1403 1363 1366 1372
1404 1306 1308 1312
1405 1338 1334 1339
1406 1342 1335 1338
1407 1351 1344 1346
1408 1371 1364 1374
1409 1323 1317 1319
1410 1271 1262 1264
1411 1297 1290 1292
1412 1244 1236 1237
1413 1138 1144 1136
1414 1130 1131 1137
1415 1237 1231 1239
1416 1203 1204 1209
1417 1098 1094 1100
1418 951 942 950
1419 1073 1069 1074
1420 1012 1011 1005
1421 1031 1023 1024
1422 1107 1114 1113
1423 1100 1101 1107
1424 1016 1015 1007
1425 1059 1053 1054
1426 934 941 935
1427 927 933 934
1428 960 967 961
1429 978 988 987
1430 981 985 986
1431 953 959 960
1432 1007 1001 1002
1433 1033 1027 1028
1434 1054 1046 1055
1435 1038 1044 1037
1436 1068 1067 1059
1437 1112 1106 1108
1438 1218 1211 1213
1439 1166 1158 1159
1440 1185 1179 1187
1441 619 620 614
1442 695 703 704
1443 995 996 1004
1444 696 705 697
1445 725 732 726
1446 697 698 692
1447 1083 1076 1077
1448 735 736 744
1449 671 672 666
1450 738 731 737
1451 876 870 869
1452 540 541 536
1453 648 655 649
1454 491 498 492
1455 514 515 510
1456 482 481 487
1457 458 450 449
1458 566 575 567
1459 1189 1195 1194
1460 518 519 512
1461 877 885 886
1462 674 675 668
1463 747 755 756
1464 765 766 772
1465 878 879 874
1466 957 965 956
1467 1103 1097 1104
1468 1372 1379 1376
1469 1257 1251 1259
1470 1387 1396 1394
1471 1407 1414 1403
1472 1376 1380 1373
1473 1388 1391 1384
1474 1186 1180 1181
1475 1268 1274 1272
1476 1030 1035 1034
1477 796 801 800
1478 1086 1079 1080
1479 1120 1118 1112
1480 1148 1146 1139
1481 1232 1225 1233
1482 692 684 683
1483 592 601 593
1484 589 595 596
1485 908 915 909
1486 895 894 901
1487 920 919 927
1488 977 968 976
1489 855 862 856
1490 794 786 795
1491 849 854 855
1492 764 758 765
1493 813 810 817
1494 882 889 883
1495 829 836 830
1496 921 914 920
1497 952 944 943
1498 850 844 843
1499 826 827 822
1500 797 789 790
1501 799 793 794
1502 824 818 816
1503 822 814 813
1504 634 633 641
1505 599 604 600
1506 642 636 635
1507 666 658 657
1508 643 651 652
1509 645 646 640
1510 462 471 463
1511 456 455 461
1512 596 597 590
1513 567 568 562
1514 544 545 538
1515 536 529 528
1516 570 577 571
1517 562 555 554
1518 485 490 491
1519 487 494 495
1520 426 425 433
1521 453 446 452
1522 479 472 478
1523 407 413 414
1524 430 429 435
1525 431 422 430
1526 457 448 456
1527 495 500 496
1528 467 468 460
1529 521 526 522
1530 547 552 548
1531 623 624 616
1532 571 572 564
1533 677 682 678
1534 825 833 834
1535 851 859 860
1536 716 715 721
1537 761 762 770
1538 790 784 791
1539 721 729 730
1540 903 911 912
1541 1135 1127 1128
1542 1192 1184 1185
1543 1373 1370 1367
1544 1264 1258 1266
1545 1361 1354 1363
1546 1142 1141 1135
1547 1167 1165 1160
1548 1193 1191 1186
1549 1238 1230 1232
1550 1263 1256 1257
1551 1272 1276 1270
1552 1270 1269 1263
1553 1294 1300 1298
1554 1286 1293 1291
1555 1367 1358 1361
1556 1410 1416 1411
1557 1426 1433 1429
1558 1394 1398 1389
1559 1429 1431 1425
1560 1442 1444 1439
1561 1399 1409 1407
1562 1322 1321 1315
1563 1352 1359 1350
1564 1298 1302 1296
1565 1320 1326 1325
1566 1331 1333 1336
1567 1339 1341 1347
1568 1347 1355 1352
1569 1313 1314 1320
1570 1259 1261 1268
1571 1287 1288 1294
1572 1233 1234 1241
1573 1160 1152 1154
1574 1121 1126 1120
1575 1215 1223 1221
1576 1194 1199 1193
1577 1082 1087 1085
1578 929 937 938
1579 1056 1061 1060
1580 1024 1018 1025
1581 1021 1022 1030
1582 1116 1115 1109
1583 1090 1096 1089
1584 1028 1020 1029
1585 1051 1052 1058
1586 954 948 947
1587 931 932 926
1588 979 974 973
1589 990 989 980
1590 983 984 979
1591 956 958 952
1592 998 1000 1006
1593 1025 1026 1032
1594 1032 1040 1039
1595 1057 1050 1051
1596 1080 1072 1081
1597 1104 1105 1110
1598 1208 1210 1215
1599 1155 1156 1163
1600 1163 1171 1169
1601 620 628 621
1602 703 702 708
1603 996 991 997
1604 705 710 711
1605 732 740 741
1606 698 706 699
1607 1076 1075 1070
1608 736 733 739
1609 672 680 673
1610 731 724 723
1611 870 871 863
1612 541 549 542
1613 655 662 663
1614 498 503 504
1615 515 523 516
1616 481 473 480
1617 450 451 445
1618 575 580 581
1619 1195 1197 1202
1620 519 525 520
1621 885 884 890
1622 675 681 676
1623 755 754 760
1624 766 759 767
1625 879 887 880
1626 965 971 970
1627 1097 1091 1092
1628 1379 1382 1385
1629 1251 1243 1245
1630 1396 1400 1406
1631 1414 1423 1419
1632 1380 1386 1383
1633 1391 1397 1395
1634 1180 1178 1173
1635 1274 1275 1281
1636 1035 1036 1043
1637 801 804 812
1638 1079 1078 1071
1639 1118 1123 1117
1640 1146 1153 1145
1641 1225 1217 1219
1642 684 685 679
1643 601 606 607
1644 595 594 602
1645 915 922 923
1646 894 888 893
1647 919 913 918
1648 968 963 962
1649 862 867 868
1650 786 780 781
1651 854 853 861
1652 758 750 751
1653 810 805 807
1654 889 896 897
1655 836 841 842
1656 914 907 906
1657 944 945 939
1658 844 845 837
1659 827 835 828
1660 789 788 783
1661 793 792 785
1662 818 819 811
1663 814 815 809
1664 633 627 632
1665 604 611 612
1666 636 637 629
1667 658 659 653
1668 651 650 656
1669 646 654 647
1670 471 476 477
1671 455 447 454
1672 597 603 598
1673 568 576 569
1674 545 551 546
1675 529 530 524
1676 577 584 585
1677 555 556 550
1678 490 489 497
1679 494 493 499
1680 425 419 424
1681 446 439 438
1682 472 465 464
1683 413 412 420
1684 429 421 428
1685 422 417 416
1686 448 443 442
1687 500 507 508
1688 468 474 469
1689 526 533 534
1690 552 559 560
1691 624 630 625
1692 572 578 573
1693 682 689 690
1694 833 832 838
1695 859 858 864
1696 715 707 714
1697 762 757 763
1698 784 776 777
1699 729 727 734
1700 911 910 916
1701 1127 1125 1119
1702 1184 1182 1176
1703 1370 1375 1368
1704 1258 1249 1250
1705 1354 1345 1348
1706 1141 1147 1140
1707 1165 1170 1164
1708 1191 1196 1190
1709 1230 1229 1222
1710 1256 1255 1248
1711 1276 1283 1282
1712 1269 1273 1267
1713 1300 1301 1307
1714 1293 1295 1299
1715 1358 1356 1349
1716 1416 1421 1422
1717 1433 1436 1438
1718 1398 1408 1404
1719 1431 1437 1432
1720 1444 1447 1445
1721 1409 1413 1420
1722 1321 1324 1318
1723 1359 1369 1366
1724 1302 1309 1308
1725 1326 1327 1334
1726 1333 1329 1335
1727 1341 1337 1344
1728 1355 1357 1364
1729 1314 1310 1317
1730 1261 1254 1262
1731 1288 1284 1290
1732 1234 1228 1236
1733 1152 1151 1144
1734 1126 1133 1131
1735 1223 1224 1231
1736 1199 1206 1204
1737 1087 1088 1094
1738 937 936 942
1739 1061 1062 1069
1740 1018 1010 1011
1741 1022 1017 1023
1742 1115 1122 1114
1743 1096 1102 1101
1744 1020 1014 1015
1745 1052 1045 1053
1746 948 949 941
1747 932 940 933
1748 974 975 967
1749 989 994 988
1750 984 992 985
1751 958 966 959
1752 1000 993 1001
1753 1026 1019 1027
1754 1040 1041 1046
1755 1050 1049 1044
1756 1072 1066 1067
1757 1105 1099 1106
1758 1210 1205 1211
1759 1156 1150 1158
1760 1171 1172 1179
1761 634 635 628
1762 694 701 702
1763 982 986 991
1764 709 718 710
1765 738 746 740
1766 712 713 706
1767 1082 1074 1075
1768 728 730 733
1769 686 687 680
1770 725 719 724
1771 877 872 871
1772 553 554 549
1773 661 668 662
1774 502 510 503
1775 527 528 523
1776 467 466 473
1777 459 452 451
1778 579 588 580
1779 1192 1198 1197
1780 531 532 525
1781 876 883 884
1782 687 688 681
1783 746 753 754
1784 752 756 759
1785 891 892 887
1786 972 980 971
1787 1090 1084 1091
1788 1377 1384 1382
1789 1242 1235 1243
1790 1393 1403 1400
1791 1427 1434 1423
1792 1390 1393 1386
1793 1402 1405 1397
1794 1183 1177 1178
1795 1271 1277 1275
1796 1031 1037 1036
1797 797 806 804
1798 1084 1077 1078
1799 1130 1129 1123
1800 1161 1159 1153
1801 1216 1209 1217
1802 693 686 685
1803 605 614 606
1804 588 593 594
1805 921 928 922
1806 882 881 888
1807 905 904 913
1808 964 955 963
1809 866 874 867
1810 779 772 780
1811 848 852 853
1812 749 744 750
1813 802 798 805
1814 895 902 896
1815 840 848 841
1816 908 901 907
1817 953 946 945
1818 851 846 845
1819 839 840 835
1820 796 787 788
1821 798 791 792
1822 825 821 819
1823 823 816 815
1824 619 618 627
1825 610 616 611
1826 643 638 637
1827 667 660 659
1828 642 649 650
1829 660 661 654
1830 475 484 476
1831 441 440 447
1832 609 610 603
1833 582 583 576
1834 557 558 551
1835 537 531 530
1836 583 590 584
1837 563 557 556
1838 484 488 489
1839 486 492 493
1840 411 410 419
1841 440 433 439
1842 466 459 465
1843 406 411 412
1844 415 414 421
1845 418 409 417
1846 444 435 443
1847 506 512 507
1848 482 483 474
1849 532 538 533
1850 558 564 559
1851 638 639 630
1852 586 587 578
1853 688 694 689
1854 824 831 832
1855 850 857 858
1856 701 700 707
1857 748 749 757
1858 775 770 776
1859 720 726 727
1860 902 909 910
1861 1132 1124 1125
1862 1189 1181 1182
1863 1381 1378 1375
1864 1247 1241 1249
1865 1343 1336 1345
1866 1155 1154 1147
1867 1177 1175 1170
1868 1203 1201 1196
1869 1235 1227 1229
1870 1260 1253 1255
1871 1285 1289 1283
1872 1280 1278 1273
1873 1297 1303 1301
1874 1289 1296 1295
1875 1362 1353 1356
1876 1418 1425 1421
1877 1434 1439 1436
1878 1412 1418 1408
1879 1440 1441 1437
1880 1448 1449 1447
1881 1405 1417 1413
1882 1331 1328 1324
1883 1371 1377 1369
1884 1311 1315 1309
1885 1323 1330 1327
1886 1322 1325 1329
1887 1330 1332 1337
1888 1351 1360 1357
1889 1303 1305 1310
1890 1246 1247 1254
1891 1277 1279 1284
1892 1220 1221 1228
1893 1157 1149 1151
1894 1134 1139 1133
1895 1218 1226 1224
1896 1207 1212 1206
1897 1083 1089 1088
1898 928 935 936
1899 1057 1063 1062
1900 1009 1004 1010
1901 1008 1009 1017
1902 1129 1128 1122
1903 1103 1109 1102
1904 1013 1006 1014
1905 1038 1039 1045
1906 955 950 949
1907 946 947 940
1908 981 976 975
1909 1003 1002 994
1910 998 999 992
1911 969 973 966
1912 983 987 993
1913 1012 1013 1019
1914 1033 1042 1041
1915 1056 1048 1049
1916 1065 1058 1066
1917 1093 1095 1099
1918 1198 1200 1205
1919 1142 1143 1150
1920 1166 1174 1172
1921 621 184 622
1922 708 206 716
1923 997 282 999
1924 711 208 719
1925 741 216 747
1926 699 205 700
1927 1070 302 1063
1928 739 214 743
1929 673 198 674
1930 723 208 718
1931 863 248 857
1932 542 162 543
1933 663 195 669
1934 504 152 511
1935 516 155 517
1936 480 142 479
1937 445 134 437
1938 581 173 589
1939 1202 339 1208
1940 520 157 521
1941 890 255 898
1942 676 199 677
1943 760 220 768
1944 767 221 769
1945 880 253 881
1946 970 278 978
1947 1092 307 1086
1948 1385 388 1392
1949 1245 348 1238
1950 1406 394 1415
1951 1419 400 1426
1952 1383 389 1387
1953 1395 392 1399
1954 1173 330 1167
1955 1281 360 1287
1956 1043 295 1048
1957 812 235 821
1958 1071 303 1064
1959 1117 317 1116
1960 1145 325 1143
1961 1219 341 1212
1962 679 197 671
1963 607 180 615
1964 602 176 608
1965 923 265 929
1966 893 253 892
1967 918 259 917
1968 962 272 954
1969 868 250 875
1970 781 223 773
1971 861 245 865
1972 751 215 745
1973 807 230 799
1974 897 258 903
1975 842 243 849
1976 906 257 900
1977 939 267 931
1978 837 241 831
1979 828 239 829
1980 783 224 774
1981 785 226 778
1982 811 235 806
1983 809 232 803
1984 632 182 631
1985 612 181 617
1986 629 185 623
1987 653 190 645
1988 656 192 664
1989 647 191 648
1990 477 145 485
1991 454 135 453
1992 598 178 599
1993 569 170 570
1994 546 164 547
1995 524 156 518
1996 585 174 591
1997 550 163 544
1998 497 147 501
1999 499 149 505
2000 424 126 423
2001 438 131 432
2002 464 138 458
2003 420 127 426
2004 428 128 427
2005 416 125 408
2006 442 132 434
2007 508 153 513
2008 469 144 470
2009 534 160 539
2010 560 167 565
2011 625 186 626
2012 573 172 574
2013 690 202 695
2014 838 241 846
2015 864 248 872
2016 714 205 713
2017 763 218 764
2018 777 222 771
2019 734 213 742
2020 916 262 924
2021 1119 315 1111
2022 1176 331 1168
2023 1368 384 1365
2024 1250 349 1244
2025 1348 376 1342
2026 1140 323 1138
2027 1164 329 1162
2028 1190 336 1188
2029 1222 343 1214
2030 1248 350 1240
2031 1282 362 1286
2032 1267 357 1265
2033 1307 367 1313
2034 1299 365 1306
2035 1349 377 1340
2036 1422 399 1428
2037 1438 403 1443
2038 1404 395 1410
2039 1432 402 1435
2040 1445 405 1446
2041 1420 398 1430
2042 1318 371 1316
2043 1366 385 1372
2044 1308 369 1312
2045 1334 374 1339
2046 1335 373 1338
2047 1344 375 1346
2048 1364 383 1374
2049 1317 368 1319
2050 1262 353 1264
2051 1290 361 1292
2052 1236 346 1237
2053 1144 322 1136
2054 1131 321 1137
2055 1231 347 1239
2056 1204 341 1209
2057 1094 309 1100
2058 942 269 950
2059 1069 302 1074
2060 1011 285 1005
2061 1023 288 1024
2062 1114 316 1113
2063 1101 313 1107
2064 1015 286 1007
2065 1053 297 1054
2066 941 269 935
2067 933 268 934
2068 967 276 961
2069 988 283 987
2070 985 282 986
2071 959 275 960
2072 1001 283 1002
2073 1027 290 1028
2074 1046 298 1055
2075 1044 295 1037
2076 1067 300 1059
2077 1106 312 1108
2078 1211 340 1213
2079 1158 325 1159
2080 1179 333 1187
2081 620 180 614
2082 703 207 704
2083 996 285 1004
2084 705 204 697
2085 732 213 726
2086 698 201 692
2087 1076 303 1077
2088 736 215 744
2089 672 194 666
2090 731 210 737
2091 870 247 869
2092 541 159 536
2093 655 192 649
2094 498 149 492
2095 515 152 510
2096 481 146 487
2097 450 133 449
2098 575 169 567
2099 1195 338 1194
2100 519 153 512
2101 885 256 886
2102 675 195 668
2103 755 221 756
2104 766 223 772
2105 879 250 874
2106 965 273 956
2107 1097 311 1104
2108 1379 387 1376
2109 1251 352 1259
2110 1396 393 1394
2111 1414 394 1403
2112 1380 386 1373
2113 1391 388 1384
2114 1180 331 1181
2115 1274 359 1272
2116 1035 294 1034
2117 801 233 800
2118 1079 304 1080
2119 1118 314 1112
2120 1146 321 1139
2121 1225 345 1233
2122 684 196 683
2123 601 176 593
2124 595 177 596
2125 915 262 909
2126 894 257 901
2127 919 264 927
2128 968 276 976
2129 862 247 856
2130 786 228 795
2131 854 246 855
2132 758 219 765
2133 810 234 817
2134 889 255 883
2135 836 240 830
2136 914 260 920
2137 944 266 943
2138 844 240 843
2139 827 236 822
2140 789 225 790
2141 793 227 794
2142 818 232 816
2143 814 231 813
2144 633 187 641
2145 604 179 600
2146 636 184 635
2147 658 189 657
2148 651 193 652
2149 646 187 640
2150 471 141 463
2151 455 139 461
2152 597 174 590
2153 568 166 562
2154 545 160 538
2155 529 155 528
2156 577 171 571
2157 555 162 554
2158 490 148 491
2159 494 150 495
2160 425 131 433
2161 446 134 452
2162 472 141 478
2163 413 128 414
2164 429 132 435
2165 422 129 430
2166 448 136 456
2167 500 151 496
2168 468 139 460
2169 526 158 522
2170 552 165 548
2171 624 181 616
2172 572 167 564
2173 682 200 678
2174 833 242 834
2175 859 249 860
2176 715 209 721
2177 762 222 770
2178 784 226 791
2179 729 214 730
2180 911 263 912
2181 1127 316 1128
2182 1184 332 1185
2183 1370 382 1367
2184 1258 354 1266
2185 1354 380 1363
2186 1141 320 1135
2187 1165 327 1160
2188 1191 334 1186
2189 1230 344 1232
2190 1256 351 1257
2191 1276 358 1270
2192 1269 355 1263
2193 1300 366 1298
2194 1293 364 1291
2195 1358 379 1361
2196 1416 397 1411
2197 1433 401 1429
2198 1398 391 1389
2199 1431 399 1425
2200 1444 403 1439
2201 1409 396 1407
2202 1321 369 1315
2203 1359 380 1350
2204 1302 365 1296
2205 1326 373 1325
2206 1333 376 1336
2207 1341 378 1347
2208 1355 381 1352
2209 1314 370 1320
2210 1261 356 1268
2211 1288 363 1294
2212 1234 349 1241
2213 1152 323 1154
2214 1126 318 1120
2215 1223 346 1221
2216 1199 337 1193
2217 1087 308 1085
2218 937 270 938
2219 1061 301 1060
2220 1018 289 1025
2221 1022 292 1030
2222 1115 313 1109
2223 1096 309 1089
2224 1020 291 1029
2225 1052 300 1058
2226 948 268 947
2227 932 264 926
2228 974 275 973
2229 989 278 980
2230 984 279 979
2231 958 271 952
2232 1000 286 1006
2233 1026 293 1032
2234 1040 297 1039
2235 1050 296 1051
2236 1072 305 1081
2237 1105 314 1110
2238 1210 342 1215
2239 1156 328 1163
2240 1171 332 1169
2241 628 184 621
2242 702 206 708
2243 991 282 997
2244 710 208 711
2245 740 216 741
2246 706 205 699
2247 1075 302 1070
2248 733 214 739
2249 680 198 673
2250 724 208 723
2251 871 248 863
2252 549 162 542
2253 662 195 663
2254 503 152 504
2255 523 155 516
2256 473 142 480
2257 451 134 445
2258 580 173 581
2259 1197 339 1202
2260 525 157 520
2261 884 255 890
2262 681 199 676
2263 754 220 760
2264 759 221 767
2265 887 253 880
2266 971 278 970
2267 1091 307 1092
2268 1382 388 1385
2269 1243 348 1245
2270 1400 394 1406
2271 1423 400 1419
2272 1386 389 1383
2273 1397 392 1395
2274 1178 330 1173
2275 1275 360 1281
2276 1036 295 1043
2277 804 235 812
2278 1078 303 1071
2279 1123 317 1117
2280 1153 325 1145
2281 1217 341 1219
2282 685 197 679
2283 606 180 607
2284 594 176 602
2285 922 265 923
2286 888 253 893
2287 913 259 918
2288 963 272 962
2289 867 250 868
2290 780 223 781
2291 853 245 861
2292 750 215 751
2293 805 230 807
2294 896 258 897
2295 841 243 842
2296 907 257 906
2297 945 267 939
2298 845 241 837
2299 835 239 828
2300 788 224 783
2301 792 226 785
2302 819 235 811
2303 815 232 809
2304 627 182 632
2305 611 181 612
2306 637 185 629
2307 659 190 653
2308 650 192 656
2309 654 191 647
2310 476 145 477
2311 447 135 454
2312 603 178 598
2313 576 170 569
2314 551 164 546
2315 530 156 524
2316 584 174 585
2317 556 163 550
2318 489 147 497
2319 493 149 499
2320 419 126 424
2321 439 131 438
2322 465 138 464
2323 412 127 420
2324 421 128 428
2325 417 125 416
2326 443 132 442
2327 507 153 508
2328 474 144 469
2329 533 160 534
2330 559 167 560
2331 630 186 625
2332 578 172 573
2333 689 202 690
2334 832 241 838
2335 858 248 864
2336 707 205 714
2337 757 218 763
2338 776 222 777
2339 727 213 734
2340 910 262 916
2341 1125 315 1119
2342 1182 331 1176
2343 1375 384 1368
2344 1249 349 1250
2345 1345 376 1348
2346 1147 323 1140
2347 1170 329 1164
2348 1196 336 1190
2349 1229 343 1222
2350 1255 350 1248
2351 1283 362 1282
2352 1273 357 1267
2353 1301 367 1307
2354 1295 365 1299
2355 1356 377 1349
2356 1421 399 1422
2357 1436 403 1438
2358 1408 395 1404
2359 1437 402 1432
2360 1447 405 1445
2361 1413 398 1420
2362 1324 371 1318
2363 1369 385 1366
2364 1309 369 1308
2365 1327 374 1334
2366 1329 373 1335
2367 1337 375 1344
2368 1357 383 1364
2369 1310 368 1317
2370 1254 353 1262
2371 1284 361 1290
2372 1228 346 1236
2373 1151 322 1144
2374 1133 321 1131
2375 1224 347 1231
2376 1206 341 1204
2377 1088 309 1094
2378 936 269 942
2379 1062 302 1069
2380 1010 285 1011
2381 1017 288 1023
2382 1122 316 1114
2383 1102 313 1101
2384 1014 286 1015
2385 1045 297 1053
2386 949 269 941
2387 940 268 933
2388 975 276 967
2389 994 283 988
2390 992 282 985
2391 966 275 959
2392 993 283 1001
2393 1019 290 1027
2394 1041 298 1046
2395 1049 295 1044
2396 1066 300 1067
2397 1099 312 1106
2398 1205 340 1211
2399 1150 325 1158
2400 1172 333 1179
2401 635 184 628
2402 701 206 702
2403 986 282 991
2404 718 208 710
2405 746 216 740
2406 713 205 706
2407 1074 302 1075
2408 730 214 733
2409 687 198 680
2410 719 208 724
2411 872 248 871
2412 554 162 549
2413 668 195 662
2414 510 152 503
2415 528 155 523
2416 466 142 473
2417 452 134 451
2418 588 173 580
2419 1198 339 1197
2420 532 157 525
2421 883 255 884
2422 688 199 681
2423 753 220 754
2424 756 221 759
2425 892 253 887
2426 980 278 971
2427 1084 307 1091
2428 1384 388 1382
2429 1235 348 1243
2430 1403 394 1400
2431 1434 400 1423
2432 1393 389 1386
2433 1405 392 1397
2434 1177 330 1178
2435 1277 360 1275
2436 1037 295 1036
2437 806 235 804
2438 1077 303 1078
2439 1129 317 1123
2440 1159 325 1153
2441 1209 341 1217
2442 686 197 685
2443 614 180 606
2444 593 176 594
2445 928 265 922
2446 881 253 888
2447 904 259 913
2448 955 272 963
2449 874 250 867
2450 772 223 780
2451 852 245 853
2452 744 215 750
2453 798 230 805
2454 902 258 896
2455 848 243 841
2456 901 257 907
2457 946 267 945
2458 846 241 845
2459 840 239 835
2460 787 224 788
2461 791 226 792
2462 821 235 819
2463 816 232 815
2464 618 182 627
2465 616 181 611
2466 638 185 637
2467 660 190 659
2468 649 192 650
2469 661 191 654
2470 484 145 476
2471 440 135 447
2472 610 178 603
2473 583 170 576
2474 558 164 551
2475 531 156 530
2476 590 174 584
2477 557 163 556
2478 488 147 489
2479 492 149 493
2480 410 126 419
2481 433 131 439
2482 459 138 465
2483 411 127 412
2484 414 128 421
2485 409 125 417
2486 435 132 443
2487 512 153 507
2488 483 144 474
2489 538 160 533
2490 564 167 559
2491 639 186 630
2492 587 172 578
2493 694 202 689
2494 831 241 832
2495 857 248 858
2496 700 205 707
2497 749 218 757
2498 770 222 776
2499 726 213 727
2500 909 262 910
2501 1124 315 1125
2502 1181 331 1182
2503 1378 384 1375
2504 1241 349 1249
2505 1336 376 1345
2506 1154 323 1147
2507 1175 329 1170
2508 1201 336 1196
2509 1227 343 1229
2510 1253 350 1255
2511 1289 362 1283
2512 1278 357 1273
2513 1303 367 1301
2514 1296 365 1295
2515 1353 377 1356
2516 1425 399 1421
2517 1439 403 1436
2518 1418 395 1408
2519 1441 402 1437
2520 1449 405 1447
2521 1417 398 1413
2522 1328 371 1324
2523 1377 385 1369
2524 1315 369 1309
2525 1330 374 1327
2526 1325 373 1329
2527 1332 375 1337
2528 1360 383 1357
2529 1305 368 1310
2530 1247 353 1254
2531 1279 361 1284
2532 1221 346 1228
2533 1149 322 1151
2534 1139 321 1133
2535 1226 347 1224
2536 1212 341 1206
2537 1089 309 1088
2538 935 269 936
2539 1063 302 1062
2540 1004 285 1010
2541 1009 288 1017
2542 1128 316 1122
2543 1109 313 1102
2544 1006 286 1014
2545 1039 297 1045
2546 950 269 949
2547 947 268 940
2548 976 276 975
2549 1002 283 994
2550 999 282 992
2551 973 275 966
2552 987 283 993
2553 1013 290 1019
2554 1042 298 1041
2555 1048 295 1049
2556 1058 300 1066
2557 1095 312 1099
2558 1200 340 1205
2559 1143 325 1150
2560 1174 333 1172
