1.000000 112.121608 -7.296567 -1.000000
2.000000 112.083472 -7.725279 -21693.181332
3.000000 112.037094 -8.147699 -45000.000000
4.000000 112.591195 -7.405314 -1.000000
5.000000 112.520978 -7.813225 -22897.382964
6.000000 112.463904 -8.228012 -45000.000000
7.000000 113.029174 -7.506740 -1.000000
8.000000 112.971485 -7.902479 -23973.844514
9.000000 112.920206 -8.313875 -45000.000000
10.000000 113.472216 -7.560815 -1.000000
11.000000 113.432797 -7.962604 -24211.460628
12.000000 113.378917 -8.379648 -45000.000000
13.000000 113.921741 -7.578443 -1.000000
14.000000 113.889156 -8.000258 -23540.836549
15.000000 113.837373 -8.430588 -45000.000000
16.000000 114.371788 -7.596092 -1.000000
17.000000 114.342456 -8.035729 -22725.267002
18.000000 114.292338 -8.476845 -45000.000000
19.000000 114.837835 -7.629202 -1.000000
20.000000 114.790349 -8.072505 -21974.209232
21.000000 114.748880 -8.513515 -45000.000000
22.000000 115.297123 -7.694600 -1.000000
23.000000 115.237211 -8.122755 -21894.432753
24.000000 115.201592 -8.549877 -45000.000000
25.000000 115.743758 -7.758196 -1.000000
26.000000 115.689646 -8.173648 -21910.994327
27.000000 115.651477 -8.587049 -45000.000000
28.000000 116.189238 -7.821628 -1.000000
29.000000 116.143873 -8.225943 -22411.023777
30.000000 116.105915 -8.631505 -45000.000000
31.000000 116.636163 -7.872368 -1.000000
32.000000 116.600607 -8.273242 -22619.860127
33.000000 116.568417 -8.676749 -45000.000000
34.000000 117.085435 -7.903428 -1.000000
35.000000 117.057576 -8.306636 -22381.928613
36.000000 117.033231 -8.710280 -45000.000000
37.000000 117.524477 -7.933782 -1.000000
38.000000 117.516417 -8.334330 -22444.330206
39.000000 117.510382 -8.735667 -45000.000000
40.000000 117.969237 -7.921391 -1.000000
41.000000 117.979949 -8.322934 -22311.211919
42.000000 117.978665 -8.724190 -45000.000000
43.000000 118.418719 -7.895188 -1.000000
44.000000 118.439373 -8.305944 -21853.774721
45.000000 118.444636 -8.712769 -45000.000000
46.000000 118.888860 -7.867781 -1.000000
47.000000 118.896413 -8.286226 -21925.208010
48.000000 118.905805 -8.700952 -45000.000000
49.000000 119.361914 -7.878978 -1.000000
50.000000 119.352305 -8.282443 -23113.174765
51.000000 119.350238 -8.692796 -45000.000000
52.000000 119.831078 -7.892777 -1.000000
53.000000 119.817531 -8.295598 -23209.166419
54.000000 119.795656 -8.705723 -45000.000000
55.000000 120.295604 -7.906440 -1.000000
56.000000 120.275161 -8.324010 -22150.246466
57.000000 120.232033 -8.738219 -45000.000000
58.000000 120.773575 -7.930557 -1.000000
59.000000 120.729119 -8.370233 -20697.793428
60.000000 120.675394 -8.795195 -45000.000000
61.000000 121.225479 -7.997439 -1.000000
62.000000 121.174067 -8.431074 -20652.116117
63.000000 121.137985 -8.851974 -45000.000000
64.000000 121.670916 -8.063364 -1.000000
65.000000 121.627156 -8.483170 -21473.495602
66.000000 121.606597 -8.897191 -45000.000000
67.000000 122.097011 -8.126426 -1.000000
68.000000 122.091283 -8.511506 -22644.891301
69.000000 122.094368 -8.899202 -45000.000000
70.000000 122.517022 -8.078282 -1.000000
71.000000 122.559163 -8.484559 -22102.559850
72.000000 122.581562 -8.890159 -45000.000000
73.000000 122.962916 -8.015880 -1.000000
74.000000 123.015107 -8.434050 -21589.446193
75.000000 123.053218 -8.847141 -45000.000000
76.000000 123.407583 -7.953649 -1.000000
77.000000 123.466992 -8.379240 -21095.599707
78.000000 123.521551 -8.794762 -45000.000000
79.000000 123.853458 -7.891249 -1.000000
80.000000 123.919628 -8.312114 -21718.968686
81.000000 123.986146 -8.727531 -45000.000000
82.000000 124.297867 -7.829054 -1.000000
83.000000 124.372448 -8.243846 -22395.800153
84.000000 124.447093 -8.659074 -45000.000000
85.000000 124.734884 -7.736930 -1.000000
86.000000 124.826254 -8.156408 -22150.024970
87.000000 124.913173 -8.575189 -45000.000000
88.000000 125.172780 -7.634444 -1.000000
89.000000 125.271841 -8.052509 -22157.600281
90.000000 125.366688 -8.469973 -45000.000000
91.000000 125.618678 -7.530085 -1.000000
92.000000 125.718512 -7.948378 -22166.270868
93.000000 125.817434 -8.365400 -45000.000000
94.000000 126.059825 -7.426198 -1.000000
95.000000 126.163636 -7.842324 -21989.325484
96.000000 126.268089 -8.255245 -45000.000000
97.000000 126.497999 -7.311892 -1.000000
98.000000 126.604799 -7.724166 -20856.353452
99.000000 126.713734 -8.122613 -45000.000000
100.000000 126.935399 -7.197787 -1.000000
101.000000 127.044869 -7.604071 -20287.159517
102.000000 127.157945 -7.990501 -45000.000000
103.000000 127.370204 -7.084360 -1.000000
104.000000 127.486217 -7.484656 -20574.867185
105.000000 127.605410 -7.867592 -45000.000000
106.000000 127.802427 -6.971606 -1.000000
107.000000 127.927320 -7.364028 -21121.794647
108.000000 128.053720 -7.744451 -45000.000000
109.000000 128.204965 -6.823171 -1.000000
110.000000 128.359639 -7.220105 -22249.860507
111.000000 128.509753 -7.617962 -45000.000000
112.000000 128.614337 -6.658578 -1.000000
113.000000 128.775283 -7.049674 -22517.809352
114.000000 128.947342 -7.437778 -45000.000000
115.000000 129.003497 -6.502112 -1.000000
116.000000 129.198273 -6.871523 -23560.302052
117.000000 129.393393 -7.252689 -45000.000000
118.000000 129.349510 -6.273607 -1.000000
119.000000 129.588652 -6.632425 -22926.514222
120.000000 129.812152 -7.007018 -45000.000000
121.000000 129.689453 -6.045025 -1.000000
122.000000 129.979430 -6.388172 -22685.120294
123.000000 130.252388 -6.748745 -45000.000000
124.000000 112.060283 -7.936489 -33346.590666
125.000000 112.102540 -7.510923 -10847.090666
126.000000 112.250499 -8.187855 -45000.000000
127.000000 112.279036 -7.980462 -33948.691482
128.000000 112.302225 -7.769252 -22295.282148
129.000000 112.337333 -7.565297 -10847.090666
130.000000 112.356402 -7.350941 -1.000000
131.000000 112.492441 -8.020619 -33948.691482
132.000000 112.556087 -7.609269 -11449.191482
133.000000 112.692055 -8.270944 -45000.000000
134.000000 112.717695 -8.065245 -34486.922257
135.000000 112.746232 -7.857852 -23435.613739
136.000000 112.775076 -7.659983 -11449.191482
137.000000 112.810185 -7.456027 -1.000000
138.000000 112.945845 -8.108177 -34486.922257
139.000000 113.000330 -7.704610 -11987.422257
140.000000 113.149561 -8.346762 -45000.000000
141.000000 113.176501 -8.138239 -34605.730314
142.000000 113.202141 -7.932541 -24092.652571
143.000000 113.221851 -7.731647 -11987.422257
144.000000 113.250695 -7.533778 -1.000000
145.000000 113.405857 -8.171126 -34605.730314
146.000000 113.452506 -7.761709 -12106.230314
147.000000 113.608145 -8.405118 -45000.000000
148.000000 113.635085 -8.196596 -34605.730314
149.000000 113.660976 -7.981431 -23876.148589
150.000000 113.680686 -7.780537 -11770.918275
151.000000 113.696979 -7.569629 -1.000000
152.000000 113.863264 -8.215423 -34270.418275
153.000000 113.905449 -7.789351 -11770.918275
154.000000 114.064856 -8.453716 -45000.000000
155.000000 114.090747 -8.238552 -34270.418275
156.000000 114.115806 -8.017994 -23133.051775
157.000000 114.132098 -7.807086 -11363.133501
158.000000 114.146765 -7.587268 -1.000000
159.000000 114.317397 -8.256287 -33862.633501
160.000000 114.357122 -7.815910 -11363.133501
161.000000 114.520609 -8.495180 -45000.000000
162.000000 114.545668 -8.274622 -33862.633501
163.000000 114.566402 -8.054117 -22349.738117
164.000000 114.581068 -7.834299 -10987.604616
165.000000 114.604812 -7.612647 -1.000000
166.000000 114.769614 -8.293010 -33487.104616
167.000000 114.814092 -7.850853 -10987.604616
168.000000 114.975236 -8.531696 -45000.000000
169.000000 114.993045 -8.318135 -33447.216377
170.000000 115.013780 -8.097630 -21934.320992
171.000000 115.043736 -7.883552 -10987.604616
172.000000 115.067479 -7.661901 -1.000000
173.000000 115.219401 -8.336316 -33447.216377
174.000000 115.267167 -7.908678 -10947.716377
175.000000 115.426534 -8.568463 -45000.000000
176.000000 115.445619 -8.361763 -33455.497164
177.000000 115.463429 -8.148202 -21902.713540
178.000000 115.493385 -7.934124 -10955.997164
179.000000 115.520441 -7.726398 -1.000000
180.000000 115.670562 -8.380349 -33455.497164
181.000000 115.716702 -7.965922 -10955.997164
182.000000 115.878696 -8.609277 -45000.000000
183.000000 115.897675 -8.406496 -33705.511888
184.000000 115.916759 -8.199796 -22161.009052
185.000000 115.939442 -7.997638 -10955.997164
186.000000 115.966498 -7.789912 -1.000000
187.000000 116.124894 -8.428724 -33705.511888
188.000000 116.166555 -8.023786 -11206.011888
189.000000 116.337166 -8.654127 -45000.000000
190.000000 116.353261 -8.452373 -33809.930064
191.000000 116.372240 -8.249593 -22515.441952
192.000000 116.390018 -8.049156 -11206.011888
193.000000 116.412701 -7.846998 -1.000000
194.000000 116.584512 -8.474996 -33809.930064
195.000000 116.618385 -8.072805 -11310.430064
196.000000 116.800824 -8.693515 -45000.000000
197.000000 116.812996 -8.491693 -33690.964306
198.000000 116.829091 -8.289939 -22500.894370
199.000000 116.846869 -8.089502 -11191.464306
200.000000 116.860799 -7.887898 -1.000000
201.000000 117.045403 -8.508458 -33690.964306
202.000000 117.071505 -8.105032 -11191.464306
203.000000 117.271806 -8.722973 -45000.000000
204.000000 117.274824 -8.522305 -33722.165103
205.000000 117.286996 -8.320483 -22413.129409
206.000000 117.291026 -8.120209 -11191.464306
207.000000 117.304956 -7.918605 -1.000000
208.000000 117.513399 -8.534999 -33722.165103
209.000000 117.520447 -8.134056 -11222.665103
210.000000 117.744524 -8.729928 -45000.000000
211.000000 117.746857 -7.927587 -1.000000
212.000000 117.747541 -8.529260 -33722.165103
213.000000 117.748183 -8.328632 -22377.771062
214.000000 117.752213 -8.128358 -11156.105959
215.000000 117.974593 -8.122163 -11156.105959
216.000000 117.979307 -8.523562 -33655.605959
217.000000 118.193978 -7.908290 -1.000000
218.000000 118.204305 -8.113668 -10927.387360
219.000000 118.209661 -8.314439 -22082.493320
220.000000 118.211651 -8.718479 -45000.000000
221.000000 118.212292 -8.517852 -33655.605959
222.000000 118.429046 -8.100566 -10927.387360
223.000000 118.442005 -8.509356 -33426.887360
224.000000 118.653790 -7.881485 -1.000000
225.000000 118.657566 -8.090707 -10963.104005
226.000000 118.667893 -8.296085 -21889.491365
227.000000 118.672589 -8.503448 -33426.887360
228.000000 118.675221 -8.706861 -45000.000000
229.000000 118.892637 -8.077003 -10963.104005
230.000000 118.901109 -8.493589 -33462.604005
231.000000 119.123326 -8.489511 -33462.604005
232.000000 119.124359 -8.284334 -22519.191387
233.000000 119.125387 -7.873380 -1.000000
234.000000 119.128022 -8.696874 -45000.000000
235.000000 119.129164 -8.082602 -10963.104005
236.000000 119.351272 -8.487619 -34056.587382
237.000000 119.357110 -8.080711 -11557.087382
238.000000 119.572947 -8.699259 -45000.000000
239.000000 119.573981 -8.494083 -34056.587382
240.000000 119.584918 -8.289020 -23161.170592
241.000000 119.591692 -8.087610 -11557.087382
242.000000 119.596496 -7.885878 -1.000000
243.000000 119.806593 -8.500660 -34104.583209
244.000000 119.824304 -8.094188 -11605.083209
245.000000 120.013844 -8.721971 -45000.000000
246.000000 120.024782 -8.516908 -34104.583209
247.000000 120.046346 -8.309804 -22679.706442
248.000000 120.056567 -8.101019 -11605.083209
249.000000 120.063341 -7.899609 -1.000000
250.000000 120.253597 -8.531115 -33575.123233
251.000000 120.285383 -8.115225 -11075.623233
252.000000 120.453714 -8.766707 -45000.000000
253.000000 120.475278 -8.559603 -33575.123233
254.000000 120.502140 -8.347122 -21424.019947
255.000000 120.524368 -8.127284 -11075.623233
256.000000 120.534590 -7.918498 -1.000000
257.000000 120.702257 -8.582714 -32848.896714
258.000000 120.751347 -8.150395 -10349.396714
259.000000 120.906689 -8.823585 -45000.000000
260.000000 120.924730 -8.613135 -32826.058058
261.000000 120.951593 -8.400654 -20674.954773
262.000000 120.977299 -8.183836 -10349.396714
263.000000 120.999527 -7.963998 -1.000000
264.000000 121.156026 -8.641524 -32826.058058
265.000000 121.199773 -8.214257 -10326.558058
266.000000 121.372291 -8.874583 -45000.000000
267.000000 121.382570 -8.667572 -33236.747801
268.000000 121.400611 -8.457122 -21062.805859
269.000000 121.422491 -8.247219 -10326.558058
270.000000 121.448198 -8.030401 -1.000000
271.000000 121.616876 -8.690180 -33236.747801
272.000000 121.649036 -8.273267 -10737.247801
273.000000 121.848940 -8.704349 -33822.445650
274.000000 121.850482 -8.898197 -45000.000000
275.000000 121.859220 -8.497338 -22059.193451
276.000000 121.862084 -8.304798 -10737.247801
277.000000 121.883964 -8.094895 -1.000000
278.000000 122.092826 -8.705354 -33822.445650
279.000000 122.094147 -8.318966 -11322.945650
280.000000 122.307016 -8.102354 -1.000000
281.000000 122.325223 -8.498032 -22373.725575
282.000000 122.328087 -8.305492 -11051.779925
283.000000 122.336423 -8.700832 -33822.445650
284.000000 122.337965 -8.894681 -45000.000000
285.000000 122.538092 -8.281420 -11051.779925
286.000000 122.570363 -8.687359 -33551.279925
287.000000 122.739969 -8.047081 -1.000000
288.000000 122.766064 -8.256166 -10795.223096
289.000000 122.787135 -8.459304 -21846.003021
290.000000 122.806190 -8.665850 -33551.279925
291.000000 122.817390 -8.868650 -45000.000000
292.000000 122.989012 -8.224965 -10795.223096
293.000000 123.034162 -8.640595 -33294.723096
294.000000 123.185250 -7.984764 -1.000000
295.000000 123.211345 -8.193849 -10795.223096
296.000000 123.241050 -8.406645 -21342.522950
297.000000 123.268329 -8.614406 -33294.723096
298.000000 123.287385 -8.820951 -45000.000000
299.000000 123.437287 -8.166444 -10548.299854
300.000000 123.494272 -8.587001 -33047.799854
301.000000 123.630520 -7.922449 -1.000000
302.000000 123.660225 -8.135244 -10548.299854
303.000000 123.693310 -8.345677 -21407.284197
304.000000 123.726569 -8.553386 -33047.799854
305.000000 123.753849 -8.761147 -45000.000000
306.000000 123.886543 -8.101682 -10859.984343
307.000000 123.952887 -8.519823 -33359.484343
308.000000 124.075663 -7.860152 -1.000000
309.000000 124.108748 -8.070584 -10859.984343
310.000000 124.146038 -8.277980 -22057.384420
311.000000 124.179297 -8.485689 -33697.900076
312.000000 124.216619 -8.693303 -45000.000000
313.000000 124.335158 -8.036450 -11198.400076
314.000000 124.409770 -8.451460 -33697.900076
315.000000 124.516375 -7.782992 -1.000000
316.000000 124.562061 -7.992731 -11075.512485
317.000000 124.599351 -8.200127 -22272.912562
318.000000 124.636673 -8.407741 -33575.012485
319.000000 124.680133 -8.617131 -45000.000000
320.000000 124.780569 -7.946669 -11075.512485
321.000000 124.869714 -8.365798 -33575.012485
322.000000 124.953832 -7.685687 -1.000000
323.000000 125.003363 -7.894720 -11079.300141
324.000000 125.049048 -8.104459 -22153.812626
325.000000 125.096471 -8.313191 -33575.012485
326.000000 125.139931 -8.522581 -45000.000000
327.000000 125.222311 -7.843476 -11079.300141
328.000000 125.319265 -8.261241 -33578.800141
329.000000 125.395729 -7.582264 -1.000000
330.000000 125.445259 -7.791297 -11079.300141
331.000000 125.495177 -8.000444 -22161.935575
332.000000 125.544638 -8.208955 -33578.800141
333.000000 125.592061 -8.417687 -45000.000000
334.000000 125.668595 -7.739231 -11083.635434
335.000000 125.767973 -8.156889 -33583.135434
336.000000 125.839251 -7.478141 -1.000000
337.000000 125.889168 -7.687288 -11083.635434
338.000000 125.941074 -7.895351 -22077.798176
339.000000 125.990535 -8.103862 -33494.662742
340.000000 126.042762 -8.310323 -45000.000000
341.000000 126.111731 -7.634261 -10995.162742
342.000000 126.215863 -8.048785 -33494.662742
343.000000 126.278912 -7.369045 -1.000000
344.000000 126.332312 -7.575182 -10428.676726
345.000000 126.384217 -7.783245 -21422.839468
346.000000 126.438685 -7.982469 -33494.662742
347.000000 126.490912 -8.188929 -45000.000000
348.000000 126.551399 -7.518029 -10428.676726
349.000000 126.659266 -7.923389 -32928.176726
350.000000 126.716699 -7.254839 -1.000000
351.000000 126.771434 -7.457981 -10144.079759
352.000000 126.824834 -7.664119 -20571.756485
353.000000 126.881372 -7.857333 -32928.176726
354.000000 126.935840 -8.056557 -45000.000000
355.000000 126.990134 -7.400929 -10144.079759
356.000000 127.101407 -7.797286 -32643.579759
357.000000 127.152802 -7.141074 -1.000000
358.000000 127.207536 -7.344216 -10144.079759
359.000000 127.265543 -7.544364 -20431.013351
360.000000 127.322081 -7.737578 -32787.433593
361.000000 127.381678 -7.929046 -45000.000000
362.000000 127.428210 -7.284508 -10287.933593
363.000000 127.545813 -7.676124 -32787.433593
364.000000 127.586315 -7.027983 -1.000000
365.000000 127.644322 -7.228131 -10287.933593
366.000000 127.706769 -7.424342 -20848.330916
367.000000 127.766365 -7.615810 -33060.897323
368.000000 127.829565 -7.806021 -45000.000000
369.000000 127.864874 -7.167817 -10561.397323
370.000000 127.990520 -7.554240 -33060.897323
371.000000 128.003696 -6.897389 -1.000000
372.000000 128.066143 -7.093600 -10561.397323
373.000000 128.143480 -7.292067 -21685.827577
374.000000 128.206679 -7.482278 -33624.930254
375.000000 128.281736 -7.681207 -45000.000000
376.000000 128.282302 -7.021638 -11125.430254
377.000000 128.409651 -6.740875 -1.000000
378.000000 128.434696 -7.419034 -33624.930254
379.000000 128.490124 -6.936423 -11259.404676
380.000000 128.567461 -7.134889 -22383.834929
381.000000 128.653491 -7.328942 -33624.930254
382.000000 128.694810 -6.854126 -11259.404676
383.000000 128.728547 -7.527870 -45000.000000
384.000000 128.808917 -6.580345 -1.000000
385.000000 128.861313 -7.243726 -33758.904676
386.000000 128.889390 -6.775893 -11259.404676
387.000000 128.986778 -6.960598 -23039.055702
388.000000 129.072808 -7.154650 -34280.151026
389.000000 129.100885 -6.686817 -11780.651026
390.000000 129.170368 -7.345234 -45000.000000
391.000000 129.176504 -6.387859 -1.000000
392.000000 129.295833 -7.062106 -34280.151026
393.000000 129.296075 -6.567269 -11463.757111
394.000000 129.393463 -6.751974 -23243.408137
395.000000 129.469081 -6.453016 -11463.757111
396.000000 129.505212 -6.939270 -34280.151026
397.000000 129.519482 -6.159316 -1.000000
398.000000 129.602772 -7.129853 -45000.000000
399.000000 129.639053 -6.338725 -11463.757111
400.000000 129.700402 -6.819722 -33963.257111
401.000000 129.784041 -6.510299 -22805.817258
402.000000 129.834442 -6.216598 -11343.060147
403.000000 129.895791 -6.697595 -33842.560147
404.000000 130.032270 -6.877882 -45000.000000
405.000000 130.115909 -6.568459 -33842.560147
406.000000 112.048689 -8.042094 -39173.295333
407.000000 112.071877 -7.830884 -27519.885999
408.000000 112.093006 -7.618101 -16270.135999
409.000000 112.112074 -7.403745 -5424.045333
410.000000 112.143797 -8.167777 -45000.000000
411.000000 112.158065 -8.064080 -39474.345741
412.000000 112.169660 -7.958475 -33647.641074
413.000000 112.181254 -7.852871 -27820.936407
414.000000 112.192848 -7.747266 -21994.231740
415.000000 112.210403 -7.645288 -16270.135999
416.000000 112.219937 -7.538110 -10847.090666
417.000000 112.229471 -7.430932 -5424.045333
418.000000 112.239005 -7.323754 -1.000000
419.000000 112.264768 -8.084159 -39474.345741
420.000000 112.290631 -7.874857 -28121.986815
421.000000 112.319779 -7.667274 -16571.186407
422.000000 112.346868 -7.458119 -5424.045333
423.000000 112.357202 -8.207934 -45000.000000
424.000000 112.371470 -8.104237 -39474.345741
425.000000 112.385739 -8.000540 -33948.691482
426.000000 112.400007 -7.896844 -28423.037223
427.000000 112.411602 -7.791239 -22596.332556
428.000000 112.429156 -7.689261 -16872.236815
429.000000 112.446710 -7.587283 -11148.141074
430.000000 112.464264 -7.485305 -5424.045333
431.000000 112.473798 -7.378127 -1.000000
432.000000 112.478173 -8.124315 -39474.345741
433.000000 112.506710 -7.916922 -28423.037223
434.000000 112.538532 -7.711247 -17173.287223
435.000000 112.573641 -7.507292 -5725.095741
436.000000 112.577979 -8.249478 -45000.000000
437.000000 112.590799 -8.146629 -39743.461128
438.000000 112.605068 -8.042932 -34217.806869
439.000000 112.619336 -7.939235 -28692.152610
440.000000 112.633605 -7.835539 -23166.498351
441.000000 112.648027 -7.736604 -17173.287223
442.000000 112.665581 -7.634626 -11449.191482
443.000000 112.683136 -7.532648 -5725.095741
444.000000 112.700690 -7.430670 -1.000000
445.000000 112.704875 -8.168095 -39743.461128
446.000000 112.731963 -7.961549 -28961.267998
447.000000 112.760654 -7.758917 -17442.402610
448.000000 112.792630 -7.558005 -5725.095741
449.000000 112.806130 -8.292409 -45000.000000
450.000000 112.818950 -8.189560 -39743.461128
451.000000 112.831770 -8.086711 -34486.922257
452.000000 112.844590 -7.983862 -29230.383385
453.000000 112.858859 -7.880165 -23704.729126
454.000000 112.873281 -7.781231 -17711.517998
455.000000 112.887703 -7.682296 -11718.306869
456.000000 112.902125 -7.583362 -5725.095741
457.000000 112.919680 -7.481384 -1.000000
458.000000 112.933026 -8.211026 -39743.461128
459.000000 112.958665 -8.005328 -29230.383385
460.000000 112.985908 -7.803544 -17980.633385
461.000000 113.014752 -7.605675 -5994.211128
462.000000 113.034883 -8.330318 -45000.000000
463.000000 113.048353 -8.226057 -39802.865157
464.000000 113.061173 -8.123208 -34546.326286
465.000000 113.073993 -8.020359 -29289.787414
466.000000 113.086813 -7.917510 -24033.248543
467.000000 113.096668 -7.817063 -17980.633385
468.000000 113.111090 -7.718128 -11987.422257
469.000000 113.125512 -7.619194 -5994.211128
470.000000 113.139935 -7.520259 -1.000000
471.000000 113.163031 -8.242501 -39802.865157
472.000000 113.189321 -8.035390 -29349.191443
473.000000 113.211996 -7.832094 -18040.037414
474.000000 113.236273 -7.632712 -5994.211128
475.000000 113.264239 -8.363205 -45000.000000
476.000000 113.277709 -8.258944 -39802.865157
477.000000 113.291179 -8.154683 -34605.730314
478.000000 113.304649 -8.050421 -29408.595471
479.000000 113.317469 -7.947572 -24152.056600
480.000000 113.327324 -7.847125 -18099.441443
481.000000 113.337178 -7.746678 -12046.826286
482.000000 113.347033 -7.646231 -5994.211128
483.000000 113.361455 -7.547296 -1.000000
484.000000 113.392387 -8.275387 -39802.865157
485.000000 113.419327 -8.066865 -29408.595471
486.000000 113.442652 -7.862156 -18158.845471
487.000000 113.462361 -7.661262 -6053.615157
488.000000 113.493531 -8.392383 -45000.000000
489.000000 113.507001 -8.288122 -39802.865157
490.000000 113.520471 -8.183861 -34605.730314
491.000000 113.533941 -8.079600 -29408.595471
492.000000 113.546887 -7.972017 -24043.804609
493.000000 113.556741 -7.871570 -17991.189451
494.000000 113.566596 -7.771123 -11938.574294
495.000000 113.576451 -7.670676 -5885.959137
496.000000 113.584597 -7.565222 -1.000000
497.000000 113.621615 -8.300857 -39802.865157
498.000000 113.648031 -8.089013 -29240.939451
499.000000 113.670831 -7.880984 -17823.533432
500.000000 113.688832 -7.675083 -5885.959137
501.000000 113.722759 -8.417853 -45000.000000
502.000000 113.736229 -8.313592 -39802.865157
503.000000 113.749175 -8.206009 -34438.074294
504.000000 113.762120 -8.098427 -29073.283432
505.000000 113.775066 -7.990845 -23708.492569
506.000000 113.784921 -7.890397 -17655.877412
507.000000 113.793067 -7.784944 -11770.918275
508.000000 113.801214 -7.679490 -5885.959137
509.000000 113.809360 -7.574036 -1.000000
510.000000 113.850319 -8.323005 -39635.209137
511.000000 113.876210 -8.107841 -28905.627412
512.000000 113.897302 -7.894804 -17655.877412
513.000000 113.913595 -7.683897 -5885.959137
514.000000 113.951114 -8.442152 -45000.000000
515.000000 113.964060 -8.334570 -39635.209137
516.000000 113.977006 -8.226987 -34270.418275
517.000000 113.989952 -8.119405 -28905.627412
518.000000 114.002481 -8.009126 -23336.944162
519.000000 114.010627 -7.903672 -17451.985025
520.000000 114.018774 -7.798218 -11567.025888
521.000000 114.026920 -7.692765 -5682.066750
522.000000 114.034253 -7.582855 -1.000000
523.000000 114.077801 -8.346134 -39635.209137
524.000000 114.103276 -8.128273 -28701.735025
525.000000 114.123952 -7.912540 -17248.092638
526.000000 114.139432 -7.697177 -5682.066750
527.000000 114.178597 -8.465281 -45000.000000
528.000000 114.191543 -8.357698 -39635.209137
529.000000 114.204072 -8.247419 -34066.525888
530.000000 114.216601 -8.137140 -28497.842638
531.000000 114.229131 -8.026861 -22929.159389
532.000000 114.237277 -7.921407 -17044.200251
533.000000 114.244610 -7.811498 -11363.133501
534.000000 114.251943 -7.701589 -5682.066750
535.000000 114.259276 -7.591680 -1.000000
536.000000 114.304868 -8.366566 -39431.316750
537.000000 114.329926 -8.146008 -28293.950251
538.000000 114.349789 -7.925820 -17044.200251
539.000000 114.364455 -7.706001 -5682.066750
540.000000 114.406474 -8.486012 -45000.000000
541.000000 114.419003 -8.375733 -39431.316750
542.000000 114.431532 -8.265454 -33862.633501
543.000000 114.444062 -8.155175 -28293.950251
544.000000 114.454429 -8.044923 -22537.502559
545.000000 114.461762 -7.935014 -16856.435809
546.000000 114.469095 -7.825105 -11175.369058
547.000000 114.476428 -7.715195 -5494.302308
548.000000 114.488300 -7.604370 -1.000000
549.000000 114.533138 -8.384901 -39431.316750
550.000000 114.556035 -8.164369 -28106.185809
551.000000 114.573735 -7.944208 -16668.671366
552.000000 114.592940 -7.723473 -5494.302308
553.000000 114.634744 -8.504347 -45000.000000
554.000000 114.647274 -8.394068 -39431.316750
555.000000 114.657641 -8.283816 -33674.869058
556.000000 114.668008 -8.173563 -27918.421366
557.000000 114.678375 -8.063311 -22161.973674
558.000000 114.685708 -7.953402 -16480.906924
559.000000 114.697580 -7.842576 -10987.604616
560.000000 114.709452 -7.731750 -5494.302308
561.000000 114.721323 -7.620925 -1.000000
562.000000 114.759247 -8.403262 -39243.552308
563.000000 114.779981 -8.182757 -27730.656924
564.000000 114.802220 -7.961679 -16480.906924
565.000000 114.825964 -7.740028 -5494.302308
566.000000 114.862058 -8.522605 -45000.000000
567.000000 114.870962 -8.415825 -39223.608188
568.000000 114.881330 -8.305573 -33467.160496
569.000000 114.891697 -8.195320 -27710.712804
570.000000 114.902064 -8.085068 -21954.265112
571.000000 114.917042 -7.978029 -16480.906924
572.000000 114.928914 -7.867203 -10987.604616
573.000000 114.940786 -7.756377 -5494.302308
574.000000 114.952657 -7.645551 -1.000000
575.000000 114.984141 -8.424916 -39223.608188
576.000000 115.003413 -8.207883 -27690.768685
577.000000 115.028758 -7.990591 -16460.962804
578.000000 115.055607 -7.772727 -5494.302308
579.000000 115.088414 -8.540787 -45000.000000
580.000000 115.097319 -8.434006 -39223.608188
581.000000 115.106223 -8.327226 -33447.216377
582.000000 115.115128 -8.220445 -27670.824565
583.000000 115.125495 -8.110193 -21914.376873
584.000000 115.140473 -8.003154 -16441.018685
585.000000 115.155451 -7.896115 -10967.660496
586.000000 115.170429 -7.789076 -5494.302308
587.000000 115.182301 -7.678250 -1.000000
588.000000 115.210497 -8.443097 -39223.608188
589.000000 115.228306 -8.229536 -27670.824565
590.000000 115.252189 -8.015716 -16421.074565
591.000000 115.282145 -7.801639 -5474.358188
592.000000 115.314063 -8.559170 -45000.000000
593.000000 115.323605 -8.455820 -39227.748582
594.000000 115.332510 -8.349040 -33451.356770
595.000000 115.341415 -8.242259 -27674.964959
596.000000 115.350320 -8.135479 -21898.573147
597.000000 115.365298 -8.028440 -16425.214959
598.000000 115.380276 -7.921401 -10951.856770
599.000000 115.395254 -7.814362 -5478.498582
600.000000 115.408782 -7.710499 -1.000000
601.000000 115.436077 -8.465113 -39227.748582
602.000000 115.454524 -8.254982 -27679.105352
603.000000 115.478407 -8.041163 -16429.355352
604.000000 115.506913 -7.830261 -5478.498582
605.000000 115.539006 -8.577756 -45000.000000
606.000000 115.548548 -8.474406 -39227.748582
607.000000 115.558090 -8.371056 -33455.497164
608.000000 115.567633 -8.267706 -27683.245745
609.000000 115.576537 -8.160925 -21906.853934
610.000000 115.591515 -8.053886 -16433.495745
611.000000 115.605043 -7.950023 -10955.997164
612.000000 115.618572 -7.846160 -5478.498582
613.000000 115.632100 -7.742297 -1.000000
614.000000 115.661019 -8.483699 -39227.748582
615.000000 115.680104 -8.276998 -27683.245745
616.000000 115.703174 -8.069785 -16433.495745
617.000000 115.730230 -7.862059 -5478.498582
618.000000 115.765086 -8.598163 -45000.000000
619.000000 115.774576 -8.496772 -39352.755944
620.000000 115.784118 -8.393422 -33580.504526
621.000000 115.793661 -8.290072 -27808.253108
622.000000 115.803203 -8.186722 -22036.001690
623.000000 115.814544 -8.085643 -16433.495745
624.000000 115.828072 -7.981780 -10955.997164
625.000000 115.841600 -7.877917 -5478.498582
626.000000 115.855128 -7.774054 -1.000000
627.000000 115.888185 -8.507886 -39352.755944
628.000000 115.907217 -8.303146 -27933.260470
629.000000 115.928101 -8.098717 -16558.503108
630.000000 115.952970 -7.893775 -5478.498582
631.000000 115.992305 -8.620391 -45000.000000
632.000000 116.001795 -8.519000 -39352.755944
633.000000 116.011284 -8.417610 -33705.511888
634.000000 116.020774 -8.316220 -28058.267832
635.000000 116.030316 -8.212870 -22286.016414
636.000000 116.041657 -8.111791 -16683.510470
637.000000 116.052999 -8.010712 -11081.004526
638.000000 116.064340 -7.909633 -5478.498582
639.000000 116.077868 -7.805770 -1.000000
640.000000 116.115404 -8.530114 -39352.755944
641.000000 116.134383 -8.327334 -28058.267832
642.000000 116.155214 -8.124865 -16808.517832
643.000000 116.177897 -7.922707 -5603.505944
644.000000 116.221540 -8.642816 -45000.000000
645.000000 116.229588 -8.541939 -39404.965032
646.000000 116.239077 -8.440549 -33757.720976
647.000000 116.248567 -8.339158 -28110.476920
648.000000 116.258056 -8.237768 -22463.232864
649.000000 116.266945 -8.137550 -16808.517832
650.000000 116.278287 -8.036471 -11206.011888
651.000000 116.289628 -7.935392 -5603.505944
652.000000 116.300969 -7.834313 -1.000000
653.000000 116.345213 -8.553250 -39404.965032
654.000000 116.362750 -8.350983 -28162.686008
655.000000 116.381129 -8.149374 -16860.726920
656.000000 116.401359 -7.948077 -5603.505944
657.000000 116.452791 -8.665438 -45000.000000
658.000000 116.460839 -8.564561 -39404.965032
659.000000 116.468886 -8.463684 -33809.930064
660.000000 116.476934 -8.362807 -28214.895096
661.000000 116.486423 -8.261417 -22567.651040
662.000000 116.495312 -8.161199 -16912.936008
663.000000 116.504201 -8.060980 -11258.220976
664.000000 116.513090 -7.960762 -5603.505944
665.000000 116.524432 -7.859683 -1.000000
666.000000 116.576464 -8.575872 -39404.965032
667.000000 116.592559 -8.374119 -28214.895096
668.000000 116.609496 -8.173023 -16965.145096
669.000000 116.627274 -7.972586 -5655.715032
670.000000 116.684620 -8.685132 -45000.000000
671.000000 116.690706 -8.584221 -39345.482153
672.000000 116.698754 -8.483344 -33750.447185
673.000000 116.706802 -8.382467 -28155.412217
674.000000 116.714849 -8.281590 -22560.377249
675.000000 116.723738 -8.181372 -16905.662217
676.000000 116.732627 -8.081153 -11250.947185
677.000000 116.741516 -7.980935 -5596.232153
678.000000 116.748481 -7.880133 -1.000000
679.000000 116.806910 -8.592604 -39345.482153
680.000000 116.821044 -8.390816 -28095.929338
681.000000 116.837980 -8.189720 -16846.179338
682.000000 116.853834 -7.988700 -5596.232153
683.000000 116.917027 -8.701897 -45000.000000
684.000000 116.923113 -8.600986 -39345.482153
685.000000 116.929200 -8.500075 -33690.964306
686.000000 116.935286 -8.399165 -28036.446460
687.000000 116.943334 -8.298288 -22441.411492
688.000000 116.952223 -8.198069 -16786.696460
689.000000 116.959187 -8.097267 -11191.464306
690.000000 116.966152 -7.996465 -5596.232153
691.000000 116.973117 -7.895663 -1.000000
692.000000 117.039317 -8.609369 -39345.482153
693.000000 117.051489 -8.407547 -28036.446460
694.000000 117.064540 -8.205834 -16786.696460
695.000000 117.078470 -8.004230 -5596.232153
696.000000 117.152519 -8.716627 -45000.000000
697.000000 117.154027 -8.616292 -39361.082551
698.000000 117.160114 -8.515381 -33706.564705
699.000000 117.166200 -8.414471 -28052.046858
700.000000 117.172286 -8.313560 -22397.529011
701.000000 117.174301 -8.213423 -16786.696460
702.000000 117.181266 -8.112621 -11191.464306
703.000000 117.188231 -8.011819 -5596.232153
704.000000 117.195195 -7.911017 -1.000000
705.000000 117.273315 -8.622639 -39361.082551
706.000000 117.280910 -8.421394 -28067.647256
707.000000 117.289011 -8.220346 -16802.296858
708.000000 117.297991 -8.019407 -5596.232153
709.000000 117.391094 -8.729320 -45000.000000
710.000000 117.392603 -8.628986 -39361.082551
711.000000 117.394112 -8.528652 -33722.165103
712.000000 117.395620 -8.428317 -28083.247654
713.000000 117.401707 -8.327407 -22428.729807
714.000000 117.403722 -8.227270 -16817.897256
715.000000 117.405737 -8.127133 -11207.064705
716.000000 117.407752 -8.026996 -5596.232153
717.000000 117.414717 -7.926193 -1.000000
718.000000 117.511891 -8.635333 -39361.082551
719.000000 117.514908 -8.434664 -28083.247654
720.000000 117.518432 -8.234193 -16833.497654
721.000000 117.522462 -8.033919 -5611.832551
722.000000 117.627453 -8.732798 -45000.000000
723.000000 117.628962 -8.632464 -39361.082551
724.000000 117.630470 -8.532129 -33722.165103
725.000000 117.631979 -8.431795 -28083.247654
726.000000 117.632300 -8.331481 -22411.050634
727.000000 117.634315 -8.231344 -16800.218083
728.000000 117.635667 -7.930684 -1.000000
729.000000 117.636330 -8.131207 -11189.385531
730.000000 117.638345 -8.031070 -5578.552980
731.000000 117.746032 -8.629594 -39361.082551
732.000000 117.747862 -8.428946 -28049.968083
733.000000 117.749535 -8.027972 -5578.552980
734.000000 117.750198 -8.228495 -16766.938511
735.000000 117.858047 -7.924489 -1.000000
736.000000 117.860725 -8.024875 -5578.552980
737.000000 117.861595 -8.727059 -45000.000000
738.000000 117.863103 -8.626725 -39361.082551
739.000000 117.863403 -8.125261 -11156.105959
740.000000 117.863424 -8.526411 -33688.885531
741.000000 117.863745 -8.426097 -28016.688511
742.000000 117.864066 -8.325783 -22344.491491
743.000000 117.866081 -8.225646 -16733.658939
744.000000 117.971915 -8.021777 -5578.552980
745.000000 117.977271 -8.222549 -16733.658939
746.000000 117.978986 -8.623876 -39327.802980
747.000000 117.979628 -8.423248 -27983.408939
748.000000 118.081608 -7.914841 -1.000000
749.000000 118.086771 -8.017529 -5464.193680
750.000000 118.089449 -8.117915 -11041.746660
751.000000 118.092127 -8.218301 -16619.299640
752.000000 118.094805 -8.318687 -22196.852619
753.000000 118.095158 -8.721335 -45000.000000
754.000000 118.095479 -8.621021 -39327.802980
755.000000 118.095800 -8.520707 -33655.605959
756.000000 118.096121 -8.420393 -27983.408939
757.000000 118.199142 -8.010979 -5464.193680
758.000000 118.206983 -8.214053 -16504.940340
759.000000 118.210977 -8.416145 -27869.049640
760.000000 118.211972 -8.618165 -39327.802980
761.000000 118.306349 -7.901739 -1.000000
762.000000 118.311512 -8.004428 -5464.193680
763.000000 118.316676 -8.107117 -10927.387360
764.000000 118.321839 -8.209806 -16390.581041
765.000000 118.324517 -8.310191 -21968.134020
766.000000 118.325833 -8.411898 -27754.690340
767.000000 118.327149 -8.513604 -33541.246660
768.000000 118.328143 -8.715624 -45000.000000
769.000000 118.328464 -8.615310 -39327.802980
770.000000 118.423883 -7.997877 -5464.193680
771.000000 118.434210 -8.203255 -16390.581041
772.000000 118.440689 -8.407650 -27640.331041
773.000000 118.443320 -8.611063 -39213.443680
774.000000 118.536254 -7.888337 -1.000000
775.000000 118.538143 -7.992948 -5482.052002
776.000000 118.543306 -8.095637 -10945.245683
777.000000 118.548470 -8.198325 -16408.439363
778.000000 118.553633 -8.301014 -21871.633043
779.000000 118.555981 -8.404696 -27640.331041
780.000000 118.557297 -8.506402 -33426.887360
781.000000 118.558613 -8.608108 -39213.443680
782.000000 118.559928 -8.709815 -45000.000000
783.000000 118.655678 -7.986096 -5482.052002
784.000000 118.662730 -8.193396 -16426.297685
785.000000 118.670241 -8.399766 -27658.189363
786.000000 118.673905 -8.605154 -39213.443680
787.000000 118.771325 -7.874633 -1.000000
788.000000 118.773213 -7.979244 -5482.052002
789.000000 118.775102 -8.083855 -10963.104005
790.000000 118.776990 -8.188466 -16444.156007
791.000000 118.782153 -8.291155 -21907.349687
792.000000 118.784501 -8.394837 -27676.047685
793.000000 118.786849 -8.498518 -33444.745683
794.000000 118.789197 -8.602200 -39213.443680
795.000000 118.790513 -8.703906 -45000.000000
796.000000 118.890749 -7.972392 -5482.052002
797.000000 118.894525 -8.181614 -16444.156007
798.000000 118.898761 -8.389907 -27693.906007
799.000000 118.903457 -8.597270 -39231.302002
800.000000 119.007124 -7.870580 -1.000000
801.000000 119.009012 -7.975192 -5482.052002
802.000000 119.009870 -8.387868 -27693.906007
803.000000 119.010386 -8.285280 -22222.199698
804.000000 119.010900 -8.079803 -10963.104005
805.000000 119.012217 -8.491550 -33462.604005
806.000000 119.012789 -8.184414 -16444.156007
807.000000 119.014565 -8.595231 -39231.302002
808.000000 119.016913 -8.698913 -45000.000000
809.000000 119.123843 -8.386923 -27990.897696
810.000000 119.125674 -8.593192 -39231.302002
811.000000 119.126762 -8.183468 -16741.147696
812.000000 119.127276 -7.977991 -5482.052002
813.000000 119.236782 -8.591153 -39231.302002
814.000000 119.237299 -8.488565 -33759.595694
815.000000 119.237816 -8.385977 -28287.889385
816.000000 119.238332 -8.283389 -22816.183076
817.000000 119.239130 -8.694835 -45000.000000
818.000000 119.240735 -8.182522 -17038.139385
819.000000 119.243137 -8.081656 -11260.095694
820.000000 119.243651 -7.876179 -1.000000
821.000000 119.245539 -7.980790 -5482.052002
822.000000 119.350755 -8.590208 -39528.293691
823.000000 119.351789 -8.385031 -28584.881074
824.000000 119.354708 -8.181577 -17335.131074
825.000000 119.359512 -7.979845 -5779.043691
826.000000 119.461592 -8.696028 -45000.000000
827.000000 119.462109 -8.593439 -39528.293691
828.000000 119.462626 -8.490851 -34056.587382
829.000000 119.463143 -8.388263 -28584.881074
830.000000 119.468612 -8.285732 -23137.172678
831.000000 119.471999 -8.185027 -17335.131074
832.000000 119.474401 -8.084160 -11557.087382
833.000000 119.476803 -7.983294 -5779.043691
834.000000 119.479205 -7.882428 -1.000000
835.000000 119.573464 -8.596671 -39528.293691
836.000000 119.579449 -8.391552 -28608.878987
837.000000 119.588305 -8.188315 -17359.128987
838.000000 119.594094 -7.986744 -5779.043691
839.000000 119.684301 -8.702491 -45000.000000
840.000000 119.684818 -8.599903 -39528.293691
841.000000 119.690287 -8.497372 -34080.585296
842.000000 119.695756 -8.394840 -28632.876900
843.000000 119.701224 -8.292309 -23185.168505
844.000000 119.704611 -8.191604 -17383.126900
845.000000 119.707998 -8.090899 -11581.085296
846.000000 119.711385 -7.990194 -5779.043691
847.000000 119.713787 -7.889328 -1.000000
848.000000 119.801124 -8.603192 -39552.291605
849.000000 119.812062 -8.398129 -28656.874814
850.000000 119.820918 -8.194893 -17407.124814
851.000000 119.827691 -7.993483 -5803.041605
852.000000 119.904750 -8.713847 -45000.000000
853.000000 119.910219 -8.611316 -39552.291605
854.000000 119.915688 -8.508784 -34104.583209
855.000000 119.921156 -8.406253 -28656.874814
856.000000 119.931938 -8.302701 -22944.436431
857.000000 119.937049 -8.198308 -17407.124814
858.000000 119.940436 -8.097603 -11605.083209
859.000000 119.943823 -7.996898 -5803.041605
860.000000 119.947210 -7.896193 -1.000000
861.000000 120.019313 -8.619440 -39552.291605
862.000000 120.035564 -8.413356 -28392.144826
863.000000 120.051457 -8.205411 -17142.394826
864.000000 120.059954 -8.000314 -5803.041605
865.000000 120.122939 -8.730095 -45000.000000
866.000000 120.128407 -8.627564 -39552.291605
867.000000 120.139189 -8.524012 -33839.853221
868.000000 120.149971 -8.420459 -28127.414838
869.000000 120.160754 -8.316907 -22414.976454
870.000000 120.165864 -8.212515 -16877.664838
871.000000 120.170975 -8.108122 -11340.353221
872.000000 120.176086 -8.003729 -5803.041605
873.000000 120.179473 -7.903024 -1.000000
874.000000 120.242815 -8.634667 -39287.561617
875.000000 120.264379 -8.427562 -27862.684850
876.000000 120.280272 -8.219618 -16612.934850
877.000000 120.290493 -8.010833 -5538.311617
878.000000 120.342873 -8.752463 -45000.000000
879.000000 120.353655 -8.648911 -39287.561617
880.000000 120.364437 -8.545359 -33575.123233
881.000000 120.375219 -8.441806 -27862.684850
882.000000 120.388651 -8.335566 -21787.133207
883.000000 120.399765 -8.225647 -16612.934850
884.000000 120.404875 -8.121254 -11075.623233
885.000000 120.409986 -8.016862 -5538.311617
886.000000 120.415097 -7.912469 -1.000000
887.000000 120.464496 -8.663155 -39287.561617
888.000000 120.488709 -8.453362 -27499.571590
889.000000 120.513254 -8.237203 -16249.821590
890.000000 120.529479 -8.022891 -5538.311617
891.000000 120.564554 -8.780951 -45000.000000
892.000000 120.575336 -8.677399 -39287.561617
893.000000 120.588767 -8.571158 -33212.009974
894.000000 120.602198 -8.464918 -27136.458331
895.000000 120.615630 -8.358677 -21060.906688
896.000000 120.626744 -8.248758 -15886.708331
897.000000 120.637858 -8.138839 -10712.509974
898.000000 120.648972 -8.028920 -5538.311617
899.000000 120.654082 -7.924528 -1.000000
900.000000 120.688826 -8.688955 -38924.448357
901.000000 120.715688 -8.476474 -26773.345071
902.000000 120.740233 -8.260314 -15523.595071
903.000000 120.762461 -8.040476 -5175.198357
904.000000 120.791042 -8.809390 -45000.000000
905.000000 120.800062 -8.704165 -38913.029029
906.000000 120.813494 -8.597924 -32837.477386
907.000000 120.826925 -8.491684 -26761.925743
908.000000 120.840356 -8.385443 -20686.374100
909.000000 120.853209 -8.277035 -15523.595071
910.000000 120.864323 -8.167116 -10349.396714
911.000000 120.875437 -8.057197 -5175.198357
912.000000 120.886551 -7.947277 -1.000000
913.000000 120.915710 -8.718360 -38913.029029
914.000000 120.938162 -8.506894 -26750.506416
915.000000 120.964446 -8.292245 -15512.175743
916.000000 120.988413 -8.073917 -5175.198357
917.000000 121.022337 -8.837779 -45000.000000
918.000000 121.031358 -8.732555 -38913.029029
919.000000 121.040378 -8.627330 -32826.058058
920.000000 121.049399 -8.522105 -26739.087088
921.000000 121.062830 -8.415864 -20663.535445
922.000000 121.075683 -8.307455 -15500.756416
923.000000 121.088536 -8.199046 -10337.977386
924.000000 121.101389 -8.090637 -5175.198357
925.000000 121.112503 -7.980718 -1.000000
926.000000 121.147005 -8.746749 -38913.029029
927.000000 121.165046 -8.536299 -26739.087088
928.000000 121.186920 -8.322666 -15489.337088
929.000000 121.212626 -8.105848 -5163.779029
930.000000 121.255138 -8.863278 -45000.000000
931.000000 121.260277 -8.759773 -39118.373900
932.000000 121.269298 -8.654548 -33031.402930
933.000000 121.278318 -8.549323 -26944.431959
934.000000 121.287339 -8.444098 -20857.460988
935.000000 121.298279 -8.339147 -15489.337088
936.000000 121.311132 -8.230738 -10326.558058
937.000000 121.323985 -8.122329 -5163.779029
938.000000 121.336838 -8.013920 -1.000000
939.000000 121.377430 -8.771077 -39118.373900
940.000000 121.391591 -8.562347 -27149.776830
941.000000 121.411551 -8.352171 -15694.681959
942.000000 121.435345 -8.138810 -5163.779029
943.000000 121.489444 -8.885887 -45000.000000
944.000000 121.494583 -8.782382 -39118.373900
945.000000 121.499723 -8.678876 -33236.747801
946.000000 121.504863 -8.575371 -27355.121701
947.000000 121.513884 -8.470146 -21268.150731
948.000000 121.524824 -8.365194 -15900.026830
949.000000 121.535764 -8.260243 -10531.902930
950.000000 121.546704 -8.155291 -5163.779029
951.000000 121.559557 -8.046882 -1.000000
952.000000 121.611736 -8.793686 -39118.373900
953.000000 121.622016 -8.586675 -27355.121701
954.000000 121.638096 -8.378218 -16105.371701
955.000000 121.659976 -8.168315 -5369.123900
956.000000 121.727768 -8.800770 -39411.222825
957.000000 121.728539 -8.897694 -45000.000000
958.000000 121.732908 -8.697264 -33529.596726
959.000000 121.738048 -8.593759 -27647.970626
960.000000 121.743188 -8.490254 -21766.344526
961.000000 121.744620 -8.393984 -16105.371701
962.000000 121.755560 -8.289032 -10737.247801
963.000000 121.766500 -8.184081 -5369.123900
964.000000 121.777440 -8.079129 -1.000000
965.000000 121.849711 -8.801273 -39411.222825
966.000000 121.854080 -8.600843 -27940.819551
967.000000 121.860652 -8.401068 -16398.220626
968.000000 121.873024 -8.199846 -5369.123900
969.000000 121.970111 -8.607927 -28233.668475
970.000000 121.970883 -8.704851 -33822.445650
971.000000 121.971654 -8.801775 -39411.222825
972.000000 121.972425 -8.898699 -45000.000000
973.000000 121.975251 -8.504422 -22352.042376
974.000000 121.976683 -8.408152 -16691.069551
975.000000 121.978115 -8.311882 -11030.096726
976.000000 121.979547 -8.215612 -5369.123900
977.000000 121.990487 -8.110660 -1.000000
978.000000 122.092054 -8.608430 -28233.668475
979.000000 122.092715 -8.415236 -16983.918475
980.000000 122.093597 -8.802278 -39411.222825
981.000000 122.095579 -8.222696 -5661.972825
982.000000 122.202014 -8.114390 -1.000000
983.000000 122.208253 -8.504769 -22509.308438
984.000000 122.209685 -8.408499 -16848.335613
985.000000 122.211117 -8.312229 -11187.362788
986.000000 122.212549 -8.215959 -5526.389962
987.000000 122.213853 -8.606169 -28233.668475
988.000000 122.214624 -8.703093 -33822.445650
989.000000 122.215395 -8.800017 -39411.222825
990.000000 122.216167 -8.896941 -45000.000000
991.000000 122.317552 -8.203923 -5526.389962
992.000000 122.326655 -8.401762 -16712.752750
993.000000 122.330823 -8.599432 -28098.085613
994.000000 122.337194 -8.797756 -39411.222825
995.000000 122.412019 -8.090318 -1.000000
996.000000 122.422554 -8.191887 -5526.389962
997.000000 122.433090 -8.293456 -11051.779925
998.000000 122.442193 -8.491296 -22238.142712
999.000000 122.443625 -8.395025 -16577.169887
1000.000000 122.447793 -8.592696 -27962.502750
1001.000000 122.453393 -8.694096 -33686.862788
1002.000000 122.458992 -8.795496 -39411.222825
1003.000000 122.459764 -8.892420 -45000.000000
1004.000000 122.527557 -8.179851 -5526.389962
1005.000000 122.548628 -8.382990 -16577.169887
1006.000000 122.564763 -8.585959 -27826.919887
1007.000000 122.575962 -8.788759 -39275.639962
1008.000000 122.628495 -8.062681 -1.000000
1009.000000 122.641543 -8.167224 -5398.111548
1010.000000 122.652078 -8.268793 -10923.501511
1011.000000 122.662614 -8.370362 -16448.891473
1012.000000 122.673149 -8.471931 -21974.281435
1013.000000 122.682677 -8.575204 -27826.919887
1014.000000 122.688277 -8.676604 -33551.279925
1015.000000 122.693876 -8.778004 -39275.639962
1016.000000 122.699476 -8.879404 -45000.000000
1017.000000 122.753017 -8.151623 -5398.111548
1018.000000 122.776600 -8.357735 -16320.613059
1019.000000 122.796663 -8.562577 -27698.641473
1020.000000 122.811790 -8.767250 -39275.639962
1021.000000 122.851443 -8.031480 -1.000000
1022.000000 122.864490 -8.136023 -5398.111548
1023.000000 122.877538 -8.240565 -10795.223096
1024.000000 122.890586 -8.345108 -16192.334645
1025.000000 122.901121 -8.446677 -21717.724607
1026.000000 122.910649 -8.549950 -27570.363059
1027.000000 122.920176 -8.653223 -33423.001511
1028.000000 122.929704 -8.756496 -39275.639962
1029.000000 122.935304 -8.857896 -45000.000000
1030.000000 122.975964 -8.120422 -5398.111548
1031.000000 123.002059 -8.329507 -16192.334645
1032.000000 123.024635 -8.537323 -27442.084645
1033.000000 123.043690 -8.743868 -39147.361548
1034.000000 123.074083 -8.000322 -1.000000
1035.000000 123.087131 -8.104864 -5398.111548
1036.000000 123.100178 -8.209407 -10795.223096
1037.000000 123.113226 -8.313950 -16192.334645
1038.000000 123.128078 -8.420347 -21465.984571
1039.000000 123.141718 -8.524228 -27442.084645
1040.000000 123.151246 -8.627501 -33294.723096
1041.000000 123.160773 -8.730773 -39147.361548
1042.000000 123.170301 -8.834046 -45000.000000
1043.000000 123.198297 -8.089307 -5398.111548
1044.000000 123.226197 -8.300247 -16068.873023
1045.000000 123.254689 -8.510525 -27318.623023
1046.000000 123.277857 -8.717679 -39147.361548
1047.000000 123.296416 -7.969207 -1.000000
1048.000000 123.309464 -8.073749 -5398.111548
1049.000000 123.324316 -8.180147 -10671.761475
1050.000000 123.339169 -8.286544 -15945.411402
1051.000000 123.354021 -8.392942 -21219.061329
1052.000000 123.367661 -8.496823 -27195.161402
1053.000000 123.381301 -8.600703 -33171.261475
1054.000000 123.394940 -8.704584 -39147.361548
1055.000000 123.404468 -8.807857 -45000.000000
1056.000000 123.422435 -8.060047 -5274.649927
1057.000000 123.452140 -8.272842 -15821.949781
1058.000000 123.480632 -8.483120 -27071.699781
1059.000000 123.507912 -8.690881 -39023.899927
1060.000000 123.519052 -7.938049 -1.000000
1061.000000 123.533904 -8.044447 -5274.649927
1062.000000 123.548756 -8.150844 -10548.299854
1063.000000 123.563609 -8.257242 -15821.949781
1064.000000 123.580151 -8.362458 -21251.441952
1065.000000 123.596781 -8.466313 -27071.699781
1066.000000 123.610420 -8.570193 -33047.799854
1067.000000 123.624060 -8.674074 -39023.899927
1068.000000 123.637700 -8.777954 -45000.000000
1069.000000 123.645373 -8.028847 -5274.649927
1070.000000 123.676768 -8.240461 -15977.792025
1071.000000 123.709940 -8.449531 -27227.542025
1072.000000 123.740209 -8.657266 -39023.899927
1073.000000 123.741989 -7.906849 -1.000000
1074.000000 123.756842 -8.013247 -5274.649927
1075.000000 123.773384 -8.118463 -10704.142098
1076.000000 123.789927 -8.223679 -16133.634270
1077.000000 123.806469 -8.328895 -21563.126442
1078.000000 123.823099 -8.432750 -27383.384270
1079.000000 123.839728 -8.536604 -33203.642098
1080.000000 123.856357 -8.640459 -39023.899927
1081.000000 123.869997 -8.744339 -45000.000000
1082.000000 123.870001 -7.996465 -5430.492172
1083.000000 123.903086 -8.206898 -16289.476515
1084.000000 123.936258 -8.415968 -27539.226515
1085.000000 123.964560 -7.875700 -1.000000
1086.000000 123.969516 -8.623677 -39179.742172
1087.000000 123.981103 -7.980917 -5430.492172
1088.000000 123.997645 -8.086133 -10859.984343
1089.000000 124.014188 -8.191349 -16289.476515
1090.000000 124.032833 -8.295047 -21888.176553
1091.000000 124.049463 -8.398902 -27708.434381
1092.000000 124.066092 -8.502756 -33528.692210
1093.000000 124.082721 -8.606610 -39348.950038
1094.000000 124.092205 -7.965368 -5430.492172
1095.000000 124.101382 -8.710417 -45000.000000
1096.000000 124.127393 -8.174282 -16458.684381
1097.000000 124.162668 -8.381835 -27877.642248
1098.000000 124.186765 -7.844603 -1.000000
1099.000000 124.197958 -8.589496 -39348.950038
1100.000000 124.203307 -7.949819 -5430.492172
1101.000000 124.221953 -8.053517 -11029.192210
1102.000000 124.240598 -8.157215 -16627.892248
1103.000000 124.259243 -8.260913 -22226.592286
1104.000000 124.275873 -8.364768 -28046.850115
1105.000000 124.294534 -8.468575 -33697.900076
1106.000000 124.313195 -8.572381 -39348.950038
1107.000000 124.316512 -7.932752 -5599.700038
1108.000000 124.331856 -8.676188 -45000.000000
1109.000000 124.353803 -8.140148 -16797.100115
1110.000000 124.391109 -8.347653 -28046.850115
1111.000000 124.407121 -7.806023 -1.000000
1112.000000 124.428431 -8.555267 -39348.950038
1113.000000 124.429964 -7.910893 -5538.256243
1114.000000 124.448609 -8.014591 -11136.956281
1115.000000 124.467255 -8.118289 -16735.656319
1116.000000 124.485900 -8.221987 -22334.356357
1117.000000 124.504561 -8.325794 -27985.406319
1118.000000 124.523222 -8.429601 -33636.456281
1119.000000 124.539218 -7.887862 -5538.256243
1120.000000 124.541883 -8.533408 -39287.506243
1121.000000 124.563613 -8.638103 -45000.000000
1122.000000 124.580706 -8.096429 -16674.212523
1123.000000 124.618012 -8.303934 -27923.962523
1124.000000 124.625630 -7.759961 -1.000000
1125.000000 124.648472 -7.864831 -5538.256243
1126.000000 124.658403 -8.512436 -39287.506243
1127.000000 124.671315 -7.969700 -11075.512485
1128.000000 124.694158 -8.074570 -16612.768728
1129.000000 124.712803 -8.178268 -22211.468766
1130.000000 124.731464 -8.282075 -27862.518728
1131.000000 124.753194 -8.386770 -33575.012485
1132.000000 124.757726 -7.841800 -5538.256243
1133.000000 124.774923 -8.491465 -39287.506243
1134.000000 124.796653 -8.596160 -45000.000000
1135.000000 124.803412 -8.051539 -16612.768728
1136.000000 124.844358 -7.711308 -1.000000
1137.000000 124.847984 -8.261103 -27862.518728
1138.000000 124.869123 -7.815825 -5540.150070
1139.000000 124.891443 -8.470494 -39287.506243
1140.000000 124.891966 -7.920694 -11077.406313
1141.000000 124.914808 -8.025564 -16614.662556
1142.000000 124.937651 -8.130433 -22151.918798
1143.000000 124.961363 -8.234799 -27862.518728
1144.000000 124.978597 -7.790203 -5540.150070
1145.000000 124.983092 -8.339495 -33575.012485
1146.000000 125.004822 -8.444190 -39287.506243
1147.000000 125.026205 -7.999589 -16616.556383
1148.000000 125.026552 -8.548885 -45000.000000
1149.000000 125.063306 -7.660065 -1.000000
1150.000000 125.072760 -8.208825 -27864.412556
1151.000000 125.088071 -7.764582 -5540.150070
1152.000000 125.112837 -7.869098 -11079.300141
1153.000000 125.118201 -8.417886 -39287.506243
1154.000000 125.137602 -7.973614 -16618.450211
1155.000000 125.160445 -8.078484 -22155.706454
1156.000000 125.184156 -8.182850 -27866.306383
1157.000000 125.197545 -7.738960 -5540.150070
1158.000000 125.207868 -8.287216 -33576.906313
1159.000000 125.231580 -8.391582 -39287.506243
1160.000000 125.247076 -7.947993 -16618.450211
1161.000000 125.253310 -8.496277 -45000.000000
1162.000000 125.284254 -7.608354 -1.000000
1163.000000 125.295553 -8.156875 -27868.200211
1164.000000 125.309020 -7.712870 -5540.150070
1165.000000 125.333785 -7.817387 -11079.300141
1166.000000 125.342977 -8.365607 -39289.400070
1167.000000 125.358550 -7.921903 -16618.450211
1168.000000 125.383509 -8.026476 -22159.767928
1169.000000 125.408239 -8.130732 -27868.200211
1170.000000 125.420494 -7.686781 -5540.150070
1171.000000 125.431951 -8.235098 -33578.800141
1172.000000 125.455663 -8.339464 -39289.400070
1173.000000 125.470218 -7.895870 -16620.617858
1174.000000 125.479375 -8.443830 -45000.000000
1175.000000 125.507203 -7.556174 -1.000000
1176.000000 125.519907 -8.104699 -27870.367858
1177.000000 125.531968 -7.660691 -5540.150070
1178.000000 125.556927 -7.765264 -11081.467787
1179.000000 125.568349 -8.313321 -39289.400070
1180.000000 125.581886 -7.869837 -16622.785504
1181.000000 125.606844 -7.974411 -22164.103221
1182.000000 125.631575 -8.078666 -27872.535504
1183.000000 125.643636 -7.634658 -5542.317717
1184.000000 125.656305 -8.182922 -33580.967787
1185.000000 125.681036 -8.287177 -39289.400070
1186.000000 125.693553 -7.843805 -16624.953151
1187.000000 125.704748 -8.391543 -45000.000000
1188.000000 125.728964 -7.504113 -1.000000
1189.000000 125.743242 -8.052634 -27874.703151
1190.000000 125.753923 -7.608686 -5542.317717
1191.000000 125.778882 -7.713260 -11083.635434
1192.000000 125.792703 -8.261145 -39291.567717
1193.000000 125.803840 -7.817833 -16624.953151
1194.000000 125.829793 -7.921865 -22122.034522
1195.000000 125.854523 -8.026120 -27830.466805
1196.000000 125.864210 -7.582715 -5542.317717
1197.000000 125.879254 -8.130376 -33538.899088
1198.000000 125.903985 -8.234631 -39247.331371
1199.000000 125.915121 -7.791320 -16580.716805
1200.000000 125.930098 -8.337861 -45000.000000
1201.000000 125.949538 -7.452170 -1.000000
1202.000000 125.965805 -7.999607 -27786.230459
1203.000000 125.974497 -7.556743 -5542.317717
1204.000000 126.000450 -7.660775 -11039.399088
1205.000000 126.016648 -8.207092 -39247.331371
1206.000000 126.026402 -7.764806 -16536.480459
1207.000000 126.052355 -7.868838 -22033.561830
1208.000000 126.077086 -7.973093 -27741.994113
1209.000000 126.085778 -7.530229 -5498.081371
1210.000000 126.103199 -8.076324 -33494.662742
1211.000000 126.129312 -8.179554 -39247.331371
1212.000000 126.137684 -7.738293 -16492.244113
1213.000000 126.155425 -8.282784 -45000.000000
1214.000000 126.169369 -7.397621 -1.000000
1215.000000 126.189750 -7.945555 -27741.994113
1216.000000 126.196068 -7.500690 -5214.838363
1217.000000 126.222021 -7.604722 -10711.919734
1218.000000 126.241976 -8.152015 -39247.331371
1219.000000 126.247974 -7.708753 -16209.001105
1220.000000 126.273927 -7.812785 -21706.082476
1221.000000 126.301161 -7.912396 -27741.994113
1222.000000 126.305612 -7.472113 -5214.838363
1223.000000 126.327274 -8.015627 -33494.662742
1224.000000 126.353387 -8.118857 -39247.331371
1225.000000 126.358265 -7.679214 -15925.758097
1226.000000 126.379500 -8.222087 -45000.000000
1227.000000 126.388456 -7.340468 -1.000000
1228.000000 126.411451 -7.882857 -27458.751105
1229.000000 126.415156 -7.443537 -5214.838363
1230.000000 126.441855 -7.546605 -10428.676726
1231.000000 126.464798 -8.085699 -39247.331371
1232.000000 126.468555 -7.649674 -15642.515089
1233.000000 126.494508 -7.753706 -21139.596460
1234.000000 126.521742 -7.853317 -27175.508097
1235.000000 126.524699 -7.414960 -5214.838363
1236.000000 126.548976 -7.952929 -33211.419734
1237.000000 126.576210 -8.052541 -39247.331371
1238.000000 126.578099 -7.621097 -15642.515089
1239.000000 126.602323 -8.155771 -45000.000000
1240.000000 126.607349 -7.283365 -1.000000
1241.000000 126.632032 -7.823778 -26892.265089
1242.000000 126.634717 -7.384936 -5072.539879
1243.000000 126.661417 -7.488005 -10286.378242
1244.000000 126.686500 -8.023001 -38964.088363
1245.000000 126.688116 -7.591074 -15500.216605
1246.000000 126.714816 -7.694142 -20714.054968
1247.000000 126.743085 -7.790750 -26892.265089
1248.000000 126.744067 -7.356410 -5072.539879
1249.000000 126.770319 -7.890361 -32928.176726
1250.000000 126.797553 -7.989973 -38964.088363
1251.000000 126.798134 -7.561050 -15357.918122
1252.000000 126.824787 -8.089585 -45000.000000
1253.000000 126.826049 -7.226313 -1.000000
1254.000000 126.853103 -7.760726 -26749.966605
1255.000000 126.853417 -7.327884 -5072.539879
1256.000000 126.880784 -7.429455 -10144.079759
1257.000000 126.908152 -7.531026 -15215.619638
1258.000000 126.908606 -7.956945 -38964.088363
1259.000000 126.934851 -7.634095 -20429.458001
1260.000000 126.962767 -7.299358 -5072.539879
1261.000000 126.963120 -7.730702 -26607.668122
1262.000000 126.991389 -7.827310 -32785.878242
1263.000000 127.017502 -7.502500 -15215.619638
1264.000000 127.019658 -7.923917 -38964.088363
1265.000000 127.044101 -7.169430 -1.000000
1266.000000 127.046892 -8.023529 -45000.000000
1267.000000 127.071468 -7.271001 -5072.539879
1268.000000 127.073138 -7.700679 -26465.369638
1269.000000 127.098835 -7.372572 -10144.079759
1270.000000 127.126203 -7.474143 -15215.619638
1271.000000 127.129676 -7.893893 -38821.789879
1272.000000 127.155206 -7.574217 -20359.086434
1273.000000 127.180169 -7.242645 -5072.539879
1274.000000 127.183475 -7.670825 -26537.296555
1275.000000 127.211744 -7.767432 -32715.506676
1276.000000 127.236540 -7.444290 -15287.546555
1277.000000 127.240013 -7.864039 -38893.716796
1278.000000 127.261503 -7.112717 -1.000000
1279.000000 127.269811 -7.959773 -45000.000000
1280.000000 127.288870 -7.214288 -5072.539879
1281.000000 127.293812 -7.640971 -26609.223472
1282.000000 127.317873 -7.314362 -10216.006676
1283.000000 127.346877 -7.414436 -15359.473472
1284.000000 127.351879 -7.833312 -38893.716796
1285.000000 127.375880 -7.514510 -20502.940268
1286.000000 127.399207 -7.184434 -5144.466796
1287.000000 127.404149 -7.611117 -26681.150389
1288.000000 127.433947 -7.706851 -32787.433593
1289.000000 127.457214 -7.384582 -15431.400389
1290.000000 127.463745 -7.802585 -38893.716796
1291.000000 127.478260 -7.056171 -1.000000
1292.000000 127.493544 -7.898319 -45000.000000
1293.000000 127.507263 -7.156246 -5144.466796
1294.000000 127.516015 -7.580390 -26681.150389
1295.000000 127.536266 -7.256320 -10287.933593
1296.000000 127.565269 -7.356394 -15431.400389
1297.000000 127.575612 -7.771858 -38893.716796
1298.000000 127.596493 -7.454499 -20711.599051
1299.000000 127.615319 -7.128057 -5144.466796
1300.000000 127.626291 -7.550233 -26817.882254
1301.000000 127.656089 -7.645967 -32924.165458
1302.000000 127.675545 -7.326237 -15568.132254
1303.000000 127.685888 -7.741701 -39030.448662
1304.000000 127.694371 -6.999795 -1.000000
1305.000000 127.717487 -7.836807 -45000.000000
1306.000000 127.723375 -7.099869 -5144.466796
1307.000000 127.736567 -7.520076 -26954.614120
1308.000000 127.754598 -7.197974 -10424.665458
1309.000000 127.785821 -7.296080 -15704.864120
1310.000000 127.797965 -7.710916 -39030.448662
1311.000000 127.817045 -7.394185 -20985.062781
1312.000000 127.833650 -7.069712 -5281.198662
1313.000000 127.846843 -7.489919 -27091.345985
1314.000000 127.878443 -7.585025 -33060.897323
1315.000000 127.896097 -7.265923 -15841.595985
1316.000000 127.903062 -6.934497 -1.000000
1317.000000 127.910042 -7.680130 -39030.448662
1318.000000 127.934285 -7.032603 -5281.198662
1319.000000 127.941642 -7.775236 -45000.000000
1320.000000 127.958920 -7.459134 -27091.345985
1321.000000 127.965508 -7.130708 -10561.397323
1322.000000 127.996732 -7.228814 -15841.595985
1323.000000 128.022120 -7.649345 -39030.448662
1324.000000 128.034919 -6.995494 -5281.198662
1325.000000 128.035400 -7.328047 -21403.811112
1326.000000 128.067000 -7.423153 -27373.362450
1327.000000 128.098600 -7.518259 -33342.913788
1328.000000 128.104331 -6.860280 -1.000000
1329.000000 128.104811 -7.192833 -16123.612450
1330.000000 128.130200 -7.613364 -39312.465127
1331.000000 128.135554 -6.958385 -5281.198662
1332.000000 128.167728 -7.712829 -45000.000000
1333.000000 128.174222 -7.057619 -10843.413788
1334.000000 128.175080 -7.387172 -27655.378915
1335.000000 128.212891 -7.156852 -16405.628915
1336.000000 128.243634 -6.922405 -5563.215127
1337.000000 128.244208 -7.581742 -39312.465127
1338.000000 128.251560 -7.256086 -21967.844042
1339.000000 128.283159 -7.351191 -27937.395380
1340.000000 128.307308 -6.782023 -1.000000
1341.000000 128.320688 -7.450656 -33624.930254
1342.000000 128.320971 -7.120871 -16687.645380
1343.000000 128.347545 -6.879797 -5630.202338
1344.000000 128.358216 -7.550120 -39312.465127
1345.000000 128.386213 -6.979030 -11192.417465
1346.000000 128.395744 -7.649584 -45000.000000
1347.000000 128.397168 -7.319569 -27937.395380
1348.000000 128.424882 -7.078264 -16754.632591
1349.000000 128.449888 -6.838649 -5630.202338
1350.000000 128.463550 -7.177497 -22316.847718
1351.000000 128.472224 -7.518498 -39312.465127
1352.000000 128.506565 -7.274523 -27937.395380
1353.000000 128.511994 -6.699726 -1.000000
1354.000000 128.528793 -7.035656 -16821.619803
1355.000000 128.544093 -7.373988 -33624.930254
1356.000000 128.552231 -6.797500 -5630.202338
1357.000000 128.581622 -7.473452 -39312.465127
1358.000000 128.592467 -6.895274 -11259.404676
1359.000000 128.610476 -7.231916 -28004.382591
1360.000000 128.619150 -7.572916 -45000.000000
1361.000000 128.632704 -6.993048 -16888.607014
1362.000000 128.654574 -6.756352 -5630.202338
1363.000000 128.671372 -7.092282 -22450.822140
1364.000000 128.691019 -7.428406 -39312.465127
1365.000000 128.711627 -6.619462 -1.000000
1366.000000 128.714387 -7.189308 -28071.369803
1367.000000 128.735047 -6.951900 -16888.607014
1368.000000 128.751864 -6.717236 -5630.202338
1369.000000 128.757402 -7.286334 -33691.917465
1370.000000 128.792100 -6.815010 -11259.404676
1371.000000 128.800417 -7.383360 -39312.465127
1372.000000 128.818298 -7.146700 -28138.357014
1373.000000 128.832337 -6.912784 -16888.607014
1374.000000 128.837945 -7.482824 -45000.000000
1375.000000 128.849154 -6.678119 -5630.202338
1376.000000 128.881031 -7.005136 -22778.432527
1377.000000 128.904327 -7.340752 -39379.452338
1378.000000 128.906207 -6.541228 -1.000000
1379.000000 128.924046 -7.102162 -28398.980189
1380.000000 128.938084 -6.868246 -17149.230189
1381.000000 128.946444 -6.639002 -5630.202338
1382.000000 128.967060 -7.199188 -34019.527851
1383.000000 128.995138 -6.731355 -11520.027851
1384.000000 129.010075 -7.296214 -39640.075513
1385.000000 129.029793 -7.057624 -28659.603364
1386.000000 129.043832 -6.823708 -17409.853364
1387.000000 129.052191 -6.594465 -5890.825513
1388.000000 129.058855 -7.391506 -45000.000000
1389.000000 129.090001 -6.444985 -1.000000
1390.000000 129.092526 -6.916061 -23299.678877
1391.000000 129.121588 -7.249942 -39640.075513
1392.000000 129.135541 -7.013087 -28920.226539
1393.000000 129.149579 -6.779170 -17670.476539
1394.000000 129.149786 -6.534690 -5732.378556
1395.000000 129.184321 -7.108378 -34280.151026
1396.000000 129.198480 -6.627043 -11622.204069
1397.000000 129.233101 -7.203670 -39640.075513
1398.000000 129.236289 -6.477564 -5732.378556
1399.000000 129.247053 -6.966814 -28920.226539
1400.000000 129.247174 -6.719396 -17512.029582
1401.000000 129.263007 -6.330733 -1.000000
1402.000000 129.281881 -7.298961 -45000.000000
1403.000000 129.295868 -6.811748 -23401.855095
1404.000000 129.322793 -6.420438 -5732.378556
1405.000000 129.344613 -7.157398 -39640.075513
1406.000000 129.344769 -6.659621 -17353.582624
1407.000000 129.351743 -6.905396 -28920.226539
1408.000000 129.382578 -6.510142 -11463.757111
1409.000000 129.400523 -7.000688 -34280.151026
1410.000000 129.409296 -6.363311 -5732.378556
1411.000000 129.434496 -6.216461 -1.000000
1412.000000 129.442363 -6.599847 -17195.135667
1413.000000 129.449303 -7.095980 -39640.075513
1414.000000 129.449338 -6.845622 -28761.779582
1415.000000 129.491057 -6.692200 -23084.961180
1416.000000 129.494282 -6.306166 -5732.378556
1417.000000 129.498083 -7.191271 -45000.000000
1418.000000 129.528867 -6.542721 -17195.135667
1419.000000 129.546932 -6.785848 -28603.332624
1420.000000 129.553992 -7.034562 -39640.075513
1421.000000 129.554067 -6.395870 -11463.757111
1422.000000 129.579267 -6.249020 -5732.378556
1423.000000 129.602807 -6.879496 -34121.704069
1424.000000 129.604467 -6.102170 -1.000000
1425.000000 129.613852 -6.485575 -17195.135667
1426.000000 129.644527 -6.726073 -28444.885667
1427.000000 129.658682 -6.973144 -39640.075513
1428.000000 129.664253 -6.191875 -5732.378556
1429.000000 129.686347 -6.571362 -22866.165740
1430.000000 129.707462 -7.068436 -45000.000000
1431.000000 129.711547 -6.424512 -17134.787185
1432.000000 129.736747 -6.277662 -11403.408629
1433.000000 129.742222 -6.665010 -28384.537185
1434.000000 129.756277 -6.913370 -39481.628556
1435.000000 129.761947 -6.130811 -5672.030073
1436.000000 129.798096 -6.758658 -33902.908629
1437.000000 129.809241 -6.363449 -17074.438702
1438.000000 129.839916 -6.603947 -28324.188702
1439.000000 129.853971 -6.852306 -39421.280073
1440.000000 129.881736 -6.449236 -22745.468776
1441.000000 129.906936 -6.302385 -17014.090220
1442.000000 129.922211 -6.942450 -45000.000000
1443.000000 129.937611 -6.542884 -28263.840220
1444.000000 129.964030 -6.787738 -39421.280073
1445.000000 130.005850 -6.633027 -33842.560147
1446.000000 130.047670 -6.478316 -28263.840220
1447.000000 130.074090 -6.723170 -39421.280073
1448.000000 130.142329 -6.813314 -45000.000000
1449.000000 130.184149 -6.658602 -39421.280073
