1 35 457 456
2 20 351 347
3 38 468 467
4 14 310 309
5 18 330 331
6 22 366 361
7 23 369 374
8 28 403 400
9 30 411 412
10 40 486 481
11 40 488 489
12 42 502 500
13 65 674 678
14 53 584 582
15 59 632 634
16 70 689 691
17 64 648 652
18 4 247 239
19 2 228 226
20 10 283 281
21 3 227 230
22 6 252 249
23 8 265 262
24 5 243 248
25 10 278 276
26 18 338 337
27 22 361 359
28 24 379 375
29 7 260 261
30 9 274 277
31 14 305 303
32 11 289 292
33 13 304 306
34 26 389 387
35 28 400 401
36 15 321 320
37 17 332 334
38 34 440 439
39 30 419 416
40 30 416 411
41 38 472 468
42 32 430 425
43 34 444 440
44 36 458 453
45 38 475 472
46 43 515 519
47 47 540 544
48 47 544 547
49 40 489 486
50 44 514 510
51 46 528 524
52 46 531 528
53 51 570 572
54 47 547 549
55 49 558 561
56 53 582 587
57 58 606 605
58 54 585 583
59 53 590 592
60 62 635 640
61 62 640 636
62 64 652 649
63 57 614 615
64 57 615 621
65 58 611 613
66 59 634 639
67 65 678 683
68 68 675 676
69 70 691 687
70 72 703 705
71 72 705 701
72 71 719 722
73 33 445 450
74 21 355 356
75 35 459 463
76 16 319 317
77 15 318 321
78 24 372 373
79 21 363 362
80 27 397 402
81 27 402 404
82 39 484 487
83 42 500 495
84 44 510 509
85 66 660 663
86 51 572 577
87 60 623 625
88 72 701 696
89 66 663 654
90 6 249 254
91 3 223 227
92 12 291 290
93 2 233 228
94 5 236 243
95 7 253 260
96 6 259 252
97 9 271 274
98 20 347 345
99 21 356 360
100 25 383 384
101 8 268 265
102 10 281 278
103 13 300 304
104 12 295 291
105 14 309 305
106 25 384 388
107 25 388 391
108 18 333 330
109 18 337 333
110 31 431 435
111 31 429 428
112 29 415 417
113 37 471 473
114 31 428 431
115 33 443 445
116 35 456 459
117 39 485 484
118 44 516 514
119 46 530 531
120 48 543 541
121 41 499 498
122 43 513 515
123 45 527 529
124 47 542 540
125 49 561 563
126 50 555 552
127 50 557 555
128 52 571 573
129 55 601 604
130 56 593 591
131 56 596 593
132 64 649 641
133 63 662 657
134 65 677 671
135 55 604 607
136 58 613 610
137 60 625 618
138 62 636 633
139 68 676 673
140 70 687 682
141 69 704 702
142 74 715 710
143 71 717 716
144 74 718 715
145 142 449 452
146 113 353 350
147 145 462 465
148 102 316 312
149 105 322 326
150 118 368 365
151 116 367 370
152 127 398 399
153 128 405 409
154 151 483 482
155 152 496 493
156 156 507 503
157 203 666 672
158 178 575 579
159 192 626 631
160 210 698 694
161 198 659 656
162 84 246 242
163 77 224 225
164 94 288 285
165 77 232 231
166 82 241 245
167 87 256 258
168 82 255 250
169 91 273 275
170 110 344 340
171 115 357 358
172 121 381 378
173 87 266 263
174 91 280 279
175 99 301 302
176 95 294 293
177 99 308 307
178 123 385 386
179 125 392 396
180 105 329 325
181 107 336 335
182 137 434 437
183 133 424 420
184 131 414 413
185 147 470 469
186 135 427 426
187 139 442 441
188 143 455 454
189 149 480 476
190 159 517 518
191 165 535 539
192 167 545 546
193 153 494 490
194 159 512 511
195 163 526 525
196 165 537 532
197 174 565 568
198 169 553 551
199 171 559 560
200 177 576 581
201 185 602 603
202 180 589 586
203 181 595 594
204 194 645 643
205 197 653 644
206 201 667 658
207 186 608 612
208 187 616 619
209 188 620 617
210 193 637 638
211 205 679 681
212 206 684 680
213 211 699 693
214 214 712 708
215 215 713 707
216 217 720 721
217 139 444 448
218 112 348 349
219 143 458 461
220 103 318 315
221 103 319 323
222 117 363 364
223 117 372 371
224 124 390 395
225 127 403 407
226 149 475 479
227 155 501 497
228 157 505 504
229 202 668 670
230 175 569 574
231 191 629 630
232 213 706 700
233 203 674 665
234 81 234 238
235 75 220 222
236 95 289 287
237 80 240 235
238 78 229 237
239 83 244 251
240 86 264 257
241 89 268 272
242 111 346 343
243 113 351 354
244 120 376 377
245 89 271 267
246 93 286 282
247 97 295 298
248 97 300 297
249 101 314 311
250 121 379 382
251 123 389 393
252 107 332 328
253 109 342 339
254 135 430 433
255 134 422 421
256 130 406 410
257 146 464 466
258 133 419 423
259 138 436 438
260 141 447 451
261 150 478 477
262 160 523 521
263 164 536 538
264 168 550 548
265 154 492 491
266 158 506 508
267 162 520 522
268 166 534 533
269 173 566 567
270 171 558 554
271 172 564 562
272 176 578 580
273 183 596 600
274 181 590 588
275 183 601 597
276 199 661 651
277 200 655 650
278 204 669 664
279 185 606 609
280 189 627 622
281 192 632 624
282 195 646 642
283 207 688 685
284 209 692 686
285 212 697 695
286 217 719 714
287 216 711 709
288 218 724 723
289 142 452 457
290 113 350 351
291 145 465 468
292 102 312 310
293 105 326 330
294 118 365 366
295 116 370 369
296 127 399 403
297 128 409 411
298 151 482 486
299 152 493 488
300 156 503 502
301 203 672 674
302 178 579 584
303 192 631 632
304 210 694 689
305 198 656 648
306 84 242 247
307 77 225 228
308 94 285 283
309 77 231 227
310 82 245 252
311 87 258 265
312 82 250 243
313 91 275 278
314 110 340 338
315 115 358 361
316 121 378 379
317 87 263 260
318 91 279 274
319 99 302 305
320 95 293 289
321 99 307 304
322 123 386 389
323 125 396 400
324 105 325 321
325 107 335 332
326 137 437 440
327 133 420 419
328 131 413 416
329 147 469 472
330 135 426 430
331 139 441 444
332 143 454 458
333 149 476 475
334 159 518 515
335 165 539 540
336 167 546 544
337 153 490 489
338 159 511 514
339 163 525 528
340 165 532 531
341 174 568 570
342 169 551 547
343 171 560 558
344 177 581 582
345 185 603 606
346 180 586 585
347 181 594 590
348 194 643 635
349 197 644 640
350 201 658 652
351 186 612 614
352 187 619 615
353 188 617 611
354 193 638 634
355 205 681 678
356 206 680 675
357 211 693 691
358 214 708 703
359 215 707 705
360 217 721 719
361 139 449 445
362 112 353 355
363 143 462 459
364 103 316 319
365 103 322 318
366 117 368 372
367 117 367 363
368 124 398 397
369 127 405 402
370 149 483 484
371 155 496 500
372 157 507 510
373 202 666 660
374 175 575 572
375 191 626 623
376 213 698 701
377 203 659 663
378 81 246 249
379 75 224 223
380 95 288 291
381 80 232 233
382 78 241 236
383 83 256 253
384 86 255 259
385 89 273 271
386 111 344 347
387 113 357 356
388 120 381 383
389 89 266 268
390 93 280 281
391 97 301 300
392 97 294 295
393 101 308 309
394 121 385 384
395 123 392 388
396 107 329 333
397 109 336 337
398 135 434 431
399 134 424 429
400 130 414 415
401 146 470 471
402 133 427 428
403 138 442 443
404 141 455 456
405 150 480 485
406 160 517 516
407 164 535 530
408 168 545 543
409 154 494 499
410 158 512 513
411 162 526 527
412 166 537 542
413 173 565 561
414 171 553 555
415 172 559 557
416 176 576 571
417 183 602 601
418 181 589 593
419 183 595 596
420 199 645 649
421 200 653 662
422 204 667 677
423 185 608 604
424 189 616 613
425 192 620 625
426 195 637 636
427 207 679 676
428 209 684 687
429 212 699 704
430 217 712 715
431 216 713 717
432 218 720 718
433 139 448 449
434 112 349 353
435 143 461 462
436 103 315 316
437 103 323 322
438 117 364 368
439 117 371 367
440 124 395 398
441 127 407 405
442 149 479 483
443 155 497 496
444 157 504 507
445 202 670 666
446 175 574 575
447 191 630 626
448 213 700 698
449 203 665 659
450 81 238 246
451 75 222 224
452 95 287 288
453 80 235 232
454 78 237 241
455 83 251 256
456 86 257 255
457 89 272 273
458 111 343 344
459 113 354 357
460 120 377 381
461 89 267 266
462 93 282 280
463 97 298 301
464 97 297 294
465 101 311 308
466 121 382 385
467 123 393 392
468 107 328 329
469 109 339 336
470 135 433 434
471 134 421 424
472 130 410 414
473 146 466 470
474 133 423 427
475 138 438 442
476 141 451 455
477 150 477 480
478 160 521 517
479 164 538 535
480 168 548 545
481 154 491 494
482 158 508 512
483 162 522 526
484 166 533 537
485 173 567 565
486 171 554 553
487 172 562 559
488 176 580 576
489 183 600 602
490 181 588 589
491 183 597 595
492 199 651 645
493 200 650 653
494 204 664 667
495 185 609 608
496 189 622 616
497 192 624 620
498 195 642 637
499 207 685 679
500 209 686 684
501 212 695 699
502 217 714 712
503 216 709 713
504 218 723 720
505 34 447 444
506 19 346 348
507 36 460 458
508 15 314 318
509 16 324 319
510 21 360 363
511 24 375 372
512 25 391 390
513 28 408 403
514 38 474 475
515 41 498 501
516 41 501 505
517 68 673 668
518 52 573 569
519 62 633 629
520 69 702 706
521 65 671 674
522 3 230 234
523 1 221 220
524 11 286 289
525 4 239 240
526 3 234 229
527 5 248 244
528 8 262 264
529 8 270 268
530 19 342 346
531 20 352 351
532 23 374 376
533 9 269 271
534 11 284 286
535 12 296 295
536 13 299 300
537 15 313 314
538 24 380 379
539 26 394 389
540 17 327 332
541 19 341 342
542 32 432 430
543 29 417 422
544 27 404 406
545 35 463 464
546 30 418 419
547 31 435 436
548 34 446 447
549 37 473 478
550 46 524 523
551 48 541 536
552 50 552 550
553 39 487 492
554 41 505 506
555 43 519 520
556 45 529 534
557 52 569 566
558 49 556 558
559 52 566 564
560 54 583 578
561 56 598 596
562 53 587 590
563 55 599 601
564 63 657 661
565 61 646 655
566 63 661 669
567 58 610 606
568 59 628 627
569 59 627 632
570 61 647 646
571 67 690 688
572 67 688 692
573 67 692 697
574 71 716 719
575 69 706 711
576 73 725 724
577 457 452 456
578 351 350 347
579 468 465 467
580 310 312 309
581 330 326 331
582 366 365 361
583 369 370 374
584 403 399 400
585 411 409 412
586 486 482 481
587 488 493 489
588 502 503 500
589 674 672 678
590 584 579 582
591 632 631 634
592 689 694 691
593 648 656 652
594 247 242 239
595 228 225 226
596 283 285 281
597 227 231 230
598 252 245 249
599 265 258 262
600 243 250 248
601 278 275 276
602 338 340 337
603 361 358 359
604 379 378 375
605 260 263 261
606 274 279 277
607 305 302 303
608 289 293 292
609 304 307 306
610 389 386 387
611 400 396 401
612 321 325 320
613 332 335 334
614 440 437 439
615 419 420 416
616 416 413 411
617 472 469 468
618 430 426 425
619 444 441 440
620 458 454 453
621 475 476 472
622 515 518 519
623 540 539 544
624 544 546 547
625 489 490 486
626 514 511 510
627 528 525 524
628 531 532 528
629 570 568 572
630 547 551 549
631 558 560 561
632 582 581 587
633 606 603 605
634 585 586 583
635 590 594 592
636 635 643 640
637 640 644 636
638 652 658 649
639 614 612 615
640 615 619 621
641 611 617 613
642 634 638 639
643 678 681 683
644 675 680 676
645 691 693 687
646 703 708 705
647 705 707 701
648 719 721 722
649 445 449 450
650 355 353 356
651 459 462 463
652 319 316 317
653 318 322 321
654 372 368 373
655 363 367 362
656 397 398 402
657 402 405 404
658 484 483 487
659 500 496 495
660 510 507 509
661 660 666 663
662 572 575 577
663 623 626 625
664 701 698 696
665 663 659 654
666 249 246 254
667 223 224 227
668 291 288 290
669 233 232 228
670 236 241 243
671 253 256 260
672 259 255 252
673 271 273 274
674 347 344 345
675 356 357 360
676 383 381 384
677 268 266 265
678 281 280 278
679 300 301 304
680 295 294 291
681 309 308 305
682 384 385 388
683 388 392 391
684 333 329 330
685 337 336 333
686 431 434 435
687 429 424 428
688 415 414 417
689 471 470 473
690 428 427 431
691 443 442 445
692 456 455 459
693 485 480 484
694 516 517 514
695 530 535 531
696 543 545 541
697 499 494 498
698 513 512 515
699 527 526 529
700 542 537 540
701 561 565 563
702 555 553 552
703 557 559 555
704 571 576 573
705 601 602 604
706 593 589 591
707 596 595 593
708 649 645 641
709 662 653 657
710 677 667 671
711 604 608 607
712 613 616 610
713 625 620 618
714 636 637 633
715 676 679 673
716 687 684 682
717 704 699 702
718 715 712 710
719 717 713 716
720 718 720 715
721 449 448 452
722 353 349 350
723 462 461 465
724 316 315 312
725 322 323 326
726 368 364 365
727 367 371 370
728 398 395 399
729 405 407 409
730 483 479 482
731 496 497 493
732 507 504 503
733 666 670 672
734 575 574 579
735 626 630 631
736 698 700 694
737 659 665 656
738 246 238 242
739 224 222 225
740 288 287 285
741 232 235 231
742 241 237 245
743 256 251 258
744 255 257 250
745 273 272 275
746 344 343 340
747 357 354 358
748 381 377 378
749 266 267 263
750 280 282 279
751 301 298 302
752 294 297 293
753 308 311 307
754 385 382 386
755 392 393 396
756 329 328 325
757 336 339 335
758 434 433 437
759 424 421 420
760 414 410 413
761 470 466 469
762 427 423 426
763 442 438 441
764 455 451 454
765 480 477 476
766 517 521 518
767 535 538 539
768 545 548 546
769 494 491 490
770 512 508 511
771 526 522 525
772 537 533 532
773 565 567 568
774 553 554 551
775 559 562 560
776 576 580 581
777 602 600 603
778 589 588 586
779 595 597 594
780 645 651 643
781 653 650 644
782 667 664 658
783 608 609 612
784 616 622 619
785 620 624 617
786 637 642 638
787 679 685 681
788 684 686 680
789 699 695 693
790 712 714 708
791 713 709 707
792 720 723 721
793 444 447 448
794 348 346 349
795 458 460 461
796 318 314 315
797 319 324 323
798 363 360 364
799 372 375 371
800 390 391 395
801 403 408 407
802 475 474 479
803 501 498 497
804 505 501 504
805 668 673 670
806 569 573 574
807 629 633 630
808 706 702 700
809 674 671 665
810 234 230 238
811 220 221 222
812 289 286 287
813 240 239 235
814 229 234 237
815 244 248 251
816 264 262 257
817 268 270 272
818 346 342 343
819 351 352 354
820 376 374 377
821 271 269 267
822 286 284 282
823 295 296 298
824 300 299 297
825 314 313 311
826 379 380 382
827 389 394 393
828 332 327 328
829 342 341 339
830 430 432 433
831 422 417 421
832 406 404 410
833 464 463 466
834 419 418 423
835 436 435 438
836 447 446 451
837 478 473 477
838 523 524 521
839 536 541 538
840 550 552 548
841 492 487 491
842 506 505 508
843 520 519 522
844 534 529 533
845 566 569 567
846 558 556 554
847 564 566 562
848 578 583 580
849 596 598 600
850 590 587 588
851 601 599 597
852 661 657 651
853 655 646 650
854 669 661 664
855 606 610 609
856 627 628 622
857 632 627 624
858 646 647 642
859 688 690 685
860 692 688 686
861 697 692 695
862 719 716 714
863 711 706 709
864 724 725 723
865 452 141 456
866 350 111 347
867 465 144 467
868 312 101 309
869 326 106 331
870 365 115 361
871 370 119 374
872 399 125 400
873 409 129 412
874 482 148 481
875 493 153 489
876 503 155 500
877 672 205 678
878 579 177 582
879 631 193 634
880 694 211 691
881 656 201 652
882 242 79 239
883 225 76 226
884 285 93 281
885 231 79 230
886 245 81 249
887 258 85 262
888 250 85 248
889 275 90 276
890 340 109 337
891 358 114 359
892 378 119 375
893 263 88 261
894 279 92 277
895 302 98 303
896 293 96 292
897 307 100 306
898 386 122 387
899 396 126 401
900 325 104 320
901 335 108 334
902 437 136 439
903 420 131 416
904 413 128 411
905 469 145 468
906 426 132 425
907 441 137 440
908 454 140 453
909 476 147 472
910 518 161 519
911 539 167 544
912 546 169 547
913 490 151 486
914 511 157 510
915 525 161 524
916 532 163 528
917 568 175 572
918 551 170 549
919 560 173 561
920 581 179 587
921 603 184 605
922 586 179 583
923 594 182 592
924 643 197 640
925 644 195 636
926 658 199 649
927 612 187 615
928 619 190 621
929 617 189 613
930 638 196 639
931 681 208 683
932 680 207 676
933 693 209 687
934 708 215 705
935 707 213 701
936 721 219 722
937 449 142 450
938 353 113 356
939 462 145 463
940 316 102 317
941 322 105 321
942 368 118 373
943 367 116 362
944 398 127 402
945 405 128 404
946 483 151 487
947 496 152 495
948 507 156 509
949 666 203 663
950 575 178 577
951 626 192 625
952 698 210 696
953 659 198 654
954 246 84 254
955 224 77 227
956 288 94 290
957 232 77 228
958 241 82 243
959 256 87 260
960 255 82 252
961 273 91 274
962 344 110 345
963 357 115 360
964 381 121 384
965 266 87 265
966 280 91 278
967 301 99 304
968 294 95 291
969 308 99 305
970 385 123 388
971 392 125 391
972 329 105 330
973 336 107 333
974 434 137 435
975 424 133 428
976 414 131 417
977 470 147 473
978 427 135 431
979 442 139 445
980 455 143 459
981 480 149 484
982 517 159 514
983 535 165 531
984 545 167 541
985 494 153 498
986 512 159 515
987 526 163 529
988 537 165 540
989 565 174 563
990 553 169 552
991 559 171 555
992 576 177 573
993 602 185 604
994 589 180 591
995 595 181 593
996 645 194 641
997 653 197 657
998 667 201 671
999 608 186 607
1000 616 187 610
1001 620 188 618
1002 637 193 633
1003 679 205 673
1004 684 206 682
1005 699 211 702
1006 712 214 710
1007 713 215 716
1008 720 217 715
1009 448 141 452
1010 349 111 350
1011 461 144 465
1012 315 101 312
1013 323 106 326
1014 364 115 365
1015 371 119 370
1016 395 125 399
1017 407 129 409
1018 479 148 482
1019 497 153 493
1020 504 155 503
1021 670 205 672
1022 574 177 579
1023 630 193 631
1024 700 211 694
1025 665 201 656
1026 238 79 242
1027 222 76 225
1028 287 93 285
1029 235 79 231
1030 237 81 245
1031 251 85 258
1032 257 85 250
1033 272 90 275
1034 343 109 340
1035 354 114 358
1036 377 119 378
1037 267 88 263
1038 282 92 279
1039 298 98 302
1040 297 96 293
1041 311 100 307
1042 382 122 386
1043 393 126 396
1044 328 104 325
1045 339 108 335
1046 433 136 437
1047 421 131 420
1048 410 128 413
1049 466 145 469
1050 423 132 426
1051 438 137 441
1052 451 140 454
1053 477 147 476
1054 521 161 518
1055 538 167 539
1056 548 169 546
1057 491 151 490
1058 508 157 511
1059 522 161 525
1060 533 163 532
1061 567 175 568
1062 554 170 551
1063 562 173 560
1064 580 179 581
1065 600 184 603
1066 588 179 586
1067 597 182 594
1068 651 197 643
1069 650 195 644
1070 664 199 658
1071 609 187 612
1072 622 190 619
1073 624 189 617
1074 642 196 638
1075 685 208 681
1076 686 207 680
1077 695 209 693
1078 714 215 708
1079 709 213 707
1080 723 219 721
1081 447 141 448
1082 346 111 349
1083 460 144 461
1084 314 101 315
1085 324 106 323
1086 360 115 364
1087 375 119 371
1088 391 125 395
1089 408 129 407
1090 474 148 479
1091 498 153 497
1092 501 155 504
1093 673 205 670
1094 573 177 574
1095 633 193 630
1096 702 211 700
1097 671 201 665
1098 230 79 238
1099 221 76 222
1100 286 93 287
1101 239 79 235
1102 234 81 237
1103 248 85 251
1104 262 85 257
1105 270 90 272
1106 342 109 343
1107 352 114 354
1108 374 119 377
1109 269 88 267
1110 284 92 282
1111 296 98 298
1112 299 96 297
1113 313 100 311
1114 380 122 382
1115 394 126 393
1116 327 104 328
1117 341 108 339
1118 432 136 433
1119 417 131 421
1120 404 128 410
1121 463 145 466
1122 418 132 423
1123 435 137 438
1124 446 140 451
1125 473 147 477
1126 524 161 521
1127 541 167 538
1128 552 169 548
1129 487 151 491
1130 505 157 508
1131 519 161 522
1132 529 163 533
1133 569 175 567
1134 556 170 554
1135 566 173 562
1136 583 179 580
1137 598 184 600
1138 587 179 588
1139 599 182 597
1140 657 197 651
1141 646 195 650
1142 661 199 664
1143 610 187 609
1144 628 190 622
1145 627 189 624
1146 647 196 642
1147 690 208 685
1148 688 207 686
1149 692 209 695
1150 716 215 714
1151 706 213 709
1152 725 219 723
