1.000000 141.827279 -2.422316 -1.000000
2.000000 142.160000 -2.637305 -25000.000000
3.000000 142.103531 -2.074163 -1.000000
4.000000 142.420082 -2.323677 -25000.000000
5.000000 142.376901 -1.729643 -1.000000
6.000000 142.686694 -2.002175 -25000.000000
7.000000 142.689976 -1.398868 -1.000000
8.000000 142.951065 -1.720915 -25000.000000
9.000000 143.101857 -1.149080 -1.000000
10.000000 143.272753 -1.518857 -25000.000000
11.000000 143.524469 -1.013482 -1.000000
12.000000 143.656174 -1.395912 -25000.000000
13.000000 143.935231 -0.881687 -1.000000
14.000000 144.058802 -1.266808 -25000.000000
15.000000 144.339953 -0.751830 -1.000000
16.000000 144.463532 -1.137031 -25000.000000
17.000000 144.753625 -0.619101 -1.000000
18.000000 144.866881 -1.007696 -25000.000000
19.000000 145.175852 -0.508273 -1.000000
20.000000 145.271717 -0.898361 -25000.000000
21.000000 145.599519 -0.411435 -1.000000
22.000000 145.684950 -0.801870 -25000.000000
23.000000 146.035931 -0.319983 -1.000000
24.000000 146.091662 -0.714117 -25000.000000
25.000000 146.478747 -0.289179 -1.000000
26.000000 146.509222 -0.681405 -25000.000000
27.000000 146.920594 -0.258441 -1.000000
28.000000 146.932664 -0.648233 -25000.000000
29.000000 147.375720 -0.261776 -1.000000
30.000000 147.356056 -0.651444 -25000.000000
31.000000 147.824491 -0.303717 -1.000000
32.000000 147.785274 -0.695845 -25000.000000
33.000000 148.279566 -0.349297 -1.000000
34.000000 148.217798 -0.742537 -25000.000000
35.000000 148.723235 -0.449340 -1.000000
36.000000 148.645319 -0.823362 -25000.000000
37.000000 149.161434 -0.548149 -1.000000
38.000000 149.067869 -0.903247 -25000.000000
39.000000 149.595578 -0.687255 -1.000000
40.000000 149.477620 -1.029683 -25000.000000
41.000000 150.014643 -0.840318 -1.000000
42.000000 149.884639 -1.185199 -25000.000000
43.000000 150.427394 -0.991075 -1.000000
44.000000 150.294301 -1.341724 -25000.000000
45.000000 150.833368 -1.139356 -1.000000
46.000000 150.700565 -1.496951 -25000.000000
47.000000 151.237696 -1.287036 -1.000000
48.000000 151.102533 -1.650537 -25000.000000
49.000000 151.643533 -1.435267 -1.000000
50.000000 151.504852 -1.804256 -25000.000000
51.000000 152.057468 -1.586456 -1.000000
52.000000 151.897184 -1.954160 -25000.000000
53.000000 152.454157 -1.781034 -1.000000
54.000000 152.269096 -2.136597 -25000.000000
55.000000 152.842779 -1.995446 -1.000000
56.000000 152.632026 -2.334968 -25000.000000
57.000000 153.215624 -2.253995 -1.000000
58.000000 152.960115 -2.563519 -25000.000000
59.000000 153.540682 -2.558480 -1.000000
60.000000 153.252407 -2.851636 -25000.000000
61.000000 153.866968 -2.864115 -1.000000
62.000000 153.533572 -3.128784 -25000.000000
63.000000 154.091295 -3.257297 -1.000000
64.000000 153.741101 -3.465459 -25000.000000
65.000000 154.299549 -3.639097 -1.000000
66.000000 153.950768 -3.829114 -25000.000000
67.000000 154.502321 -4.010845 -1.000000
68.000000 154.162147 -4.195738 -25000.000000
69.000000 154.705369 -4.383099 -1.000000
70.000000 154.373956 -4.563109 -25000.000000
71.000000 154.909537 -4.757407 -1.000000
72.000000 154.587210 -4.932985 -25000.000000
73.000000 155.115645 -5.135272 -1.000000
74.000000 154.798280 -5.299073 -25000.000000
75.000000 141.965405 -2.248240 -1.000000
76.000000 141.993640 -2.529811 -12500.500000
77.000000 142.131766 -2.355734 -12500.500000
78.000000 142.240216 -1.901903 -1.000000
79.000000 142.261807 -2.198920 -12500.500000
80.000000 142.290041 -2.480491 -25000.000000
81.000000 142.395112 -2.038169 -12500.500000
82.000000 142.531797 -1.865909 -12500.500000
83.000000 142.533438 -1.564255 -1.000000
84.000000 142.553388 -2.162926 -25000.000000
85.000000 142.663983 -1.725279 -12500.500000
86.000000 142.818879 -1.861545 -25000.000000
87.000000 142.820520 -1.559891 -12500.500000
88.000000 142.895917 -1.273974 -1.000000
89.000000 143.026461 -1.434997 -12500.500000
90.000000 143.111909 -1.619886 -25000.000000
91.000000 143.187305 -1.333968 -12500.500000
92.000000 143.313163 -1.081281 -1.000000
93.000000 143.398611 -1.266170 -12500.500000
94.000000 143.464463 -1.457384 -25000.000000
95.000000 143.590322 -1.204697 -12500.500000
96.000000 143.729850 -0.947585 -1.000000
97.000000 143.795703 -1.138800 -12500.500000
98.000000 143.857488 -1.331360 -25000.000000
99.000000 143.997016 -1.074248 -12500.500000
100.000000 144.137592 -0.816758 -1.000000
101.000000 144.199378 -1.009319 -12500.500000
102.000000 144.261167 -1.201920 -25000.000000
103.000000 144.401743 -0.944430 -12500.500000
104.000000 144.546789 -0.685465 -1.000000
105.000000 144.603417 -0.879763 -12500.500000
106.000000 144.665206 -1.072363 -25000.000000
107.000000 144.810253 -0.813398 -12500.500000
108.000000 144.964738 -0.563687 -1.000000
109.000000 145.021366 -0.757984 -12500.500000
110.000000 145.069299 -0.953029 -25000.000000
111.000000 145.223784 -0.703317 -12500.500000
112.000000 145.387685 -0.459854 -1.000000
113.000000 145.435618 -0.654898 -12500.500000
114.000000 145.478333 -0.850116 -25000.000000
115.000000 145.642234 -0.606652 -12500.500000
116.000000 145.817725 -0.365709 -1.000000
117.000000 145.845590 -0.562776 -12500.500000
118.000000 145.888306 -0.757994 -25000.000000
119.000000 146.063797 -0.517050 -12500.500000
120.000000 146.257339 -0.304581 -1.000000
121.000000 146.285205 -0.501648 -12500.500000
122.000000 146.300442 -0.697761 -25000.000000
123.000000 146.493985 -0.485292 -12500.500000
124.000000 146.699670 -0.273810 -1.000000
125.000000 146.705705 -0.468706 -12500.500000
126.000000 146.720943 -0.664819 -25000.000000
127.000000 146.926629 -0.453337 -12500.500000
128.000000 147.138325 -0.454942 -12500.500000
129.000000 147.144360 -0.649838 -25000.000000
130.000000 147.148157 -0.260109 -1.000000
131.000000 147.365888 -0.456610 -12500.500000
132.000000 147.570665 -0.673644 -25000.000000
133.000000 147.590273 -0.477580 -12500.500000
134.000000 147.600105 -0.282747 -1.000000
135.000000 147.804882 -0.499781 -12500.500000
136.000000 148.001536 -0.719191 -25000.000000
137.000000 148.021144 -0.523127 -12500.500000
138.000000 148.052028 -0.326507 -1.000000
139.000000 148.248682 -0.545917 -12500.500000
140.000000 148.431558 -0.782949 -25000.000000
141.000000 148.470516 -0.595938 -12500.500000
142.000000 148.501400 -0.399318 -1.000000
143.000000 148.684277 -0.636351 -12500.500000
144.000000 148.856594 -0.863304 -25000.000000
145.000000 148.895552 -0.676293 -12500.500000
146.000000 148.942334 -0.498744 -1.000000
147.000000 149.114651 -0.725698 -12500.500000
148.000000 149.272745 -0.966465 -25000.000000
149.000000 149.331723 -0.795251 -12500.500000
150.000000 149.378506 -0.617702 -1.000000
151.000000 149.536599 -0.858469 -12500.500000
152.000000 149.681130 -1.107441 -25000.000000
153.000000 149.746132 -0.935001 -12500.500000
154.000000 149.805110 -0.763787 -1.000000
155.000000 149.949641 -1.012758 -12500.500000
156.000000 150.089470 -1.263461 -25000.000000
157.000000 150.154472 -1.091021 -12500.500000
158.000000 150.221019 -0.915696 -1.000000
159.000000 150.360848 -1.166399 -12500.500000
160.000000 150.497433 -1.419337 -25000.000000
161.000000 150.563979 -1.244013 -12500.500000
162.000000 150.630381 -1.065215 -1.000000
163.000000 150.766967 -1.318153 -12500.500000
164.000000 150.901549 -1.573744 -25000.000000
165.000000 150.969130 -1.391993 -12500.500000
166.000000 151.035532 -1.213196 -1.000000
167.000000 151.170115 -1.468786 -12500.500000
168.000000 151.303693 -1.727396 -25000.000000
169.000000 151.371274 -1.545646 -12500.500000
170.000000 151.440614 -1.361152 -1.000000
171.000000 151.574192 -1.619762 -12500.500000
172.000000 151.701018 -1.879208 -25000.000000
173.000000 151.770358 -1.694714 -12500.500000
174.000000 151.850500 -1.510862 -1.000000
175.000000 151.977326 -1.770308 -12500.500000
176.000000 152.083140 -2.045378 -25000.000000
177.000000 152.175671 -1.867597 -12500.500000
178.000000 152.255813 -1.683745 -1.000000
179.000000 152.361627 -1.958815 -12500.500000
180.000000 152.450561 -2.235782 -25000.000000
181.000000 152.543091 -2.058001 -12500.500000
182.000000 152.648468 -1.888240 -1.000000
183.000000 152.737402 -2.165207 -12500.500000
184.000000 152.796070 -2.449244 -25000.000000
185.000000 152.901447 -2.279483 -12500.500000
186.000000 153.029202 -2.124721 -1.000000
187.000000 153.087870 -2.408757 -12500.500000
188.000000 153.106261 -2.707577 -25000.000000
189.000000 153.250399 -2.561000 -12500.500000
190.000000 153.378153 -2.406237 -1.000000
191.000000 153.392990 -2.990210 -25000.000000
192.000000 153.396545 -2.705058 -12500.500000
193.000000 153.537127 -2.843632 -12500.500000
194.000000 153.637337 -3.297121 -25000.000000
195.000000 153.700270 -2.996450 -12500.500000
196.000000 153.703825 -2.711298 -1.000000
197.000000 153.812433 -3.193040 -12500.500000
198.000000 153.845934 -3.647286 -25000.000000
199.000000 153.916198 -3.361378 -12500.500000
200.000000 153.979132 -3.060706 -1.000000
201.000000 154.020325 -3.552278 -12500.500000
202.000000 154.056457 -4.012426 -25000.000000
203.000000 154.125159 -3.734105 -12500.500000
204.000000 154.195422 -3.448197 -1.000000
205.000000 154.230848 -3.917417 -12500.500000
206.000000 154.268052 -4.379423 -25000.000000
207.000000 154.332234 -4.103291 -12500.500000
208.000000 154.400935 -3.824971 -1.000000
209.000000 154.438139 -4.286977 -12500.500000
210.000000 154.480583 -4.748047 -25000.000000
211.000000 154.539662 -4.473104 -12500.500000
212.000000 154.603845 -4.196972 -1.000000
213.000000 154.646289 -4.658042 -12500.500000
214.000000 154.692745 -5.116029 -25000.000000
215.000000 154.748373 -4.845196 -12500.500000
216.000000 154.807453 -4.570253 -1.000000
217.000000 154.853908 -5.028240 -12500.500000
218.000000 154.956963 -5.217173 -12500.500000
219.000000 155.012591 -4.946339 -1.000000
220.000000 141.896342 -2.335278 -1.000000
221.000000 141.910460 -2.476063 -6250.750000
222.000000 141.979523 -2.389025 -6250.750000
223.000000 142.034468 -2.161202 -1.000000
224.000000 142.048586 -2.301987 -6250.750000
225.000000 142.062703 -2.442772 -12500.500000
226.000000 142.076820 -2.583558 -18750.250000
227.000000 142.117648 -2.214949 -6250.750000
228.000000 142.145883 -2.496520 -18750.250000
229.000000 142.171874 -1.988033 -1.000000
230.000000 142.182669 -2.136542 -6250.750000
231.000000 142.196786 -2.277327 -12500.500000
232.000000 142.210904 -2.418112 -18750.250000
233.000000 142.225021 -2.558898 -25000.000000
234.000000 142.249322 -2.056166 -6250.750000
235.000000 142.275924 -2.339705 -18750.250000
236.000000 142.308558 -1.815773 -1.000000
237.000000 142.317664 -1.970036 -6250.750000
238.000000 142.328460 -2.118544 -12500.500000
239.000000 142.340945 -2.261298 -18750.250000
240.000000 142.355062 -2.402084 -25000.000000
241.000000 142.386007 -1.883906 -6250.750000
242.000000 142.407597 -2.180923 -18750.250000
243.000000 142.454349 -1.797776 -6250.750000
244.000000 142.455170 -1.646949 -1.000000
245.000000 142.463455 -1.952039 -12500.500000
246.000000 142.474250 -2.100547 -18750.250000
247.000000 142.486735 -2.243301 -25000.000000
248.000000 142.520442 -1.727461 -6250.750000
249.000000 142.540903 -2.020172 -18750.250000
250.000000 142.597890 -1.795594 -12500.500000
251.000000 142.598711 -1.644767 -6250.750000
252.000000 142.609246 -1.934042 -18750.250000
253.000000 142.611707 -1.481562 -1.000000
254.000000 142.620041 -2.082550 -25000.000000
255.000000 142.675338 -1.863727 -18750.250000
256.000000 142.676979 -1.562073 -6250.750000
257.000000 142.741431 -1.793412 -18750.250000
258.000000 142.742252 -1.642585 -12500.500000
259.000000 142.752787 -1.931860 -25000.000000
260.000000 142.755248 -1.479380 -6250.750000
261.000000 142.792946 -1.336421 -1.000000
262.000000 142.807524 -1.723097 -18750.250000
263.000000 142.858218 -1.416933 -6250.750000
264.000000 142.884972 -1.791230 -25000.000000
265.000000 142.885793 -1.640403 -18750.250000
266.000000 142.923491 -1.497444 -12500.500000
267.000000 142.961189 -1.354486 -6250.750000
268.000000 142.988763 -1.577956 -18750.250000
269.000000 142.998887 -1.211527 -1.000000
270.000000 143.031487 -1.670400 -25000.000000
271.000000 143.064159 -1.292039 -6250.750000
272.000000 143.069185 -1.527441 -18750.250000
273.000000 143.106883 -1.384483 -12500.500000
274.000000 143.144581 -1.241524 -6250.750000
275.000000 143.149607 -1.476927 -18750.250000
276.000000 143.192331 -1.569371 -25000.000000
277.000000 143.207510 -1.115181 -1.000000
278.000000 143.230029 -1.426412 -18750.250000
279.000000 143.250234 -1.207625 -6250.750000
280.000000 143.292958 -1.300069 -12500.500000
281.000000 143.335682 -1.392513 -18750.250000
282.000000 143.355887 -1.173725 -6250.750000
283.000000 143.368608 -1.488120 -25000.000000
284.000000 143.418816 -1.047382 -1.000000
285.000000 143.431537 -1.361777 -18750.250000
286.000000 143.461540 -1.139826 -6250.750000
287.000000 143.494466 -1.235433 -12500.500000
288.000000 143.527393 -1.331041 -18750.250000
289.000000 143.557396 -1.109090 -6250.750000
290.000000 143.560319 -1.426648 -25000.000000
291.000000 143.623248 -1.300304 -18750.250000
292.000000 143.627160 -0.980534 -1.000000
293.000000 143.660086 -1.076141 -6250.750000
294.000000 143.693012 -1.171748 -12500.500000
295.000000 143.725938 -1.267356 -18750.250000
296.000000 143.756831 -1.363636 -25000.000000
297.000000 143.762776 -1.043192 -6250.750000
298.000000 143.826595 -1.235080 -18750.250000
299.000000 143.832541 -0.914636 -1.000000
300.000000 143.865467 -1.010243 -6250.750000
301.000000 143.896359 -1.106524 -12500.500000
302.000000 143.927252 -1.202804 -18750.250000
303.000000 143.958145 -1.299084 -25000.000000
304.000000 143.966124 -0.977968 -6250.750000
305.000000 144.027909 -1.170528 -18750.250000
306.000000 144.036412 -0.849223 -1.000000
307.000000 144.067304 -0.945503 -6250.750000
308.000000 144.098197 -1.041783 -12500.500000
309.000000 144.129090 -1.138064 -18750.250000
310.000000 144.159984 -1.234364 -25000.000000
311.000000 144.168485 -0.913039 -6250.750000
312.000000 144.230272 -1.105619 -18750.250000
313.000000 144.238773 -0.784294 -1.000000
314.000000 144.269666 -0.880574 -6250.750000
315.000000 144.300560 -0.976875 -12500.500000
316.000000 144.331455 -1.073175 -18750.250000
317.000000 144.362349 -1.169475 -25000.000000
318.000000 144.370848 -0.848130 -6250.750000
319.000000 144.432637 -1.040731 -18750.250000
320.000000 144.443371 -0.718648 -1.000000
321.000000 144.471685 -0.815796 -6250.750000
322.000000 144.502580 -0.912097 -12500.500000
323.000000 144.533475 -1.008397 -18750.250000
324.000000 144.564369 -1.104697 -25000.000000
325.000000 144.575103 -0.782614 -6250.750000
326.000000 144.634312 -0.976063 -18750.250000
327.000000 144.650207 -0.652283 -1.000000
328.000000 144.678521 -0.749432 -6250.750000
329.000000 144.706835 -0.846581 -12500.500000
330.000000 144.735149 -0.943729 -18750.250000
331.000000 144.766044 -1.040030 -25000.000000
332.000000 144.781939 -0.716250 -6250.750000
333.000000 144.838567 -0.910547 -18750.250000
334.000000 144.859181 -0.591394 -1.000000
335.000000 144.887496 -0.688543 -6250.750000
336.000000 144.915810 -0.785691 -12500.500000
337.000000 144.944124 -0.882840 -18750.250000
338.000000 144.968090 -0.980362 -25000.000000
339.000000 144.993052 -0.660836 -6250.750000
340.000000 145.045333 -0.855507 -18750.250000
341.000000 145.070295 -0.535980 -1.000000
342.000000 145.098609 -0.633129 -6250.750000
343.000000 145.122575 -0.730651 -12500.500000
344.000000 145.146541 -0.828173 -18750.250000
345.000000 145.170508 -0.925695 -25000.000000
346.000000 145.199818 -0.605795 -6250.750000
347.000000 145.247750 -0.800839 -18750.250000
348.000000 145.281768 -0.484063 -1.000000
349.000000 145.305735 -0.581585 -6250.750000
350.000000 145.329701 -0.679107 -12500.500000
351.000000 145.353667 -0.776630 -18750.250000
352.000000 145.375025 -0.874238 -25000.000000
353.000000 145.411651 -0.557376 -6250.750000
354.000000 145.456975 -0.752507 -18750.250000
355.000000 145.493602 -0.435644 -1.000000
356.000000 145.517568 -0.533166 -6250.750000
357.000000 145.538926 -0.630775 -12500.500000
358.000000 145.560284 -0.728384 -18750.250000
359.000000 145.581641 -0.825993 -25000.000000
360.000000 145.620876 -0.509044 -6250.750000
361.000000 145.663592 -0.704261 -18750.250000
362.000000 145.708622 -0.388572 -1.000000
363.000000 145.722554 -0.487105 -6250.750000
364.000000 145.743912 -0.584714 -12500.500000
365.000000 145.765270 -0.682323 -18750.250000
366.000000 145.786628 -0.779932 -25000.000000
367.000000 145.831658 -0.464243 -6250.750000
368.000000 145.866948 -0.660385 -18750.250000
369.000000 145.926828 -0.342846 -1.000000
370.000000 145.940761 -0.441380 -6250.750000
371.000000 145.954694 -0.539913 -12500.500000
372.000000 145.968626 -0.638447 -18750.250000
373.000000 145.989984 -0.736056 -25000.000000
374.000000 146.049864 -0.418517 -6250.750000
375.000000 146.077729 -0.615584 -18750.250000
376.000000 146.146635 -0.312282 -1.000000
377.000000 146.160568 -0.410816 -6250.750000
378.000000 146.174501 -0.509349 -12500.500000
379.000000 146.188433 -0.607883 -18750.250000
380.000000 146.196052 -0.705939 -25000.000000
381.000000 146.271272 -0.403114 -6250.750000
382.000000 146.292823 -0.599705 -18750.250000
383.000000 146.368043 -0.296880 -1.000000
384.000000 146.381976 -0.395413 -6250.750000
385.000000 146.389595 -0.493470 -12500.500000
386.000000 146.397213 -0.591527 -18750.250000
387.000000 146.404832 -0.689583 -25000.000000
388.000000 146.486366 -0.387235 -6250.750000
389.000000 146.501604 -0.583349 -18750.250000
390.000000 146.589209 -0.281494 -1.000000
391.000000 146.592226 -0.378942 -6250.750000
392.000000 146.599845 -0.476999 -12500.500000
393.000000 146.607464 -0.575055 -18750.250000
394.000000 146.615083 -0.673112 -25000.000000
395.000000 146.702688 -0.371258 -6250.750000
396.000000 146.713324 -0.566762 -18750.250000
397.000000 146.810132 -0.266126 -1.000000
398.000000 146.813150 -0.363574 -6250.750000
399.000000 146.816167 -0.461021 -12500.500000
400.000000 146.819185 -0.558469 -18750.250000
401.000000 146.826803 -0.656526 -25000.000000
402.000000 146.923611 -0.355889 -6250.750000
403.000000 146.929646 -0.550785 -18750.250000
404.000000 147.029459 -0.356692 -6250.750000
405.000000 147.032477 -0.454140 -12500.500000
406.000000 147.034375 -0.259275 -1.000000
407.000000 147.035494 -0.551588 -18750.250000
408.000000 147.038512 -0.649035 -25000.000000
409.000000 147.141342 -0.552390 -18750.250000
410.000000 147.143241 -0.357526 -6250.750000
411.000000 147.247191 -0.553193 -18750.250000
412.000000 147.250208 -0.650641 -25000.000000
413.000000 147.252107 -0.455776 -12500.500000
414.000000 147.257023 -0.358359 -6250.750000
415.000000 147.261939 -0.260942 -1.000000
416.000000 147.360972 -0.554027 -18750.250000
417.000000 147.370804 -0.359193 -6250.750000
418.000000 147.463361 -0.662544 -25000.000000
419.000000 147.473165 -0.564512 -18750.250000
420.000000 147.478081 -0.467095 -12500.500000
421.000000 147.482997 -0.369678 -6250.750000
422.000000 147.487913 -0.272261 -1.000000
423.000000 147.580469 -0.575612 -18750.250000
424.000000 147.595189 -0.380164 -6250.750000
425.000000 147.677969 -0.684745 -25000.000000
426.000000 147.687773 -0.586713 -18750.250000
427.000000 147.697578 -0.488681 -12500.500000
428.000000 147.707382 -0.390649 -6250.750000
429.000000 147.712298 -0.293232 -1.000000
430.000000 147.795078 -0.597813 -18750.250000
431.000000 147.814686 -0.401749 -6250.750000
432.000000 147.893405 -0.707518 -25000.000000
433.000000 147.903209 -0.609486 -18750.250000
434.000000 147.913013 -0.511454 -12500.500000
435.000000 147.922817 -0.413422 -6250.750000
436.000000 147.938259 -0.315112 -1.000000
437.000000 148.011340 -0.621159 -18750.250000
438.000000 148.036586 -0.424817 -6250.750000
439.000000 148.109667 -0.730864 -25000.000000
440.000000 148.119471 -0.632832 -18750.250000
441.000000 148.134913 -0.534522 -12500.500000
442.000000 148.150355 -0.436212 -6250.750000
443.000000 148.165797 -0.337902 -1.000000
444.000000 148.233240 -0.644227 -18750.250000
445.000000 148.264124 -0.447607 -6250.750000
446.000000 148.324678 -0.762743 -25000.000000
447.000000 148.344157 -0.669237 -18750.250000
448.000000 148.359599 -0.570927 -12500.500000
449.000000 148.375041 -0.472617 -6250.750000
450.000000 148.390483 -0.374307 -1.000000
451.000000 148.451037 -0.689444 -18750.250000
452.000000 148.485958 -0.497628 -6250.750000
453.000000 148.538439 -0.803155 -25000.000000
454.000000 148.557917 -0.709650 -18750.250000
455.000000 148.577396 -0.616144 -12500.500000
456.000000 148.596875 -0.522639 -6250.750000
457.000000 148.612318 -0.424329 -1.000000
458.000000 148.664798 -0.729856 -18750.250000
459.000000 148.703756 -0.542845 -6250.750000
460.000000 148.750956 -0.843333 -25000.000000
461.000000 148.770435 -0.749827 -18750.250000
462.000000 148.789914 -0.656322 -12500.500000
463.000000 148.809393 -0.562816 -6250.750000
464.000000 148.832784 -0.474042 -1.000000
465.000000 148.876073 -0.769799 -18750.250000
466.000000 148.918943 -0.587519 -6250.750000
467.000000 148.962231 -0.883275 -25000.000000
468.000000 148.981710 -0.789770 -18750.250000
469.000000 149.005102 -0.700996 -12500.500000
470.000000 149.028493 -0.612221 -6250.750000
471.000000 149.051884 -0.523447 -1.000000
472.000000 149.091260 -0.814472 -18750.250000
473.000000 149.138042 -0.636924 -6250.750000
474.000000 149.170307 -0.934856 -25000.000000
475.000000 149.199796 -0.849249 -18750.250000
476.000000 149.223187 -0.760474 -12500.500000
477.000000 149.246578 -0.671700 -6250.750000
478.000000 149.269970 -0.582926 -1.000000
479.000000 149.302234 -0.880858 -18750.250000
480.000000 149.355114 -0.706477 -6250.750000
481.000000 149.375183 -0.998074 -25000.000000
482.000000 149.404672 -0.912467 -18750.250000
483.000000 149.434161 -0.826860 -12500.500000
484.000000 149.463650 -0.741253 -6250.750000
485.000000 149.487042 -0.652479 -1.000000
486.000000 149.507110 -0.944076 -18750.250000
487.000000 149.566088 -0.772862 -6250.750000
488.000000 149.579375 -1.068562 -25000.000000
489.000000 149.611876 -0.982342 -18750.250000
490.000000 149.641365 -0.896735 -12500.500000
491.000000 149.670855 -0.811128 -6250.750000
492.000000 149.700344 -0.725521 -1.000000
493.000000 149.713631 -1.021221 -18750.250000
494.000000 149.775621 -0.849394 -6250.750000
495.000000 149.782885 -1.146320 -25000.000000
496.000000 149.815386 -1.060100 -18750.250000
497.000000 149.847886 -0.973879 -12500.500000
498.000000 149.880387 -0.887659 -6250.750000
499.000000 149.909877 -0.802052 -1.000000
500.000000 149.917140 -1.098978 -18750.250000
501.000000 149.982142 -0.926538 -6250.750000
502.000000 149.987055 -1.224330 -25000.000000
503.000000 150.019556 -1.138110 -18750.250000
504.000000 150.052057 -1.051890 -12500.500000
505.000000 150.084558 -0.965670 -6250.750000
506.000000 150.117831 -0.878007 -1.000000
507.000000 150.121971 -1.177241 -18750.250000
508.000000 150.187745 -1.003359 -6250.750000
509.000000 150.191886 -1.302593 -25000.000000
510.000000 150.224387 -1.216373 -18750.250000
511.000000 150.257660 -1.128710 -12500.500000
512.000000 150.290933 -1.041048 -6250.750000
513.000000 150.324206 -0.953386 -1.000000
514.000000 150.327575 -1.254062 -18750.250000
515.000000 150.394121 -1.078737 -6250.750000
516.000000 150.395867 -1.380531 -25000.000000
517.000000 150.429140 -1.292868 -18750.250000
518.000000 150.462414 -1.205206 -12500.500000
519.000000 150.495687 -1.117544 -6250.750000
520.000000 150.528888 -1.028145 -1.000000
521.000000 150.530706 -1.331675 -18750.250000
522.000000 150.597180 -1.154614 -6250.750000
523.000000 150.598999 -1.458144 -25000.000000
524.000000 150.632272 -1.370482 -18750.250000
525.000000 150.665473 -1.281083 -12500.500000
526.000000 150.698674 -1.191684 -6250.750000
527.000000 150.731875 -1.102286 -1.000000
528.000000 150.733766 -1.407552 -18750.250000
529.000000 150.800168 -1.228755 -6250.750000
530.000000 150.801057 -1.535347 -25000.000000
531.000000 150.834848 -1.444472 -18750.250000
532.000000 150.868049 -1.355073 -12500.500000
533.000000 150.901249 -1.265675 -6250.750000
534.000000 150.934450 -1.176276 -1.000000
535.000000 150.935340 -1.482869 -18750.250000
536.000000 151.002041 -1.612140 -25000.000000
537.000000 151.002331 -1.302595 -6250.750000
538.000000 151.035832 -1.521265 -18750.250000
539.000000 151.069623 -1.430390 -12500.500000
540.000000 151.103413 -1.339515 -6250.750000
541.000000 151.136324 -1.559661 -18750.250000
542.000000 151.136614 -1.250116 -1.000000
543.000000 151.203113 -1.688966 -25000.000000
544.000000 151.203905 -1.377911 -6250.750000
545.000000 151.236904 -1.598091 -18750.250000
546.000000 151.270694 -1.507216 -12500.500000
547.000000 151.304485 -1.416341 -6250.750000
548.000000 151.337483 -1.636521 -18750.250000
549.000000 151.339155 -1.324094 -1.000000
550.000000 151.404272 -1.765826 -25000.000000
551.000000 151.405944 -1.453399 -6250.750000
552.000000 151.438063 -1.674951 -18750.250000
553.000000 151.472733 -1.582704 -12500.500000
554.000000 151.507403 -1.490457 -6250.750000
555.000000 151.539522 -1.712009 -18750.250000
556.000000 151.542073 -1.398209 -1.000000
557.000000 151.602935 -1.841732 -25000.000000
558.000000 151.608862 -1.527514 -6250.750000
559.000000 151.637605 -1.749485 -18750.250000
560.000000 151.672275 -1.657238 -12500.500000
561.000000 151.706945 -1.564990 -6250.750000
562.000000 151.735688 -1.786961 -18750.250000
563.000000 151.747016 -1.473064 -1.000000
564.000000 151.799101 -1.916684 -25000.000000
565.000000 151.810429 -1.602788 -6250.750000
566.000000 151.833771 -1.824437 -18750.250000
567.000000 151.873842 -1.732511 -12500.500000
568.000000 151.913913 -1.640585 -6250.750000
569.000000 151.937255 -1.862234 -18750.250000
570.000000 151.953984 -1.548659 -1.000000
571.000000 151.990162 -1.999769 -25000.000000
572.000000 152.017397 -1.678382 -6250.750000
573.000000 152.036427 -1.910879 -18750.250000
574.000000 152.076498 -1.818953 -12500.500000
575.000000 152.116569 -1.727027 -6250.750000
576.000000 152.129405 -1.956488 -18750.250000
577.000000 152.156640 -1.635101 -1.000000
578.000000 152.176118 -2.090987 -25000.000000
579.000000 152.215742 -1.775671 -6250.750000
580.000000 152.222384 -2.002097 -18750.250000
581.000000 152.268649 -1.913206 -12500.500000
582.000000 152.314914 -1.824316 -6250.750000
583.000000 152.315362 -2.047706 -18750.250000
584.000000 152.354985 -1.732390 -1.000000
585.000000 152.359829 -2.186189 -25000.000000
586.000000 152.406094 -2.097299 -18750.250000
587.000000 152.407892 -1.869925 -6250.750000
588.000000 152.452359 -2.008408 -12500.500000
589.000000 152.496826 -2.146892 -18750.250000
590.000000 152.498624 -1.919517 -6250.750000
591.000000 152.541293 -2.285375 -25000.000000
592.000000 152.551312 -1.834637 -1.000000
593.000000 152.587558 -2.196484 -18750.250000
594.000000 152.595780 -1.973121 -6250.750000
595.000000 152.640247 -2.111604 -12500.500000
596.000000 152.684714 -2.250087 -18750.250000
597.000000 152.692935 -2.026724 -6250.750000
598.000000 152.714048 -2.392106 -25000.000000
599.000000 152.745624 -1.941843 -1.000000
600.000000 152.766736 -2.307225 -18750.250000
601.000000 152.790091 -2.080327 -6250.750000
602.000000 152.819425 -2.222345 -12500.500000
603.000000 152.848759 -2.364363 -18750.250000
604.000000 152.872113 -2.137465 -6250.750000
605.000000 152.878093 -2.506381 -25000.000000
606.000000 152.930781 -2.421501 -18750.250000
607.000000 152.935990 -2.060083 -1.000000
608.000000 152.965324 -2.202102 -6250.750000
609.000000 152.994658 -2.344120 -12500.500000
610.000000 153.023992 -2.486138 -18750.250000
611.000000 153.033188 -2.635548 -25000.000000
612.000000 153.058536 -2.266739 -6250.750000
613.000000 153.105257 -2.562259 -18750.250000
614.000000 153.122413 -2.189358 -1.000000
615.000000 153.151747 -2.331376 -6250.750000
616.000000 153.169134 -2.484878 -12500.500000
617.000000 153.178330 -2.634288 -18750.250000
618.000000 153.179334 -2.779606 -25000.000000
619.000000 153.233011 -2.407497 -6250.750000
620.000000 153.251403 -2.706318 -18750.250000
621.000000 153.296889 -2.330116 -1.000000
622.000000 153.314276 -2.483619 -6250.750000
623.000000 153.322698 -2.920923 -25000.000000
624.000000 153.323472 -2.633029 -12500.500000
625.000000 153.324476 -2.778347 -18750.250000
626.000000 153.394767 -2.847634 -18750.250000
627.000000 153.395540 -2.559740 -6250.750000
628.000000 153.459418 -2.482359 -1.000000
629.000000 153.463281 -3.059497 -25000.000000
630.000000 153.465058 -2.916921 -18750.250000
631.000000 153.466836 -2.774345 -12500.500000
632.000000 153.468613 -2.631769 -6250.750000
633.000000 153.535350 -2.986208 -18750.250000
634.000000 153.538905 -2.701056 -6250.750000
635.000000 153.585454 -3.212953 -25000.000000
636.000000 153.616921 -3.062617 -18750.250000
637.000000 153.618699 -2.920041 -12500.500000
638.000000 153.620476 -2.777465 -6250.750000
639.000000 153.622254 -2.634889 -1.000000
640.000000 153.673003 -3.160912 -18750.250000
641.000000 153.689219 -3.381290 -25000.000000
642.000000 153.702048 -2.853874 -6250.750000
643.000000 153.724885 -3.245081 -18750.250000
644.000000 153.756352 -3.094745 -12500.500000
645.000000 153.776767 -3.329250 -18750.250000
646.000000 153.783619 -2.930282 -6250.750000
647.000000 153.785397 -2.787706 -1.000000
648.000000 153.793518 -3.556373 -25000.000000
649.000000 153.828649 -3.413418 -18750.250000
650.000000 153.839701 -3.028578 -6250.750000
651.000000 153.864316 -3.277209 -12500.500000
652.000000 153.880713 -3.508868 -18750.250000
653.000000 153.895782 -3.126873 -6250.750000
654.000000 153.898351 -3.738200 -25000.000000
655.000000 153.923050 -2.962411 -1.000000
656.000000 153.933130 -3.599782 -18750.250000
657.000000 153.951864 -3.225169 -6250.750000
658.000000 153.968261 -3.456828 -12500.500000
659.000000 153.985547 -3.690696 -18750.250000
660.000000 154.003613 -3.920770 -25000.000000
661.000000 154.003746 -3.309337 -6250.750000
662.000000 154.035213 -3.159001 -1.000000
663.000000 154.037963 -3.781610 -18750.250000
664.000000 154.055810 -3.404787 -6250.750000
665.000000 154.072742 -3.643192 -12500.500000
666.000000 154.090808 -3.873266 -18750.250000
667.000000 154.107874 -3.500237 -6250.750000
668.000000 154.109302 -4.104082 -25000.000000
669.000000 154.143358 -3.352747 -1.000000
670.000000 154.143653 -3.964922 -18750.250000
671.000000 154.159937 -3.595687 -6250.750000
672.000000 154.178003 -3.825761 -12500.500000
673.000000 154.196497 -4.056578 -18750.250000
674.000000 154.212354 -3.686601 -6250.750000
675.000000 154.215099 -4.287581 -25000.000000
676.000000 154.247190 -4.149515 -18750.250000
677.000000 154.247486 -3.543647 -1.000000
678.000000 154.265199 -3.778257 -6250.750000
679.000000 154.281541 -4.010354 -12500.500000
680.000000 154.300143 -4.241357 -18750.250000
681.000000 154.315892 -3.871194 -6250.750000
682.000000 154.321004 -4.471266 -25000.000000
683.000000 154.350242 -3.732034 -1.000000
684.000000 154.353095 -4.333200 -18750.250000
685.000000 154.366584 -3.964131 -6250.750000
686.000000 154.385186 -4.195134 -12500.500000
687.000000 154.406047 -4.425043 -18750.250000
688.000000 154.417277 -4.057068 -6250.750000
689.000000 154.427270 -4.655578 -25000.000000
690.000000 154.451628 -3.917908 -1.000000
691.000000 154.456809 -4.518106 -18750.250000
692.000000 154.470230 -4.148911 -6250.750000
693.000000 154.488901 -4.380040 -12500.500000
694.000000 154.510123 -4.610575 -18750.250000
695.000000 154.520992 -4.241974 -6250.750000
696.000000 154.533897 -4.840516 -25000.000000
697.000000 154.553083 -4.103908 -1.000000
698.000000 154.563436 -4.703044 -18750.250000
699.000000 154.571754 -4.335038 -6250.750000
700.000000 154.592976 -4.565573 -12500.500000
701.000000 154.616750 -4.795513 -18750.250000
702.000000 154.622516 -4.428101 -6250.750000
703.000000 154.639978 -5.024507 -25000.000000
704.000000 154.654607 -4.290035 -1.000000
705.000000 154.667792 -4.889090 -18750.250000
706.000000 154.675829 -4.520570 -6250.750000
707.000000 154.697331 -4.751619 -12500.500000
708.000000 154.720559 -4.980612 -18750.250000
709.000000 154.726871 -4.614147 -6250.750000
710.000000 154.745513 -5.207551 -25000.000000
711.000000 154.756411 -4.476676 -1.000000
712.000000 154.773327 -5.072134 -18750.250000
713.000000 154.777913 -4.707724 -6250.750000
714.000000 154.801141 -4.936718 -12500.500000
715.000000 154.826094 -5.163657 -18750.250000
716.000000 154.828955 -4.801301 -6250.750000
717.000000 154.858495 -4.663830 -1.000000
718.000000 154.877621 -5.258123 -18750.250000
719.000000 154.881723 -4.892823 -6250.750000
720.000000 154.905436 -5.122706 -12500.500000
721.000000 154.933250 -4.987290 -6250.750000
722.000000 154.961064 -4.851873 -1.000000
723.000000 154.984777 -5.081756 -6250.750000
724.000000 155.036304 -5.176222 -6250.750000
725.000000 155.064118 -5.040806 -1.000000
