1 18 74 81
2 21 66 69
3 14 114 127
4 10 162 169
5 17 101 96
6 19 86 79
7 19 89 86
8 17 99 107
9 7 189 196
10 15 94 98
11 15 105 110
12 12 113 126
13 10 170 162
14 8 158 165
15 9 149 147
16 6 174 172
17 5 203 197
18 7 195 189
19 5 204 203
20 6 166 174
21 9 135 149
22 5 199 204
23 5 192 199
24 2 217 219
25 21 69 67
26 20 75 68
27 17 107 101
28 14 127 133
29 14 116 114
30 17 88 92
31 16 108 106
32 16 121 108
33 11 155 160
34 18 81 83
35 14 129 116
36 15 110 104
37 11 142 155
38 12 126 132
39 8 171 164
40 5 197 190
41 2 210 212
42 8 165 180
43 4 218 215
44 8 178 171
45 12 132 124
46 7 208 201
47 8 180 178
48 4 222 218
49 23 72 76
50 22 73 70
51 33 112 119
52 44 140 154
53 33 109 102
54 29 84 82
55 31 100 95
56 32 118 111
57 51 168 182
58 28 87 93
59 35 122 117
60 34 115 120
61 49 148 156
62 43 139 151
63 46 163 157
64 53 188 179
65 60 206 202
66 55 173 181
67 61 214 209
68 50 177 176
69 39 137 144
70 58 207 205
71 54 187 193
72 63 221 220
73 25 85 80
74 26 88 78
75 36 131 125
76 40 138 146
77 35 105 103
78 26 75 77
79 32 99 97
80 38 136 123
81 49 170 175
82 27 90 91
83 42 142 130
84 37 134 128
85 42 129 143
86 41 141 145
87 50 166 161
88 57 191 186
89 59 198 200
90 47 153 167
91 63 217 213
92 54 192 185
93 43 158 150
94 62 216 211
95 55 195 194
96 65 225 223
97 23 76 74
98 22 70 66
99 33 119 114
100 44 154 162
101 33 102 101
102 29 82 86
103 31 95 89
104 32 111 99
105 51 182 189
106 28 93 94
107 35 117 105
108 34 120 113
109 49 156 170
110 43 151 158
111 46 157 149
112 53 179 174
113 60 202 203
114 55 181 195
115 61 209 204
116 50 176 166
117 39 144 135
118 58 205 199
119 54 193 192
120 63 220 217
121 25 72 69
122 26 73 75
123 36 112 107
124 40 140 127
125 35 109 116
126 26 84 88
127 32 100 108
128 38 118 121
129 49 168 155
130 27 87 81
131 42 122 129
132 37 115 110
133 42 148 142
134 41 139 126
135 50 163 171
136 57 188 197
137 59 206 210
138 47 173 165
139 63 214 218
140 54 177 178
141 43 137 132
142 62 207 208
143 55 187 180
144 65 221 222
145 25 80 72
146 26 78 73
147 36 125 112
148 40 146 140
149 35 103 109
150 26 77 84
151 32 97 100
152 38 123 118
153 49 175 168
154 27 91 87
155 42 130 122
156 37 128 115
157 42 143 148
158 41 145 139
159 50 161 163
160 57 186 188
161 59 200 206
162 47 167 173
163 63 213 214
164 54 185 177
165 43 150 137
166 62 211 207
167 55 194 187
168 65 223 221
169 17 90 85
170 17 85 88
171 13 138 131
172 13 152 138
173 15 98 105
174 20 71 75
175 17 92 99
176 13 131 136
177 10 183 170
178 17 96 90
179 11 134 142
180 11 141 134
181 14 133 129
182 11 153 141
183 6 159 166
184 3 184 191
185 3 191 198
186 11 160 153
187 2 212 217
188 5 190 192
189 8 164 158
190 4 215 216
191 7 201 195
192 1 224 225
193 74 76 81
194 66 70 69
195 114 119 127
196 162 154 169
197 101 102 96
198 86 82 79
199 89 95 86
200 99 111 107
201 189 182 196
202 94 93 98
203 105 117 110
204 113 120 126
205 170 156 162
206 158 151 165
207 149 157 147
208 174 179 172
209 203 202 197
210 195 181 189
211 204 209 203
212 166 176 174
213 135 144 149
214 199 205 204
215 192 193 199
216 217 220 219
217 69 72 67
218 75 73 68
219 107 112 101
220 127 140 133
221 116 109 114
222 88 84 92
223 108 100 106
224 121 118 108
225 155 168 160
226 81 87 83
227 129 122 116
228 110 115 104
229 142 148 155
230 126 139 132
231 171 163 164
232 197 188 190
233 210 206 212
234 165 173 180
235 218 214 215
236 178 177 171
237 132 137 124
238 208 207 201
239 180 187 178
240 222 221 218
241 72 80 76
242 73 78 70
243 112 125 119
244 140 146 154
245 109 103 102
246 84 77 82
247 100 97 95
248 118 123 111
249 168 175 182
250 87 91 93
251 122 130 117
252 115 128 120
253 148 143 156
254 139 145 151
255 163 161 157
256 188 186 179
257 206 200 202
258 173 167 181
259 214 213 209
260 177 185 176
261 137 150 144
262 207 211 205
263 187 194 193
264 221 223 220
265 85 90 80
266 88 85 78
267 131 138 125
268 138 152 146
269 105 98 103
270 75 71 77
271 99 92 97
272 136 131 123
273 170 183 175
274 90 96 91
275 142 134 130
276 134 141 128
277 129 133 143
278 141 153 145
279 166 159 161
280 191 184 186
281 198 191 200
282 153 160 167
283 217 212 213
284 192 190 185
285 158 164 150
286 216 215 211
287 195 201 194
288 225 224 223
289 76 27 81
290 70 25 69
291 119 40 127
292 154 48 169
293 102 30 96
294 82 24 79
295 95 29 86
296 111 36 107
297 182 56 196
298 93 30 98
299 117 37 110
300 120 41 126
301 156 44 162
302 151 47 165
303 157 45 147
304 179 52 172
305 202 57 197
306 181 51 189
307 209 60 203
308 176 53 174
309 144 46 149
310 205 61 204
311 193 58 199
312 220 64 219
313 72 23 67
314 73 22 68
315 112 33 101
316 140 44 133
317 109 33 114
318 84 29 92
319 100 31 106
320 118 32 108
321 168 51 160
322 87 28 83
323 122 35 116
324 115 34 104
325 148 49 155
326 139 43 132
327 163 46 164
328 188 53 190
329 206 60 212
330 173 55 180
331 214 61 215
332 177 50 171
333 137 39 124
334 207 58 201
335 187 54 178
336 221 63 218
337 80 27 76
338 78 25 70
339 125 40 119
340 146 48 154
341 103 30 102
342 77 24 82
343 97 29 95
344 123 36 111
345 175 56 182
346 91 30 93
347 130 37 117
348 128 41 120
349 143 44 156
350 145 47 151
351 161 45 157
352 186 52 179
353 200 57 202
354 167 51 181
355 213 60 209
356 185 53 176
357 150 46 144
358 211 61 205
359 194 58 193
360 223 64 220
361 90 27 80
362 85 25 78
363 138 40 125
364 152 48 146
365 98 30 103
366 71 24 77
367 92 29 97
368 131 36 123
369 183 56 175
370 96 30 91
371 134 37 130
372 141 41 128
373 133 44 143
374 153 47 145
375 159 45 161
376 184 52 186
377 191 57 200
378 160 51 167
379 212 60 213
380 190 53 185
381 164 46 150
382 215 61 211
383 201 58 194
384 224 64 223
