1 22 118 122
2 21 132 130
3 6 230 232
4 18 150 152
5 8 216 218
6 25 103 99
7 23 117 113
8 27 89 85
9 25 105 103
10 27 91 89
11 17 160 158
12 21 130 127
13 19 144 141
14 19 146 144
15 15 171 168
16 5 238 236
17 13 182 180
18 4 249 251
19 4 244 246
20 2 260 263
21 4 246 249
22 11 201 199
23 7 224 222
24 10 202 204
25 13 185 182
26 11 196 194
27 23 119 117
28 19 141 139
29 8 221 223
30 17 158 155
31 10 207 209
32 24 102 104
33 22 116 118
34 26 88 90
35 23 113 112
36 25 99 98
37 15 168 167
38 20 131 133
39 18 145 147
40 17 155 153
41 14 174 176
42 6 232 235
43 14 176 179
44 3 255 252
45 6 235 237
46 3 257 255
47 5 243 241
48 9 210 208
49 8 218 221
50 12 193 195
51 12 188 190
52 12 190 193
53 39 120 121
54 44 137 134
55 70 225 228
56 49 156 154
57 66 211 214
58 35 101 100
59 39 115 114
60 31 87 86
61 36 110 106
62 32 96 92
63 52 165 162
64 43 129 128
65 47 143 142
66 48 151 148
67 55 172 170
68 73 233 234
69 57 177 178
70 77 254 253
71 74 239 242
72 79 259 261
73 75 245 247
74 64 206 203
75 69 219 220
76 62 197 200
77 59 186 184
78 61 191 192
79 40 125 123
80 45 136 135
81 69 224 226
82 51 161 157
83 65 210 212
84 34 95 97
85 38 109 111
86 30 83 84
87 37 108 107
88 33 94 93
89 53 164 163
90 42 124 126
91 46 138 140
92 49 150 149
93 54 166 169
94 71 227 231
95 55 171 175
96 79 260 256
97 73 238 240
98 80 264 262
99 76 250 248
100 65 207 205
101 67 213 217
102 61 196 198
103 58 181 183
104 59 185 189
105 39 121 118
106 44 134 132
107 70 228 230
108 49 154 150
109 66 214 216
110 35 100 103
111 39 114 117
112 31 86 89
113 36 106 105
114 32 92 91
115 52 162 160
116 43 128 130
117 47 142 144
118 48 148 146
119 55 170 171
120 73 234 238
121 57 178 182
122 77 253 249
123 74 242 244
124 79 261 260
125 75 247 246
126 64 203 201
127 69 220 224
128 62 200 202
129 59 184 185
130 61 192 196
131 40 120 119
132 45 137 141
133 69 225 221
134 51 156 158
135 65 211 207
136 34 101 102
137 38 115 116
138 30 87 88
139 37 110 113
140 33 96 99
141 53 165 168
142 42 129 131
143 46 143 145
144 49 151 155
145 54 172 174
146 71 233 232
147 55 177 176
148 79 254 255
149 73 239 235
150 80 259 257
151 76 245 243
152 65 206 210
153 67 219 218
154 61 197 193
155 58 186 188
156 59 191 190
157 40 123 120
158 45 135 137
159 69 226 225
160 51 157 156
161 65 212 211
162 34 97 101
163 38 111 115
164 30 84 87
165 37 107 110
166 33 93 96
167 53 163 165
168 42 126 129
169 46 140 143
170 49 149 151
171 54 169 172
172 71 231 233
173 55 175 177
174 79 256 254
175 73 240 239
176 80 262 259
177 76 248 245
178 65 205 206
179 67 217 219
180 61 198 197
181 58 183 186
182 59 189 191
183 21 127 125
184 20 133 136
185 7 227 224
186 16 159 161
187 9 213 210
188 26 94 95
189 24 108 109
190 28 82 83
191 24 104 108
192 26 90 94
193 16 161 164
194 22 122 124
195 20 136 138
196 18 147 150
197 16 164 166
198 7 229 227
199 15 173 171
200 2 258 260
201 5 241 238
202 1 265 264
203 3 252 250
204 10 204 207
205 9 215 213
206 11 199 196
207 14 179 181
208 13 187 185
209 118 121 122
210 132 134 130
211 230 228 232
212 150 154 152
213 216 214 218
214 103 100 99
215 117 114 113
216 89 86 85
217 105 106 103
218 91 92 89
219 160 162 158
220 130 128 127
221 144 142 141
222 146 148 144
223 171 170 168
224 238 234 236
225 182 178 180
226 249 253 251
227 244 242 246
228 260 261 263
229 246 247 249
230 201 203 199
231 224 220 222
232 202 200 204
233 185 184 182
234 196 192 194
235 119 120 117
236 141 137 139
237 221 225 223
238 158 156 155
239 207 211 209
240 102 101 104
241 116 115 118
242 88 87 90
243 113 110 112
244 99 96 98
245 168 165 167
246 131 129 133
247 145 143 147
248 155 151 153
249 174 172 176
250 232 233 235
251 176 177 179
252 255 254 252
253 235 239 237
254 257 259 255
255 243 245 241
256 210 206 208
257 218 219 221
258 193 197 195
259 188 186 190
260 190 191 193
261 120 123 121
262 137 135 134
263 225 226 228
264 156 157 154
265 211 212 214
266 101 97 100
267 115 111 114
268 87 84 86
269 110 107 106
270 96 93 92
271 165 163 162
272 129 126 128
273 143 140 142
274 151 149 148
275 172 169 170
276 233 231 234
277 177 175 178
278 254 256 253
279 239 240 242
280 259 262 261
281 245 248 247
282 206 205 203
283 219 217 220
284 197 198 200
285 186 183 184
286 191 189 192
287 125 127 123
288 136 133 135
289 224 227 226
290 161 159 157
291 210 213 212
292 95 94 97
293 109 108 111
294 83 82 84
295 108 104 107
296 94 90 93
297 164 161 163
298 124 122 126
299 138 136 140
300 150 147 149
301 166 164 169
302 227 229 231
303 171 173 175
304 260 258 256
305 238 241 240
306 264 265 262
307 250 252 248
308 207 204 205
309 213 215 217
310 196 199 198
311 181 179 183
312 185 187 189
313 121 41 122
314 134 43 130
315 228 71 232
316 154 50 152
317 214 67 218
318 100 33 99
319 114 37 113
320 86 29 85
321 106 35 103
322 92 31 89
323 162 51 158
324 128 41 127
325 142 45 141
326 148 47 144
327 170 53 168
328 234 72 236
329 178 56 180
330 253 78 251
331 242 75 246
332 261 81 263
333 247 77 249
334 203 63 199
335 220 68 222
336 200 63 204
337 184 57 182
338 192 60 194
339 120 39 117
340 137 44 139
341 225 70 223
342 156 49 155
343 211 66 209
344 101 35 104
345 115 39 118
346 87 31 90
347 110 36 112
348 96 32 98
349 165 52 167
350 129 43 133
351 143 47 147
352 151 48 153
353 172 55 176
354 233 73 235
355 177 57 179
356 254 77 252
357 239 74 237
358 259 79 255
359 245 75 241
360 206 64 208
361 219 69 221
362 197 62 195
363 186 59 190
364 191 61 193
365 123 41 121
366 135 43 134
367 226 71 228
368 157 50 154
369 212 67 214
370 97 33 100
371 111 37 114
372 84 29 86
373 107 35 106
374 93 31 92
375 163 51 162
376 126 41 128
377 140 45 142
378 149 47 148
379 169 53 170
380 231 72 234
381 175 56 178
382 256 78 253
383 240 75 242
384 262 81 261
385 248 77 247
386 205 63 203
387 217 68 220
388 198 63 200
389 183 57 184
390 189 60 192
391 127 41 123
392 133 43 135
393 227 71 226
394 159 50 157
395 213 67 212
396 94 33 97
397 108 37 111
398 82 29 84
399 104 35 107
400 90 31 93
401 161 51 163
402 122 41 126
403 136 45 140
404 147 47 149
405 164 53 169
406 229 72 231
407 173 56 175
408 258 78 256
409 241 75 240
410 265 81 262
411 252 77 248
412 204 63 205
413 215 68 217
414 199 63 198
415 179 57 183
416 187 60 189
