1 6 124 129
2 6 136 128
3 22 241 236
4 26 261 262
5 9 137 132
6 22 236 233
7 3 94 97
8 2 98 96
9 10 166 157
10 4 114 109
11 6 128 124
12 13 164 158
13 8 142 139
14 20 228 223
15 9 133 137
16 11 150 145
17 16 199 197
18 14 196 187
19 12 181 172
20 25 244 249
21 27 258 263
22 28 277 272
23 26 268 264
24 30 285 284
25 19 206 204
26 17 189 185
27 18 207 212
28 20 219 221
29 5 108 110
30 8 139 143
31 24 247 248
32 25 249 252
33 10 157 154
34 23 230 235
35 2 104 98
36 3 91 94
37 12 168 173
38 5 101 108
39 7 111 119
40 14 187 182
41 9 125 133
42 22 233 234
43 8 151 142
44 12 172 168
45 17 176 186
46 16 197 201
47 14 182 188
48 23 238 237
49 25 252 251
50 29 276 278
51 28 272 273
52 29 278 282
53 20 223 219
54 18 210 207
55 17 186 189
56 19 202 206
57 39 115 122
58 46 135 131
59 76 243 240
60 79 253 257
61 47 148 140
62 73 231 232
63 33 102 99
64 33 92 93
65 54 163 161
66 38 103 107
67 41 116 120
68 55 177 167
69 45 130 134
70 72 229 226
71 45 146 141
72 51 162 153
73 61 183 191
74 63 192 190
75 58 179 175
76 74 242 245
77 78 256 259
78 85 275 274
79 83 270 267
80 87 281 283
81 67 218 211
82 62 203 194
83 62 195 205
84 67 209 216
85 38 114 117
86 43 123 127
87 75 238 239
88 77 250 254
89 49 147 144
90 70 222 227
91 36 112 105
92 31 88 90
93 51 150 155
94 34 95 100
95 37 106 113
96 57 174 170
97 40 118 126
98 71 224 225
99 50 159 149
100 53 160 156
101 56 171 180
102 59 178 184
103 55 164 169
104 75 247 246
105 79 261 260
106 84 269 271
107 82 265 266
108 85 277 280
109 69 220 215
110 64 202 198
111 61 199 200
112 64 210 213
113 39 122 124
114 46 131 136
115 76 240 241
116 79 257 261
117 47 140 137
118 73 232 236
119 33 99 94
120 33 93 98
121 54 161 166
122 38 107 114
123 41 120 128
124 55 167 164
125 45 134 142
126 72 226 228
127 45 141 133
128 51 153 150
129 61 191 199
130 63 190 196
131 58 175 181
132 74 245 244
133 78 259 258
134 85 274 277
135 83 267 268
136 87 283 285
137 67 211 206
138 62 194 189
139 62 205 207
140 67 216 219
141 38 115 108
142 43 135 139
143 75 243 247
144 77 253 249
145 49 148 157
146 70 231 230
147 36 102 104
148 31 92 91
149 51 163 168
150 34 103 101
151 37 116 111
152 57 177 187
153 40 130 125
154 71 229 233
155 50 146 151
156 53 162 172
157 56 183 176
158 59 192 197
159 55 179 182
160 75 242 238
161 79 256 252
162 84 275 276
163 82 270 272
164 85 281 278
165 69 218 223
166 64 203 210
167 61 195 186
168 64 209 202
169 38 117 115
170 43 127 135
171 75 239 243
172 77 254 253
173 49 144 148
174 70 227 231
175 36 105 102
176 31 90 92
177 51 155 163
178 34 100 103
179 37 113 116
180 57 170 177
181 40 126 130
182 71 225 229
183 50 149 146
184 53 156 162
185 56 180 183
186 59 184 192
187 55 169 179
188 75 246 242
189 79 260 256
190 84 271 275
191 82 266 270
192 85 280 281
193 69 215 218
194 64 198 203
195 61 200 195
196 64 213 209
197 4 121 114
198 7 119 123
199 23 235 238
200 24 255 250
201 11 138 147
202 21 224 222
203 4 109 112
204 1 89 88
205 11 147 150
206 3 97 95
207 5 110 106
208 15 165 174
209 7 123 118
210 21 220 224
211 10 154 159
212 13 152 160
213 15 178 171
214 15 174 178
215 13 160 164
216 24 250 247
217 26 264 261
218 27 265 269
219 27 263 265
220 28 279 277
221 21 214 220
222 19 193 202
223 16 208 199
224 18 217 210
225 124 122 129
226 136 131 128
227 241 240 236
228 261 257 262
229 137 140 132
230 236 232 233
231 94 99 97
232 98 93 96
233 166 161 157
234 114 107 109
235 128 120 124
236 164 167 158
237 142 134 139
238 228 226 223
239 133 141 137
240 150 153 145
241 199 191 197
242 196 190 187
243 181 175 172
244 244 245 249
245 258 259 263
246 277 274 272
247 268 267 264
248 285 283 284
249 206 211 204
250 189 194 185
251 207 205 212
252 219 216 221
253 108 115 110
254 139 135 143
255 247 243 248
256 249 253 252
257 157 148 154
258 230 231 235
259 104 102 98
260 91 92 94
261 168 163 173
262 101 103 108
263 111 116 119
264 187 177 182
265 125 130 133
266 233 229 234
267 151 146 142
268 172 162 168
269 176 183 186
270 197 192 201
271 182 179 188
272 238 242 237
273 252 256 251
274 276 275 278
275 272 270 273
276 278 281 282
277 223 218 219
278 210 203 207
279 186 195 189
280 202 209 206
281 115 117 122
282 135 127 131
283 243 239 240
284 253 254 257
285 148 144 140
286 231 227 232
287 102 105 99
288 92 90 93
289 163 155 161
290 103 100 107
291 116 113 120
292 177 170 167
293 130 126 134
294 229 225 226
295 146 149 141
296 162 156 153
297 183 180 191
298 192 184 190
299 179 169 175
300 242 246 245
301 256 260 259
302 275 271 274
303 270 266 267
304 281 280 283
305 218 215 211
306 203 198 194
307 195 200 205
308 209 213 216
309 114 121 117
310 123 119 127
311 238 235 239
312 250 255 254
313 147 138 144
314 222 224 227
315 112 109 105
316 88 89 90
317 150 147 155
318 95 97 100
319 106 110 113
320 174 165 170
321 118 123 126
322 224 220 225
323 159 154 149
324 160 152 156
325 171 178 180
326 178 174 184
327 164 160 169
328 247 250 246
329 261 264 260
330 269 265 271
331 265 263 266
332 277 279 280
333 220 214 215
334 202 193 198
335 199 208 200
336 210 217 213
337 122 42 129
338 131 41 128
339 240 73 236
340 257 80 262
341 140 44 132
342 232 71 233
343 99 35 97
344 93 32 96
345 161 49 157
346 107 35 109
347 120 39 124
348 167 52 158
349 134 43 139
350 226 69 223
351 141 47 137
352 153 48 145
353 191 59 197
354 190 57 187
355 175 53 172
356 245 77 249
357 259 81 263
358 274 82 272
359 267 81 264
360 283 86 284
361 211 65 204
362 194 60 185
363 205 66 212
364 216 68 221
365 115 39 110
366 135 46 143
367 243 76 248
368 253 79 252
369 148 47 154
370 231 73 235
371 102 33 98
372 92 33 94
373 163 54 173
374 103 38 108
375 116 41 119
376 177 55 182
377 130 45 133
378 229 72 234
379 146 45 142
380 162 51 168
381 183 61 186
382 192 63 201
383 179 58 188
384 242 74 237
385 256 78 251
386 275 85 278
387 270 83 273
388 281 87 282
389 218 67 219
390 203 62 207
391 195 62 189
392 209 67 206
393 117 42 122
394 127 41 131
395 239 73 240
396 254 80 257
397 144 44 140
398 227 71 232
399 105 35 99
400 90 32 93
401 155 49 161
402 100 35 107
403 113 39 120
404 170 52 167
405 126 43 134
406 225 69 226
407 149 47 141
408 156 48 153
409 180 59 191
410 184 57 190
411 169 53 175
412 246 77 245
413 260 81 259
414 271 82 274
415 266 81 267
416 280 86 283
417 215 65 211
418 198 60 194
419 200 66 205
420 213 68 216
421 121 42 117
422 119 41 127
423 235 73 239
424 255 80 254
425 138 44 144
426 224 71 227
427 109 35 105
428 89 32 90
429 147 49 155
430 97 35 100
431 110 39 113
432 165 52 170
433 123 43 126
434 220 69 225
435 154 47 149
436 152 48 156
437 178 59 180
438 174 57 184
439 160 53 169
440 250 77 246
441 264 81 260
442 265 82 271
443 263 81 266
444 279 86 280
445 214 65 215
446 193 60 198
447 208 66 200
448 217 68 213
