1 22 118 122
2 21 132 130
3 8 216 218
4 25 103 99
5 18 150 152
6 13 182 180
7 7 229 227
8 23 117 113
9 27 89 85
10 25 105 103
11 27 91 89
12 17 160 158
13 21 130 127
14 19 144 141
15 19 146 144
16 15 171 168
17 5 241 238
18 6 230 232
19 2 258 260
20 3 252 250
21 1 265 263
22 7 224 222
23 10 202 204
24 13 185 182
25 11 196 194
26 9 210 208
27 23 119 117
28 19 141 139
29 10 207 209
30 24 102 104
31 17 158 155
32 14 176 179
33 5 238 236
34 22 116 118
35 26 88 90
36 23 113 112
37 25 99 98
38 15 168 167
39 20 131 133
40 18 145 147
41 17 155 153
42 14 174 176
43 4 244 246
44 8 221 223
45 4 249 251
46 4 246 249
47 2 260 264
48 8 218 221
49 12 193 195
50 12 188 190
51 12 190 193
52 10 204 207
53 39 120 121
54 44 137 134
55 66 211 214
56 35 101 100
57 49 156 154
58 57 177 178
59 72 234 231
60 39 115 114
61 31 87 86
62 36 110 106
63 32 96 92
64 52 165 162
65 43 129 128
66 47 143 142
67 48 151 148
68 55 172 170
69 75 242 240
70 70 225 228
71 78 253 256
72 77 247 248
73 81 261 262
74 69 219 220
75 62 197 200
76 59 186 184
77 61 191 192
78 65 205 206
79 40 126 124
80 45 136 135
81 65 210 212
82 34 95 97
83 51 161 157
84 55 171 175
85 73 235 233
86 38 109 111
87 30 83 84
88 37 108 107
89 33 94 93
90 53 164 163
91 42 123 125
92 46 138 140
93 49 150 149
94 54 166 169
95 74 237 239
96 69 224 226
97 77 252 254
98 75 241 245
99 79 255 259
100 67 213 217
101 61 196 198
102 58 181 183
103 59 185 189
104 63 199 203
105 39 121 118
106 44 134 132
107 66 214 216
108 35 100 103
109 49 154 150
110 57 178 182
111 72 231 229
112 39 114 117
113 31 86 89
114 36 106 105
115 32 92 91
116 52 162 160
117 43 128 130
118 47 142 144
119 48 148 146
120 55 170 171
121 75 240 241
122 70 228 230
123 78 256 258
124 77 248 252
125 81 262 265
126 69 220 224
127 62 200 202
128 59 184 185
129 61 192 196
130 65 206 210
131 40 120 119
132 45 137 141
133 65 211 207
134 34 101 102
135 51 156 158
136 55 177 176
137 73 234 238
138 38 115 116
139 30 87 88
140 37 110 113
141 33 96 99
142 53 165 168
143 42 129 131
144 46 143 145
145 49 151 155
146 54 172 174
147 74 242 244
148 69 225 221
149 77 253 249
150 75 247 246
151 79 261 260
152 67 219 218
153 61 197 193
154 58 186 188
155 59 191 190
156 63 205 204
157 40 124 120
158 45 135 137
159 65 212 211
160 34 97 101
161 51 157 156
162 55 175 177
163 73 233 234
164 38 111 115
165 30 84 87
166 37 107 110
167 33 93 96
168 53 163 165
169 42 125 129
170 46 140 143
171 49 149 151
172 54 169 172
173 74 239 242
174 69 226 225
175 77 254 253
176 75 245 247
177 79 259 261
178 67 217 219
179 61 198 197
180 58 183 186
181 59 189 191
182 63 203 205
183 21 127 126
184 20 133 136
185 9 213 210
186 26 94 95
187 16 159 161
188 15 173 171
189 6 232 235
190 24 108 109
191 28 82 83
192 24 104 108
193 26 90 94
194 16 161 164
195 22 122 123
196 20 136 138
197 18 147 150
198 16 164 166
199 6 235 237
200 7 227 224
201 3 255 252
202 5 243 241
203 3 257 255
204 9 215 213
205 11 199 196
206 14 179 181
207 13 187 185
208 11 201 199
209 118 121 122
210 132 134 130
211 216 214 218
212 103 100 99
213 150 154 152
214 182 178 180
215 229 231 227
216 117 114 113
217 89 86 85
218 105 106 103
219 91 92 89
220 160 162 158
221 130 128 127
222 144 142 141
223 146 148 144
224 171 170 168
225 241 240 238
226 230 228 232
227 258 256 260
228 252 248 250
229 265 262 263
230 224 220 222
231 202 200 204
232 185 184 182
233 196 192 194
234 210 206 208
235 119 120 117
236 141 137 139
237 207 211 209
238 102 101 104
239 158 156 155
240 176 177 179
241 238 234 236
242 116 115 118
243 88 87 90
244 113 110 112
245 99 96 98
246 168 165 167
247 131 129 133
248 145 143 147
249 155 151 153
250 174 172 176
251 244 242 246
252 221 225 223
253 249 253 251
254 246 247 249
255 260 261 264
256 218 219 221
257 193 197 195
258 188 186 190
259 190 191 193
260 204 205 207
261 120 124 121
262 137 135 134
263 211 212 214
264 101 97 100
265 156 157 154
266 177 175 178
267 234 233 231
268 115 111 114
269 87 84 86
270 110 107 106
271 96 93 92
272 165 163 162
273 129 125 128
274 143 140 142
275 151 149 148
276 172 169 170
277 242 239 240
278 225 226 228
279 253 254 256
280 247 245 248
281 261 259 262
282 219 217 220
283 197 198 200
284 186 183 184
285 191 189 192
286 205 203 206
287 126 127 124
288 136 133 135
289 210 213 212
290 95 94 97
291 161 159 157
292 171 173 175
293 235 232 233
294 109 108 111
295 83 82 84
296 108 104 107
297 94 90 93
298 164 161 163
299 123 122 125
300 138 136 140
301 150 147 149
302 166 164 169
303 237 235 239
304 224 227 226
305 252 255 254
306 241 243 245
307 255 257 259
308 213 215 217
309 196 199 198
310 181 179 183
311 185 187 189
312 199 201 203
313 121 41 122
314 134 43 130
315 214 67 218
316 100 33 99
317 154 50 152
318 178 56 180
319 231 71 227
320 114 37 113
321 86 29 85
322 106 35 103
323 92 31 89
324 162 51 158
325 128 41 127
326 142 45 141
327 148 47 144
328 170 53 168
329 240 73 238
330 228 71 232
331 256 79 260
332 248 76 250
333 262 80 263
334 220 68 222
335 200 63 204
336 184 57 182
337 192 60 194
338 206 64 208
339 120 39 117
340 137 44 139
341 211 66 209
342 101 35 104
343 156 49 155
344 177 57 179
345 234 72 236
346 115 39 118
347 87 31 90
348 110 36 112
349 96 32 98
350 165 52 167
351 129 43 133
352 143 47 147
353 151 48 153
354 172 55 176
355 242 75 246
356 225 70 223
357 253 78 251
358 247 77 249
359 261 81 264
360 219 69 221
361 197 62 195
362 186 59 190
363 191 61 193
364 205 65 207
365 124 41 121
366 135 43 134
367 212 67 214
368 97 33 100
369 157 50 154
370 175 56 178
371 233 71 231
372 111 37 114
373 84 29 86
374 107 35 106
375 93 31 92
376 163 51 162
377 125 41 128
378 140 45 142
379 149 47 148
380 169 53 170
381 239 73 240
382 226 71 228
383 254 79 256
384 245 76 248
385 259 80 262
386 217 68 220
387 198 63 200
388 183 57 184
389 189 60 192
390 203 64 206
391 127 41 124
392 133 43 135
393 213 67 212
394 94 33 97
395 159 50 157
396 173 56 175
397 232 71 233
398 108 37 111
399 82 29 84
400 104 35 107
401 90 31 93
402 161 51 163
403 122 41 125
404 136 45 140
405 147 47 149
406 164 53 169
407 235 73 239
408 227 71 226
409 255 79 254
410 243 76 245
411 257 80 259
412 215 68 217
413 199 63 198
414 179 57 183
415 187 60 189
416 201 64 203
