1 40 803 809
2 71 611 622
3 38 826 822
4 18 965 985
5 107 358 352
6 104 361 364
7 89 493 483
8 92 435 443
9 91 470 475
10 97 420 425
11 40 812 810
12 68 606 596
13 16 983 1005
14 44 771 779
15 34 839 847
16 12 1039 1012
17 14 1022 1027
18 12 1010 1038
19 26 895 906
20 34 847 851
21 26 906 913
22 67 635 646
23 39 825 828
24 43 806 800
25 30 869 877
26 31 882 887
27 108 331 334
28 106 342 347
29 107 349 351
30 101 391 393
31 85 502 507
32 105 366 363
33 103 380 377
34 99 405 407
35 84 490 499
36 89 481 489
37 81 535 531
38 84 504 501
39 92 448 442
40 93 450 457
41 96 408 415
42 101 394 391
43 99 409 405
44 97 432 424
45 94 421 429
46 90 458 449
47 83 526 520
48 81 542 535
49 88 469 461
50 83 517 519
51 77 564 561
52 78 534 541
53 77 561 565
54 75 577 583
55 74 560 568
56 70 597 587
57 47 782 773
58 66 615 618
59 47 773 768
60 62 656 648
61 64 632 636
62 62 639 651
63 64 617 632
64 74 568 572
65 72 584 576
66 72 571 581
67 69 625 634
68 33 872 868
69 28 893 898
70 22 926 943
71 28 883 893
72 24 911 924
73 4 934 933
74 4 922 912
75 6 976 986
76 19 1011 1028
77 21 988 984
78 8 1021 1008
79 4 933 922
80 6 986 970
81 10 1030 1003
82 8 1024 1021
83 12 1040 1039
84 14 996 1022
85 12 1038 1040
86 22 943 948
87 24 924 927
88 18 985 989
89 16 1005 1013
90 29 901 908
91 36 835 838
92 44 784 781
93 38 824 826
94 50 725 704
95 45 793 786
96 54 697 680
97 56 686 669
98 60 670 671
99 58 659 678
100 62 651 656
101 59 709 728
102 52 708 691
103 56 666 683
104 50 723 725
105 52 706 708
106 54 694 697
107 56 683 686
108 49 758 769
109 42 798 796
110 72 581 584
111 37 846 842
112 20 969 956
113 105 363 365
114 105 372 366
115 87 492 498
116 94 433 428
117 92 443 448
118 98 404 406
119 39 830 825
120 67 638 635
121 18 989 974
122 46 766 759
123 36 838 833
124 9 1068 1071
125 15 1078 1059
126 14 1027 1004
127 28 898 889
128 35 867 859
129 27 947 928
130 68 605 606
131 40 809 812
132 41 811 813
133 32 866 860
134 32 862 866
135 110 329 328
136 108 337 335
137 108 334 337
138 102 375 378
139 86 480 482
140 104 355 361
141 102 369 375
142 100 389 392
143 86 482 477
144 90 456 458
145 80 523 530
146 83 520 517
147 91 472 470
148 94 429 433
149 98 406 403
150 100 383 389
151 98 397 404
152 95 434 439
153 96 419 414
154 89 483 481
155 81 531 533
156 79 546 551
157 87 495 492
158 84 499 504
159 76 547 555
160 80 532 529
161 78 541 545
162 76 555 559
163 76 559 554
164 69 626 625
165 45 783 787
166 67 650 638
167 46 744 760
168 61 695 689
169 65 664 649
170 64 636 628
171 66 618 609
172 75 594 582
173 71 616 611
174 74 572 567
175 70 592 597
176 32 853 862
177 29 921 905
178 24 927 917
179 30 881 876
180 26 913 902
181 6 970 961
182 1 907 919
183 8 1008 990
184 20 964 969
185 20 946 964
186 7 1069 1061
187 3 953 954
188 5 1016 1018
189 9 1066 1068
190 9 1081 1066
191 11 1085 1077
192 16 1013 991
193 13 1082 1070
194 23 987 968
195 25 966 949
196 19 1044 1017
197 17 1060 1045
198 30 877 881
199 37 855 846
200 43 800 797
201 39 837 830
202 47 768 765
203 43 797 799
204 53 742 740
205 55 731 727
206 59 734 709
207 60 671 657
208 63 687 668
209 60 667 670
210 51 752 750
211 58 678 662
212 49 774 758
213 53 757 742
214 55 749 731
215 57 739 719
216 50 720 723
217 246 802 805
218 188 593 608
219 255 836 829
220 292 973 978
221 120 359 356
222 121 370 367
223 159 488 486
224 140 436 440
225 148 453 464
226 135 411 418
227 251 823 816
228 195 624 610
229 297 994 1001
230 235 770 775
231 256 841 844
232 320 1053 1037
233 313 1062 1046
234 306 1031 1036
235 272 900 903
236 261 863 857
237 279 936 923
238 195 620 633
239 251 815 821
240 248 807 804
241 264 870 873
242 267 871 879
243 111 330 332
244 114 340 344
245 115 339 345
246 127 381 387
247 158 491 500
248 121 357 360
249 125 371 374
250 131 395 401
251 155 487 494
252 151 467 479
253 170 525 528
254 163 514 508
255 148 462 451
256 143 437 446
257 133 410 412
258 129 385 388
259 134 399 402
260 142 431 427
261 136 422 426
262 151 471 460
263 168 527 524
264 174 544 539
265 154 485 473
266 163 506 513
267 177 552 556
268 169 536 538
269 175 549 557
270 179 563 573
271 176 562 566
272 191 614 599
273 241 780 777
274 196 640 629
275 236 753 761
276 209 677 660
277 200 653 644
278 199 642 647
279 192 623 627
280 181 585 579
281 188 601 588
282 180 575 578
283 191 607 621
284 265 858 864
285 274 914 904
286 281 935 939
287 268 884 888
288 277 916 920
289 289 958 945
290 280 909 910
291 298 998 992
292 299 980 1002
293 296 960 971
294 314 1052 1034
295 287 942 931
296 304 997 982
297 318 1050 1029
298 316 1065 1047
299 321 1076 1057
300 301 1015 1019
301 319 1073 1056
302 291 972 962
303 284 952 941
304 303 1023 1007
305 311 1049 1032
306 271 885 896
307 257 849 843
308 243 794 788
309 254 834 831
310 231 751 730
311 244 792 790
312 222 722 700
313 219 707 688
314 213 711 690
315 205 673 674
316 206 675 665
317 213 684 705
318 225 735 712
319 207 679 681
320 230 762 747
321 224 745 729
322 221 733 715
323 218 721 702
324 230 741 756
325 247 811 808
326 186 598 603
327 257 835 832
328 299 1011 993
329 119 350 353
330 124 379 373
331 154 469 478
332 143 450 444
333 145 454 459
334 134 409 413
335 254 824 819
336 196 615 612
337 308 1041 1020
338 239 783 778
339 259 856 850
340 318 1030 1033
341 324 1080 1064
342 317 1067 1051
343 278 925 915
344 266 874 865
345 290 957 940
346 193 626 631
347 249 814 818
348 247 798 801
349 267 882 878
350 265 872 875
351 112 336 333
352 115 349 346
353 113 338 341
354 125 380 384
355 157 495 496
356 118 348 354
357 122 362 368
358 129 394 398
359 158 502 497
360 149 472 474
361 166 516 522
362 165 515 511
363 149 456 452
364 141 438 441
365 135 420 417
366 126 376 382
367 130 390 396
368 139 419 423
369 139 434 430
370 153 466 463
371 167 518 521
372 171 532 537
373 157 480 476
374 160 505 510
375 172 540 548
376 171 546 543
377 173 550 553
378 177 564 569
379 179 577 570
380 193 605 602
381 239 766 772
382 204 655 643
383 227 726 746
384 211 667 663
385 208 672 658
386 202 661 654
387 197 645 637
388 189 604 589
389 190 592 591
390 184 595 586
391 190 616 619
392 260 845 854
393 283 937 918
394 288 963 950
395 271 901 894
396 282 944 932
397 294 967 955
398 273 890 899
399 309 1025 1009
400 296 988 995
401 285 938 951
402 322 1048 1042
403 286 929 930
404 302 979 981
405 316 1024 1026
406 325 1079 1063
407 327 1083 1074
408 312 1058 1043
409 326 1084 1075
410 300 999 977
411 295 975 959
412 315 1055 1035
413 323 1072 1054
414 269 886 891
415 262 861 852
416 245 795 791
417 258 848 840
418 233 737 732
419 243 784 785
420 224 706 703
421 221 694 692
422 226 736 713
423 214 714 693
424 215 701 682
425 211 695 699
426 228 720 716
427 217 717 698
428 238 776 764
429 234 763 748
430 232 754 738
431 229 743 724
432 228 752 755
433 246 805 803
434 188 608 611
435 255 829 826
436 292 978 965
437 120 356 358
438 121 367 361
439 159 486 493
440 140 440 435
441 148 464 470
442 135 418 420
443 251 816 812
444 195 610 606
445 297 1001 983
446 235 775 771
447 256 844 839
448 320 1037 1039
449 313 1046 1022
450 306 1036 1010
451 272 903 895
452 261 857 847
453 279 923 906
454 195 633 635
455 251 821 825
456 248 804 806
457 264 873 869
458 267 879 882
459 111 332 331
460 114 344 342
461 115 345 349
462 127 387 391
463 158 500 502
464 121 360 366
465 125 374 380
466 131 401 405
467 155 494 490
468 151 479 481
469 170 528 535
470 163 508 504
471 148 451 448
472 143 446 450
473 133 412 408
474 129 388 394
475 134 402 409
476 142 427 432
477 136 426 421
478 151 460 458
479 168 524 526
480 174 539 542
481 154 473 469
482 163 513 517
483 177 556 564
484 169 538 534
485 175 557 561
486 179 573 577
487 176 566 560
488 191 599 597
489 241 777 782
490 196 629 615
491 236 761 773
492 209 660 656
493 200 644 632
494 199 647 639
495 192 627 617
496 181 579 568
497 188 588 584
498 180 578 571
499 191 621 625
500 265 864 872
501 274 904 893
502 281 939 926
503 268 888 883
504 277 920 911
505 289 945 934
506 280 910 922
507 298 992 976
508 299 1002 1011
509 296 971 988
510 314 1034 1021
511 287 931 933
512 304 982 986
513 318 1029 1030
514 316 1047 1024
515 321 1057 1040
516 301 1019 996
517 319 1056 1038
518 291 962 943
519 284 941 924
520 303 1007 985
521 311 1032 1005
522 271 896 901
523 257 843 835
524 243 788 784
525 254 831 824
526 231 730 725
527 244 790 793
528 222 700 697
529 219 688 686
530 213 690 670
531 205 674 659
532 206 665 651
533 213 705 709
534 225 712 708
535 207 681 666
536 230 747 723
537 224 729 706
538 221 715 694
539 218 702 683
540 230 756 758
541 247 802 798
542 186 593 581
543 257 836 846
544 299 973 969
545 119 359 363
546 124 370 372
547 154 488 492
548 143 436 433
549 145 453 443
550 134 411 404
551 254 823 830
552 196 624 638
553 308 994 989
554 239 770 766
555 259 841 838
556 318 1053 1068
557 324 1062 1078
558 317 1031 1027
559 278 900 898
560 266 863 867
561 290 936 947
562 193 620 605
563 249 815 809
564 247 807 811
565 267 870 866
566 265 871 862
567 112 330 329
568 115 340 337
569 113 339 334
570 125 381 375
571 157 491 480
572 118 357 355
573 122 371 369
574 129 395 389
575 158 487 482
576 149 467 456
577 166 525 523
578 165 514 520
579 149 462 472
580 141 437 429
581 135 410 406
582 126 385 383
583 130 399 397
584 139 431 434
585 139 422 419
586 153 471 483
587 167 527 531
588 171 544 546
589 157 485 495
590 160 506 499
591 172 552 547
592 171 536 532
593 173 549 541
594 177 563 555
595 179 562 559
596 193 614 626
597 239 780 783
598 204 640 650
599 227 753 744
600 211 677 695
601 208 653 664
602 202 642 636
603 197 623 618
604 189 585 594
605 190 601 616
606 184 575 572
607 190 607 592
608 260 858 853
609 283 914 921
610 288 935 927
611 271 884 881
612 282 916 913
613 294 958 970
614 273 909 907
615 309 998 1008
616 296 980 964
617 285 960 946
618 322 1052 1069
619 286 942 953
620 302 997 1016
621 316 1050 1066
622 325 1065 1081
623 327 1076 1085
624 312 1015 1013
625 326 1073 1082
626 300 972 987
627 295 952 966
628 315 1023 1044
629 323 1049 1060
630 269 885 877
631 262 849 855
632 245 794 800
633 258 834 837
634 233 751 768
635 243 792 797
636 224 722 742
637 221 707 731
638 226 711 734
639 214 673 671
640 215 675 687
641 211 684 667
642 228 735 752
643 217 679 678
644 238 762 774
645 234 745 757
646 232 733 749
647 229 721 739
648 228 741 720
649 247 808 802
650 186 603 593
651 257 832 836
652 299 993 973
653 119 353 359
654 124 373 370
655 154 478 488
656 143 444 436
657 145 459 453
658 134 413 411
659 254 819 823
660 196 612 624
661 308 1020 994
662 239 778 770
663 259 850 841
664 318 1033 1053
665 324 1064 1062
666 317 1051 1031
667 278 915 900
668 266 865 863
669 290 940 936
670 193 631 620
671 249 818 815
672 247 801 807
673 267 878 870
674 265 875 871
675 112 333 330
676 115 346 340
677 113 341 339
678 125 384 381
679 157 496 491
680 118 354 357
681 122 368 371
682 129 398 395
683 158 497 487
684 149 474 467
685 166 522 525
686 165 511 514
687 149 452 462
688 141 441 437
689 135 417 410
690 126 382 385
691 130 396 399
692 139 423 431
693 139 430 422
694 153 463 471
695 167 521 527
696 171 537 544
697 157 476 485
698 160 510 506
699 172 548 552
700 171 543 536
701 173 553 549
702 177 569 563
703 179 570 562
704 193 602 614
705 239 772 780
706 204 643 640
707 227 746 753
708 211 663 677
709 208 658 653
710 202 654 642
711 197 637 623
712 189 589 585
713 190 591 601
714 184 586 575
715 190 619 607
716 260 854 858
717 283 918 914
718 288 950 935
719 271 894 884
720 282 932 916
721 294 955 958
722 273 899 909
723 309 1009 998
724 296 995 980
725 285 951 960
726 322 1042 1052
727 286 930 942
728 302 981 997
729 316 1026 1050
730 325 1063 1065
731 327 1074 1076
732 312 1043 1015
733 326 1075 1073
734 300 977 972
735 295 959 952
736 315 1035 1023
737 323 1054 1049
738 269 891 885
739 262 852 849
740 245 791 794
741 258 840 834
742 233 732 751
743 243 785 792
744 224 703 722
745 221 692 707
746 226 713 711
747 214 693 673
748 215 682 675
749 211 699 684
750 228 716 735
751 217 698 679
752 238 764 762
753 234 748 745
754 232 738 733
755 229 724 721
756 228 755 741
757 41 814 811
758 73 613 598
759 36 827 835
760 19 1017 1011
761 106 347 350
762 103 377 379
763 88 466 469
764 93 454 450
765 93 465 454
766 99 416 409
767 38 817 824
768 66 600 615
769 17 1045 1041
770 45 786 783
771 35 859 856
772 10 1006 1030
773 13 1067 1080
774 13 1070 1067
775 27 928 925
776 33 868 874
777 25 944 957
778 69 641 626
779 41 820 814
780 42 795 798
781 31 886 882
782 33 880 872
783 109 338 336
784 107 352 349
785 109 343 338
786 103 386 380
787 87 503 495
788 106 350 348
789 104 364 362
790 101 400 394
791 85 505 502
792 91 484 472
793 82 518 516
794 82 509 515
795 90 445 456
796 95 447 438
797 97 424 420
798 102 378 376
799 100 392 390
800 96 415 419
801 95 438 434
802 88 455 466
803 82 515 518
804 80 530 532
805 86 468 480
806 85 512 505
807 78 545 540
808 79 550 546
809 79 558 550
810 77 574 564
811 75 582 577
812 68 590 605
813 46 760 766
814 65 645 655
815 48 737 726
816 60 652 667
817 63 661 672
818 63 668 661
819 65 649 645
820 73 595 604
821 70 580 592
822 73 598 595
823 71 630 616
824 34 851 845
825 27 925 937
826 23 968 963
827 29 905 901
828 25 949 944
829 3 954 967
830 2 892 890
831 5 1018 1025
832 21 1014 988
833 22 948 938
834 5 1025 1048
835 1 919 929
836 3 967 979
837 8 1000 1024
838 7 1061 1079
839 9 1071 1083
840 15 1059 1058
841 11 1077 1084
842 21 984 999
843 23 963 975
844 17 1041 1055
845 15 1058 1072
846 31 897 886
847 35 856 861
848 42 789 795
849 37 842 848
850 48 710 737
851 44 779 784
852 52 685 706
853 54 676 694
854 57 714 736
855 57 717 714
856 61 689 701
857 61 718 695
858 50 696 720
859 57 719 717
860 47 765 776
861 51 750 763
862 53 740 754
863 55 727 743
864 51 767 752
865 803 805 809
866 611 608 622
867 826 829 822
868 965 978 985
869 358 356 352
870 361 367 364
871 493 486 483
872 435 440 443
873 470 464 475
874 420 418 425
875 812 816 810
876 606 610 596
877 983 1001 1005
878 771 775 779
879 839 844 847
880 1039 1037 1012
881 1022 1046 1027
882 1010 1036 1038
883 895 903 906
884 847 857 851
885 906 923 913
886 635 633 646
887 825 821 828
888 806 804 800
889 869 873 877
890 882 879 887
891 331 332 334
892 342 344 347
893 349 345 351
894 391 387 393
895 502 500 507
896 366 360 363
897 380 374 377
898 405 401 407
899 490 494 499
900 481 479 489
901 535 528 531
902 504 508 501
903 448 451 442
904 450 446 457
905 408 412 415
906 394 388 391
907 409 402 405
908 432 427 424
909 421 426 429
910 458 460 449
911 526 524 520
912 542 539 535
913 469 473 461
914 517 513 519
915 564 556 561
916 534 538 541
917 561 557 565
918 577 573 583
919 560 566 568
920 597 599 587
921 782 777 773
922 615 629 618
923 773 761 768
924 656 660 648
925 632 644 636
926 639 647 651
927 617 627 632
928 568 579 572
929 584 588 576
930 571 578 581
931 625 621 634
932 872 864 868
933 893 904 898
934 926 939 943
935 883 888 893
936 911 920 924
937 934 945 933
938 922 910 912
939 976 992 986
940 1011 1002 1028
941 988 971 984
942 1021 1034 1008
943 933 931 922
944 986 982 970
945 1030 1029 1003
946 1024 1047 1021
947 1040 1057 1039
948 996 1019 1022
949 1038 1056 1040
950 943 962 948
951 924 941 927
952 985 1007 989
953 1005 1032 1013
954 901 896 908
955 835 843 838
956 784 788 781
957 824 831 826
958 725 730 704
959 793 790 786
960 697 700 680
961 686 688 669
962 670 690 671
963 659 674 678
964 651 665 656
965 709 705 728
966 708 712 691
967 666 681 683
968 723 747 725
969 706 729 708
970 694 715 697
971 683 702 686
972 758 756 769
973 798 802 796
974 581 593 584
975 846 836 842
976 969 973 956
977 363 359 365
978 372 370 366
979 492 488 498
980 433 436 428
981 443 453 448
982 404 411 406
983 830 823 825
984 638 624 635
985 989 994 974
986 766 770 759
987 838 841 833
988 1068 1053 1071
989 1078 1062 1059
990 1027 1031 1004
991 898 900 889
992 867 863 859
993 947 936 928
994 605 620 606
995 809 815 812
996 811 807 813
997 866 870 860
998 862 871 866
999 329 330 328
1000 337 340 335
1001 334 339 337
1002 375 381 378
1003 480 491 482
1004 355 357 361
1005 369 371 375
1006 389 395 392
1007 482 487 477
1008 456 467 458
1009 523 525 530
1010 520 514 517
1011 472 462 470
1012 429 437 433
1013 406 410 403
1014 383 385 389
1015 397 399 404
1016 434 431 439
1017 419 422 414
1018 483 471 481
1019 531 527 533
1020 546 544 551
1021 495 485 492
1022 499 506 504
1023 547 552 555
1024 532 536 529
1025 541 549 545
1026 555 563 559
1027 559 562 554
1028 626 614 625
1029 783 780 787
1030 650 640 638
1031 744 753 760
1032 695 677 689
1033 664 653 649
1034 636 642 628
1035 618 623 609
1036 594 585 582
1037 616 601 611
1038 572 575 567
1039 592 607 597
1040 853 858 862
1041 921 914 905
1042 927 935 917
1043 881 884 876
1044 913 916 902
1045 970 958 961
1046 907 909 919
1047 1008 998 990
1048 964 980 969
1049 946 960 964
1050 1069 1052 1061
1051 953 942 954
1052 1016 997 1018
1053 1066 1050 1068
1054 1081 1065 1066
1055 1085 1076 1077
1056 1013 1015 991
1057 1082 1073 1070
1058 987 972 968
1059 966 952 949
1060 1044 1023 1017
1061 1060 1049 1045
1062 877 885 881
1063 855 849 846
1064 800 794 797
1065 837 834 830
1066 768 751 765
1067 797 792 799
1068 742 722 740
1069 731 707 727
1070 734 711 709
1071 671 673 657
1072 687 675 668
1073 667 684 670
1074 752 735 750
1075 678 679 662
1076 774 762 758
1077 757 745 742
1078 749 733 731
1079 739 721 719
1080 720 741 723
1081 802 808 805
1082 593 603 608
1083 836 832 829
1084 973 993 978
1085 359 353 356
1086 370 373 367
1087 488 478 486
1088 436 444 440
1089 453 459 464
1090 411 413 418
1091 823 819 816
1092 624 612 610
1093 994 1020 1001
1094 770 778 775
1095 841 850 844
1096 1053 1033 1037
1097 1062 1064 1046
1098 1031 1051 1036
1099 900 915 903
1100 863 865 857
1101 936 940 923
1102 620 631 633
1103 815 818 821
1104 807 801 804
1105 870 878 873
1106 871 875 879
1107 330 333 332
1108 340 346 344
1109 339 341 345
1110 381 384 387
1111 491 496 500
1112 357 354 360
1113 371 368 374
1114 395 398 401
1115 487 497 494
1116 467 474 479
1117 525 522 528
1118 514 511 508
1119 462 452 451
1120 437 441 446
1121 410 417 412
1122 385 382 388
1123 399 396 402
1124 431 423 427
1125 422 430 426
1126 471 463 460
1127 527 521 524
1128 544 537 539
1129 485 476 473
1130 506 510 513
1131 552 548 556
1132 536 543 538
1133 549 553 557
1134 563 569 573
1135 562 570 566
1136 614 602 599
1137 780 772 777
1138 640 643 629
1139 753 746 761
1140 677 663 660
1141 653 658 644
1142 642 654 647
1143 623 637 627
1144 585 589 579
1145 601 591 588
1146 575 586 578
1147 607 619 621
1148 858 854 864
1149 914 918 904
1150 935 950 939
1151 884 894 888
1152 916 932 920
1153 958 955 945
1154 909 899 910
1155 998 1009 992
1156 980 995 1002
1157 960 951 971
1158 1052 1042 1034
1159 942 930 931
1160 997 981 982
1161 1050 1026 1029
1162 1065 1063 1047
1163 1076 1074 1057
1164 1015 1043 1019
1165 1073 1075 1056
1166 972 977 962
1167 952 959 941
1168 1023 1035 1007
1169 1049 1054 1032
1170 885 891 896
1171 849 852 843
1172 794 791 788
1173 834 840 831
1174 751 732 730
1175 792 785 790
1176 722 703 700
1177 707 692 688
1178 711 713 690
1179 673 693 674
1180 675 682 665
1181 684 699 705
1182 735 716 712
1183 679 698 681
1184 762 764 747
1185 745 748 729
1186 733 738 715
1187 721 724 702
1188 741 755 756
1189 811 814 808
1190 598 613 603
1191 835 827 832
1192 1011 1017 993
1193 350 347 353
1194 379 377 373
1195 469 466 478
1196 450 454 444
1197 454 465 459
1198 409 416 413
1199 824 817 819
1200 615 600 612
1201 1041 1045 1020
1202 783 786 778
1203 856 859 850
1204 1030 1006 1033
1205 1080 1067 1064
1206 1067 1070 1051
1207 925 928 915
1208 874 868 865
1209 957 944 940
1210 626 641 631
1211 814 820 818
1212 798 795 801
1213 882 886 878
1214 872 880 875
1215 336 338 333
1216 349 352 346
1217 338 343 341
1218 380 386 384
1219 495 503 496
1220 348 350 354
1221 362 364 368
1222 394 400 398
1223 502 505 497
1224 472 484 474
1225 516 518 522
1226 515 509 511
1227 456 445 452
1228 438 447 441
1229 420 424 417
1230 376 378 382
1231 390 392 396
1232 419 415 423
1233 434 438 430
1234 466 455 463
1235 518 515 521
1236 532 530 537
1237 480 468 476
1238 505 512 510
1239 540 545 548
1240 546 550 543
1241 550 558 553
1242 564 574 569
1243 577 582 570
1244 605 590 602
1245 766 760 772
1246 655 645 643
1247 726 737 746
1248 667 652 663
1249 672 661 658
1250 661 668 654
1251 645 649 637
1252 604 595 589
1253 592 580 591
1254 595 598 586
1255 616 630 619
1256 845 851 854
1257 937 925 918
1258 963 968 950
1259 901 905 894
1260 944 949 932
1261 967 954 955
1262 890 892 899
1263 1025 1018 1009
1264 988 1014 995
1265 938 948 951
1266 1048 1025 1042
1267 929 919 930
1268 979 967 981
1269 1024 1000 1026
1270 1079 1061 1063
1271 1083 1071 1074
1272 1058 1059 1043
1273 1084 1077 1075
1274 999 984 977
1275 975 963 959
1276 1055 1041 1035
1277 1072 1058 1054
1278 886 897 891
1279 861 856 852
1280 795 789 791
1281 848 842 840
1282 737 710 732
1283 784 779 785
1284 706 685 703
1285 694 676 692
1286 736 714 713
1287 714 717 693
1288 701 689 682
1289 695 718 699
1290 720 696 716
1291 717 719 698
1292 776 765 764
1293 763 750 748
1294 754 740 738
1295 743 727 724
1296 752 767 755
1297 805 249 809
1298 608 194 622
1299 829 252 822
1300 978 303 985
1301 356 117 352
1302 367 123 364
1303 486 153 483
1304 440 145 443
1305 464 152 475
1306 418 138 425
1307 816 250 810
1308 610 187 596
1309 1001 311 1005
1310 775 240 779
1311 844 261 847
1312 1037 307 1012
1313 1046 317 1027
1314 1036 319 1038
1315 903 279 906
1316 857 263 851
1317 923 282 913
1318 633 201 646
1319 821 253 828
1320 804 245 800
1321 873 269 877
1322 879 270 887
1323 332 113 334
1324 344 117 347
1325 345 116 351
1326 387 128 393
1327 500 162 507
1328 360 119 363
1329 374 123 377
1330 401 132 407
1331 494 160 499
1332 479 156 489
1333 528 167 531
1334 508 161 501
1335 451 144 442
1336 446 146 457
1337 412 137 415
1338 388 127 391
1339 402 131 405
1340 427 137 424
1341 426 141 429
1342 460 147 449
1343 524 165 520
1344 539 170 535
1345 473 150 461
1346 513 164 519
1347 556 175 561
1348 538 173 541
1349 557 178 565
1350 573 182 583
1351 566 181 568
1352 599 185 587
1353 777 236 773
1354 629 197 618
1355 761 233 768
1356 660 203 648
1357 644 202 636
1358 647 206 651
1359 627 200 632
1360 579 184 572
1361 588 183 576
1362 578 186 581
1363 621 198 634
1364 864 263 868
1365 904 278 898
1366 939 291 943
1367 888 274 893
1368 920 284 924
1369 945 287 933
1370 910 275 912
1371 992 304 986
1372 1002 310 1028
1373 971 293 984
1374 1034 309 1008
1375 931 280 922
1376 982 294 970
1377 1029 305 1003
1378 1047 314 1021
1379 1057 320 1039
1380 1019 313 1022
1381 1056 321 1040
1382 962 293 948
1383 941 288 927
1384 1007 308 989
1385 1032 312 1013
1386 896 276 908
1387 843 259 838
1388 788 242 781
1389 831 255 826
1390 730 220 704
1391 790 240 786
1392 700 212 680
1393 688 210 669
1394 690 214 671
1395 674 217 678
1396 665 209 656
1397 705 223 728
1398 712 216 691
1399 681 218 683
1400 747 231 725
1401 729 225 708
1402 715 222 697
1403 702 219 686
1404 756 237 769
1405 802 246 796
1406 593 188 584
1407 836 255 842
1408 973 292 956
1409 359 120 365
1410 370 121 366
1411 488 159 498
1412 436 140 428
1413 453 148 448
1414 411 135 406
1415 823 251 825
1416 624 195 635
1417 994 297 974
1418 770 235 759
1419 841 256 833
1420 1053 320 1071
1421 1062 313 1059
1422 1031 306 1004
1423 900 272 889
1424 863 261 859
1425 936 279 928
1426 620 195 606
1427 815 251 812
1428 807 248 813
1429 870 264 860
1430 871 267 866
1431 330 111 328
1432 340 114 335
1433 339 115 337
1434 381 127 378
1435 491 158 482
1436 357 121 361
1437 371 125 375
1438 395 131 392
1439 487 155 477
1440 467 151 458
1441 525 170 530
1442 514 163 517
1443 462 148 470
1444 437 143 433
1445 410 133 403
1446 385 129 389
1447 399 134 404
1448 431 142 439
1449 422 136 414
1450 471 151 481
1451 527 168 533
1452 544 174 551
1453 485 154 492
1454 506 163 504
1455 552 177 555
1456 536 169 529
1457 549 175 545
1458 563 179 559
1459 562 176 554
1460 614 191 625
1461 780 241 787
1462 640 196 638
1463 753 236 760
1464 677 209 689
1465 653 200 649
1466 642 199 628
1467 623 192 609
1468 585 181 582
1469 601 188 611
1470 575 180 567
1471 607 191 597
1472 858 265 862
1473 914 274 905
1474 935 281 917
1475 884 268 876
1476 916 277 902
1477 958 289 961
1478 909 280 919
1479 998 298 990
1480 980 299 969
1481 960 296 964
1482 1052 314 1061
1483 942 287 954
1484 997 304 1018
1485 1050 318 1068
1486 1065 316 1066
1487 1076 321 1077
1488 1015 301 991
1489 1073 319 1070
1490 972 291 968
1491 952 284 949
1492 1023 303 1017
1493 1049 311 1045
1494 885 271 881
1495 849 257 846
1496 794 243 797
1497 834 254 830
1498 751 231 765
1499 792 244 799
1500 722 222 740
1501 707 219 727
1502 711 213 709
1503 673 205 657
1504 675 206 668
1505 684 213 670
1506 735 225 750
1507 679 207 662
1508 762 230 758
1509 745 224 742
1510 733 221 731
1511 721 218 719
1512 741 230 723
1513 808 249 805
1514 603 194 608
1515 832 252 829
1516 993 303 978
1517 353 117 356
1518 373 123 367
1519 478 153 486
1520 444 145 440
1521 459 152 464
1522 413 138 418
1523 819 250 816
1524 612 187 610
1525 1020 311 1001
1526 778 240 775
1527 850 261 844
1528 1033 307 1037
1529 1064 317 1046
1530 1051 319 1036
1531 915 279 903
1532 865 263 857
1533 940 282 923
1534 631 201 633
1535 818 253 821
1536 801 245 804
1537 878 269 873
1538 875 270 879
1539 333 113 332
1540 346 117 344
1541 341 116 345
1542 384 128 387
1543 496 162 500
1544 354 119 360
1545 368 123 374
1546 398 132 401
1547 497 160 494
1548 474 156 479
1549 522 167 528
1550 511 161 508
1551 452 144 451
1552 441 146 446
1553 417 137 412
1554 382 127 388
1555 396 131 402
1556 423 137 427
1557 430 141 426
1558 463 147 460
1559 521 165 524
1560 537 170 539
1561 476 150 473
1562 510 164 513
1563 548 175 556
1564 543 173 538
1565 553 178 557
1566 569 182 573
1567 570 181 566
1568 602 185 599
1569 772 236 777
1570 643 197 629
1571 746 233 761
1572 663 203 660
1573 658 202 644
1574 654 206 647
1575 637 200 627
1576 589 184 579
1577 591 183 588
1578 586 186 578
1579 619 198 621
1580 854 263 864
1581 918 278 904
1582 950 291 939
1583 894 274 888
1584 932 284 920
1585 955 287 945
1586 899 275 910
1587 1009 304 992
1588 995 310 1002
1589 951 293 971
1590 1042 309 1034
1591 930 280 931
1592 981 294 982
1593 1026 305 1029
1594 1063 314 1047
1595 1074 320 1057
1596 1043 313 1019
1597 1075 321 1056
1598 977 293 962
1599 959 288 941
1600 1035 308 1007
1601 1054 312 1032
1602 891 276 896
1603 852 259 843
1604 791 242 788
1605 840 255 831
1606 732 220 730
1607 785 240 790
1608 703 212 700
1609 692 210 688
1610 713 214 690
1611 693 217 674
1612 682 209 665
1613 699 223 705
1614 716 216 712
1615 698 218 681
1616 764 231 747
1617 748 225 729
1618 738 222 715
1619 724 219 702
1620 755 237 756
1621 814 249 808
1622 613 194 603
1623 827 252 832
1624 1017 303 993
1625 347 117 353
1626 377 123 373
1627 466 153 478
1628 454 145 444
1629 465 152 459
1630 416 138 413
1631 817 250 819
1632 600 187 612
1633 1045 311 1020
1634 786 240 778
1635 859 261 850
1636 1006 307 1033
1637 1067 317 1064
1638 1070 319 1051
1639 928 279 915
1640 868 263 865
1641 944 282 940
1642 641 201 631
1643 820 253 818
1644 795 245 801
1645 886 269 878
1646 880 270 875
1647 338 113 333
1648 352 117 346
1649 343 116 341
1650 386 128 384
1651 503 162 496
1652 350 119 354
1653 364 123 368
1654 400 132 398
1655 505 160 497
1656 484 156 474
1657 518 167 522
1658 509 161 511
1659 445 144 452
1660 447 146 441
1661 424 137 417
1662 378 127 382
1663 392 131 396
1664 415 137 423
1665 438 141 430
1666 455 147 463
1667 515 165 521
1668 530 170 537
1669 468 150 476
1670 512 164 510
1671 545 175 548
1672 550 173 543
1673 558 178 553
1674 574 182 569
1675 582 181 570
1676 590 185 602
1677 760 236 772
1678 645 197 643
1679 737 233 746
1680 652 203 663
1681 661 202 658
1682 668 206 654
1683 649 200 637
1684 595 184 589
1685 580 183 591
1686 598 186 586
1687 630 198 619
1688 851 263 854
1689 925 278 918
1690 968 291 950
1691 905 274 894
1692 949 284 932
1693 954 287 955
1694 892 275 899
1695 1018 304 1009
1696 1014 310 995
1697 948 293 951
1698 1025 309 1042
1699 919 280 930
1700 967 294 981
1701 1000 305 1026
1702 1061 314 1063
1703 1071 320 1074
1704 1059 313 1043
1705 1077 321 1075
1706 984 293 977
1707 963 288 959
1708 1041 308 1035
1709 1058 312 1054
1710 897 276 891
1711 856 259 852
1712 789 242 791
1713 842 255 840
1714 710 220 732
1715 779 240 785
1716 685 212 703
1717 676 210 692
1718 714 214 713
1719 717 217 693
1720 689 209 682
1721 718 223 699
1722 696 216 716
1723 719 218 698
1724 765 231 764
1725 750 225 748
1726 740 222 738
1727 727 219 724
1728 767 237 755
