1.000000 186.702286 -14.593586 -1.000000
2.000000 186.377085 -14.894150 -50000.000000
3.000000 187.021487 -14.885031 -1.000000
4.000000 186.726535 -15.173284 -50000.000000
5.000000 187.367651 -15.201093 -1.000000
6.000000 187.055521 -15.436071 -50000.000000
7.000000 187.628381 -15.632349 -1.000000
8.000000 187.201724 -15.759836 -50000.000000
9.000000 187.672994 -16.115664 -1.000000
10.000000 187.231320 -16.153284 -50000.000000
11.000000 187.715833 -16.579744 -1.000000
12.000000 187.263344 -16.579012 -50000.000000
13.000000 187.671485 -17.050437 -1.000000
14.000000 187.216107 -16.997404 -50000.000000
15.000000 187.599803 -17.498447 -1.000000
16.000000 187.151632 -17.417608 -50000.000000
17.000000 187.494291 -17.936068 -1.000000
18.000000 187.051844 -17.826486 -50000.000000
19.000000 187.365418 -18.361347 -1.000000
20.000000 186.924765 -18.241082 -50000.000000
21.000000 187.238713 -18.779475 -1.000000
22.000000 186.796419 -18.659808 -50000.000000
23.000000 187.113927 -19.194517 -1.000000
24.000000 186.666902 -19.074588 -50000.000000
25.000000 186.989136 -19.612936 -1.000000
26.000000 186.536009 -19.485967 -50000.000000
27.000000 186.862673 -20.036959 -1.000000
28.000000 186.409034 -19.885031 -50000.000000
29.000000 186.672170 -20.441837 -1.000000
30.000000 186.240576 -20.266612 -50000.000000
31.000000 186.470017 -20.838368 -1.000000
32.000000 186.053275 -20.666061 -50000.000000
33.000000 186.288806 -21.234328 -1.000000
34.000000 185.866998 -21.088166 -50000.000000
35.000000 186.147588 -21.657982 -1.000000
36.000000 185.711729 -21.523358 -50000.000000
37.000000 185.999156 -22.103275 -1.000000
38.000000 185.564113 -21.937098 -50000.000000
39.000000 185.760393 -22.527925 -1.000000
40.000000 185.350842 -22.326550 -50000.000000
41.000000 185.521233 -22.917415 -1.000000
42.000000 185.125734 -22.726934 -50000.000000
43.000000 185.282353 -23.306865 -1.000000
44.000000 184.898281 -23.133460 -50000.000000
45.000000 185.094334 -23.702694 -1.000000
46.000000 184.690694 -23.541792 -50000.000000
47.000000 184.914875 -24.080502 -1.000000
48.000000 184.474763 -23.966535 -50000.000000
49.000000 184.850560 -24.492434 -1.000000
50.000000 184.397812 -24.434918 -50000.000000
51.000000 184.786584 -24.931128 -1.000000
52.000000 184.335371 -24.874161 -50000.000000
53.000000 184.716330 -25.366188 -1.000000
54.000000 184.274382 -25.308883 -50000.000000
55.000000 184.644520 -25.797046 -1.000000
56.000000 184.213041 -25.748495 -50000.000000
57.000000 184.586835 -26.238469 -1.000000
58.000000 184.157247 -26.198599 -50000.000000
59.000000 184.564967 -26.686759 -1.000000
60.000000 184.118643 -26.631515 -50000.000000
61.000000 184.453940 -27.148754 -1.000000
62.000000 184.012945 -27.033824 -50000.000000
63.000000 184.276728 -27.568466 -1.000000
64.000000 183.835486 -27.440112 -50000.000000
65.000000 184.143595 -27.973524 -1.000000
66.000000 183.689027 -27.879462 -50000.000000
67.000000 184.056473 -28.397519 -1.000000
68.000000 183.601419 -28.325187 -50000.000000
69.000000 183.966648 -28.834667 -1.000000
70.000000 183.516599 -28.756729 -50000.000000
71.000000 183.870699 -29.277014 -1.000000
72.000000 183.423053 -29.181882 -50000.000000
73.000000 183.725346 -29.713073 -1.000000
74.000000 183.275818 -29.595664 -50000.000000
75.000000 183.573137 -30.153082 -1.000000
76.000000 183.117739 -30.004961 -50000.000000
77.000000 183.356569 -30.564561 -1.000000
78.000000 182.918012 -30.399337 -50000.000000
79.000000 183.143293 -30.969787 -1.000000
80.000000 182.714128 -30.801922 -50000.000000
81.000000 182.920103 -31.373350 -1.000000
82.000000 182.498856 -31.197858 -50000.000000
83.000000 182.677760 -31.769178 -1.000000
84.000000 182.258104 -31.584780 -50000.000000
85.000000 182.450130 -32.140973 -1.000000
86.000000 182.014134 -31.998330 -50000.000000
87.000000 182.324165 -32.539670 -1.000000
88.000000 181.879950 -32.450720 -50000.000000
89.000000 182.217004 -32.968314 -1.000000
90.000000 181.772711 -32.882479 -50000.000000
91.000000 182.106601 -33.409926 -1.000000
92.000000 181.673862 -33.301286 -50000.000000
93.000000 181.908926 -33.837780 -1.000000
94.000000 181.475339 -33.695444 -50000.000000
95.000000 181.702600 -34.250431 -1.000000
96.000000 181.264016 -34.096957 -50000.000000
97.000000 181.497117 -34.661399 -1.000000
98.000000 181.051271 -34.500299 -50000.000000
99.000000 181.266590 -35.067738 -1.000000
100.000000 180.831598 -34.909689 -50000.000000
101.000000 181.034129 -35.472885 -1.000000
102.000000 180.612924 -35.317219 -50000.000000
103.000000 180.801703 -35.877970 -1.000000
104.000000 180.392504 -35.718804 -50000.000000
105.000000 180.560594 -36.276619 -1.000000
106.000000 180.147635 -36.105698 -50000.000000
107.000000 180.316711 -36.678696 -1.000000
108.000000 179.904171 -36.490371 -50000.000000
109.000000 180.060308 -37.101416 -1.000000
110.000000 179.685834 -36.835343 -50000.000000
111.000000 179.795002 -36.662857 -50000.000000
112.000000 179.873071 -36.968379 -25000.500000
113.000000 179.982239 -36.795893 -25000.500000
114.000000 180.025903 -36.298034 -50000.000000
115.000000 180.110441 -36.584534 -25000.500000
116.000000 180.188510 -36.890056 -1.000000
117.000000 180.232173 -36.392197 -25000.500000
118.000000 180.270069 -35.912251 -50000.000000
119.000000 180.354114 -36.191159 -25000.500000
120.000000 180.438653 -36.477658 -1.000000
121.000000 180.476549 -35.997712 -25000.500000
122.000000 180.502714 -35.518011 -50000.000000
123.000000 180.597103 -35.798387 -25000.500000
124.000000 180.681148 -36.077295 -1.000000
125.000000 180.707313 -35.597595 -25000.500000
126.000000 180.722261 -35.113454 -50000.000000
127.000000 180.823526 -35.395052 -25000.500000
128.000000 180.917916 -35.675428 -1.000000
129.000000 180.932863 -35.191287 -25000.500000
130.000000 180.941434 -34.704994 -50000.000000
131.000000 181.049094 -34.988714 -25000.500000
132.000000 181.150360 -35.270311 -1.000000
133.000000 181.157644 -34.298628 -50000.000000
134.000000 181.158930 -34.784019 -25000.500000
135.000000 181.274194 -34.580849 -25000.500000
136.000000 181.369678 -33.896200 -50000.000000
137.000000 181.380567 -34.379178 -25000.500000
138.000000 181.381853 -34.864568 -1.000000
139.000000 181.483308 -34.173694 -25000.500000
140.000000 181.574601 -33.498365 -50000.000000
141.000000 181.588970 -33.972937 -25000.500000
142.000000 181.599858 -34.455915 -1.000000
143.000000 181.692133 -33.766612 -25000.500000
144.000000 181.723286 -33.091882 -50000.000000
145.000000 181.791394 -33.569533 -25000.500000
146.000000 181.805763 -34.044106 -1.000000
147.000000 181.826330 -32.666599 -50000.000000
148.000000 181.890231 -33.355606 -25000.500000
149.000000 181.939656 -33.146203 -25000.500000
150.000000 181.947042 -32.224525 -50000.000000
151.000000 181.994857 -32.925397 -25000.500000
152.000000 182.007763 -33.623853 -1.000000
153.000000 182.048477 -32.709517 -25000.500000
154.000000 182.102057 -32.495195 -25000.500000
155.000000 182.136119 -31.791555 -50000.000000
156.000000 182.161802 -33.189120 -1.000000
157.000000 182.169149 -32.269000 -25000.500000
158.000000 182.232132 -32.069651 -25000.500000
159.000000 182.270584 -32.753992 -1.000000
160.000000 182.354117 -31.862876 -25000.500000
161.000000 182.378480 -31.391319 -50000.000000
162.000000 182.387147 -32.340321 -1.000000
163.000000 182.467932 -31.676979 -25000.500000
164.000000 182.563945 -31.955075 -1.000000
165.000000 182.588308 -31.483518 -25000.500000
166.000000 182.606492 -30.999890 -50000.000000
167.000000 182.709479 -31.285604 -25000.500000
168.000000 182.798931 -31.571264 -1.000000
169.000000 182.816070 -30.600630 -50000.000000
170.000000 182.817115 -31.087636 -25000.500000
171.000000 182.928710 -30.885854 -25000.500000
172.000000 183.017875 -30.202149 -50000.000000
173.000000 183.030652 -30.684562 -25000.500000
174.000000 183.031698 -31.171568 -1.000000
175.000000 183.137291 -30.481949 -25000.500000
176.000000 183.196778 -29.800312 -50000.000000
177.000000 183.237154 -30.284761 -25000.500000
178.000000 183.249931 -30.767174 -1.000000
179.000000 183.345438 -30.079021 -25000.500000
180.000000 183.349436 -29.388773 -50000.000000
181.000000 183.424478 -29.874373 -25000.500000
182.000000 183.464853 -30.358822 -1.000000
183.000000 183.469826 -28.969305 -50000.000000
184.000000 183.500582 -29.654369 -25000.500000
185.000000 183.559009 -28.540958 -50000.000000
186.000000 183.574200 -29.447478 -25000.500000
187.000000 183.645223 -28.102325 -50000.000000
188.000000 183.646876 -29.229448 -25000.500000
189.000000 183.649242 -29.933078 -1.000000
190.000000 183.693649 -29.016871 -25000.500000
191.000000 183.741623 -28.795698 -25000.500000
192.000000 183.762257 -27.659787 -50000.000000
193.000000 183.784033 -28.579927 -25000.500000
194.000000 183.798022 -29.495044 -1.000000
195.000000 183.828946 -28.361353 -25000.500000
196.000000 183.872750 -28.138490 -25000.500000
197.000000 183.916311 -27.926493 -25000.500000
198.000000 183.918673 -29.055841 -1.000000
199.000000 183.924216 -27.236968 -50000.000000
200.000000 183.989540 -27.706818 -25000.500000
201.000000 184.011560 -28.616093 -1.000000
202.000000 184.056107 -27.504289 -25000.500000
203.000000 184.065794 -26.832670 -50000.000000
204.000000 184.100034 -28.185521 -1.000000
205.000000 184.137945 -26.415057 -50000.000000
206.000000 184.144837 -27.301145 -25000.500000
207.000000 184.185144 -25.973547 -50000.000000
208.000000 184.210162 -27.770995 -1.000000
209.000000 184.233443 -27.091289 -25000.500000
210.000000 184.243711 -25.528689 -50000.000000
211.000000 184.286292 -26.890134 -25000.500000
212.000000 184.304876 -25.091522 -50000.000000
213.000000 184.341805 -26.659137 -25000.500000
214.000000 184.352739 -26.434992 -25000.500000
215.000000 184.365334 -27.358610 -1.000000
216.000000 184.366591 -24.654540 -50000.000000
217.000000 184.372041 -26.218534 -25000.500000
218.000000 184.399938 -25.993482 -25000.500000
219.000000 184.428780 -25.772770 -25000.500000
220.000000 184.436287 -24.200727 -50000.000000
221.000000 184.459451 -25.552964 -25000.500000
222.000000 184.495356 -25.337536 -25000.500000
223.000000 184.509454 -26.917756 -1.000000
224.000000 184.525850 -25.120175 -25000.500000
225.000000 184.560977 -24.902645 -25000.500000
226.000000 184.575901 -26.462614 -1.000000
227.000000 184.582728 -23.754163 -50000.000000
228.000000 184.592198 -24.683023 -25000.500000
229.000000 184.615678 -26.017757 -1.000000
230.000000 184.624186 -24.463676 -25000.500000
231.000000 184.656344 -24.257710 -25000.500000
232.000000 184.680425 -25.581617 -1.000000
233.000000 184.694819 -24.023518 -25000.500000
234.000000 184.751457 -25.148658 -1.000000
235.000000 184.794487 -23.337626 -50000.000000
236.000000 184.802784 -23.811147 -25000.500000
237.000000 184.818572 -24.711781 -1.000000
238.000000 184.882718 -24.286468 -1.000000
239.000000 184.892514 -23.622243 -25000.500000
240.000000 184.996307 -23.418077 -25000.500000
241.000000 185.004605 -23.891598 -1.000000
242.000000 185.012007 -22.930197 -50000.000000
243.000000 185.090317 -23.220163 -25000.500000
244.000000 185.188343 -23.504780 -1.000000
245.000000 185.204043 -23.016899 -25000.500000
246.000000 185.238288 -22.526742 -50000.000000
247.000000 185.323483 -22.822174 -25000.500000
248.000000 185.401793 -23.112140 -1.000000
249.000000 185.436037 -22.621983 -25000.500000
250.000000 185.457477 -22.131824 -50000.000000
251.000000 185.555618 -22.427237 -25000.500000
252.000000 185.637921 -21.730228 -50000.000000
253.000000 185.640813 -22.722670 -1.000000
254.000000 185.662253 -22.232511 -25000.500000
255.000000 185.781635 -22.020187 -25000.500000
256.000000 185.789363 -21.305762 -50000.000000
257.000000 185.855442 -21.813317 -25000.500000
258.000000 185.879775 -22.315600 -1.000000
259.000000 185.929658 -21.590670 -25000.500000
260.000000 185.960136 -20.877114 -50000.000000
261.000000 186.007293 -21.373074 -25000.500000
262.000000 186.073372 -21.880629 -1.000000
263.000000 186.077902 -21.161247 -25000.500000
264.000000 186.146925 -20.466337 -50000.000000
265.000000 186.171040 -20.950195 -25000.500000
266.000000 186.218197 -21.446155 -1.000000
267.000000 186.261646 -20.752215 -25000.500000
268.000000 186.324805 -20.075822 -50000.000000
269.000000 186.355297 -20.552490 -25000.500000
270.000000 186.379411 -21.036348 -1.000000
271.000000 186.456373 -20.354224 -25000.500000
272.000000 186.472521 -19.685499 -50000.000000
273.000000 186.539685 -14.743868 -25000.500000
274.000000 186.540602 -20.163434 -25000.500000
275.000000 186.551810 -15.033717 -50000.000000
276.000000 186.571094 -20.640103 -1.000000
277.000000 186.601455 -19.280277 -50000.000000
278.000000 186.635853 -19.960995 -25000.500000
279.000000 186.699341 -19.761463 -25000.500000
280.000000 186.714410 -14.883435 -25000.500000
281.000000 186.731661 -18.867198 -50000.000000
282.000000 186.762572 -19.549451 -25000.500000
283.000000 186.767422 -20.239398 -1.000000
284.000000 186.828019 -19.343762 -25000.500000
285.000000 186.860592 -18.450445 -50000.000000
286.000000 186.861887 -14.739308 -1.000000
287.000000 186.874011 -15.029157 -25000.500000
288.000000 186.890415 -19.134552 -25000.500000
289.000000 186.891028 -15.304677 -50000.000000
290.000000 186.925904 -19.824947 -1.000000
291.000000 186.955173 -18.927163 -25000.500000
292.000000 186.988304 -18.033784 -50000.000000
293.000000 187.017566 -18.719642 -25000.500000
294.000000 187.038504 -15.160551 -25000.500000
295.000000 187.051532 -19.403726 -1.000000
296.000000 187.081739 -18.510279 -25000.500000
297.000000 187.101738 -17.622047 -50000.000000
298.000000 187.128622 -15.597953 -50000.000000
299.000000 187.145092 -18.301214 -25000.500000
300.000000 187.176320 -18.986996 -1.000000
301.000000 187.183869 -17.207506 -50000.000000
302.000000 187.194569 -15.043062 -1.000000
303.000000 187.208631 -18.093917 -25000.500000
304.000000 187.211586 -15.318582 -25000.500000
305.000000 187.216522 -15.956560 -50000.000000
306.000000 187.239725 -16.788208 -50000.000000
307.000000 187.247332 -16.366148 -50000.000000
308.000000 187.273067 -17.881277 -25000.500000
309.000000 187.284688 -15.480465 -25000.500000
310.000000 187.302066 -18.570411 -1.000000
311.000000 187.322961 -17.676838 -25000.500000
312.000000 187.375717 -17.458028 -25000.500000
313.000000 187.407955 -17.247925 -25000.500000
314.000000 187.415052 -15.696092 -25000.500000
315.000000 187.429855 -18.148707 -1.000000
316.000000 187.437359 -15.937750 -25000.500000
317.000000 187.443796 -17.023920 -25000.500000
318.000000 187.452157 -16.134474 -25000.500000
319.000000 187.467414 -16.814725 -25000.500000
320.000000 187.468169 -16.347338 -25000.500000
321.000000 187.489588 -16.579378 -25000.500000
322.000000 187.498016 -15.416721 -1.000000
323.000000 187.547047 -17.717257 -1.000000
324.000000 187.635644 -17.274442 -1.000000
325.000000 187.650688 -15.874007 -1.000000
326.000000 187.693659 -16.815091 -1.000000
327.000000 187.694413 -16.347704 -1.000000
328.000000 179.740418 -36.749100 -50000.000000
329.000000 179.779453 -36.901861 -37500.250000
330.000000 179.834037 -36.815618 -37500.250000
331.000000 179.849587 -36.576614 -50000.000000
332.000000 179.888621 -36.729375 -37500.250000
333.000000 179.927655 -36.882136 -25000.500000
334.000000 179.943205 -36.643132 -37500.250000
335.000000 179.965037 -36.394203 -50000.000000
336.000000 179.966689 -37.034898 -12500.750000
337.000000 180.007306 -36.537452 -37500.250000
338.000000 180.021273 -36.948655 -12500.750000
339.000000 180.046340 -36.690213 -25000.500000
340.000000 180.068172 -36.441284 -37500.250000
341.000000 180.085374 -36.842975 -12500.750000
342.000000 180.086769 -36.201866 -50000.000000
343.000000 180.124409 -36.995736 -1.000000
344.000000 180.129038 -36.345116 -37500.250000
345.000000 180.149475 -36.737295 -12500.750000
346.000000 180.171307 -36.488365 -25000.500000
347.000000 180.189904 -36.248947 -37500.250000
348.000000 180.208852 -36.008974 -50000.000000
349.000000 180.213576 -36.631615 -12500.750000
350.000000 180.250875 -36.148428 -37500.250000
351.000000 180.252610 -36.784376 -1.000000
352.000000 180.274442 -36.535446 -12500.750000
353.000000 180.293144 -36.291678 -25000.500000
354.000000 180.312092 -36.051705 -37500.250000
355.000000 180.331287 -35.815528 -50000.000000
356.000000 180.335413 -36.434927 -12500.750000
357.000000 180.373309 -35.954981 -37500.250000
358.000000 180.377682 -36.578177 -1.000000
359.000000 180.396384 -36.334408 -12500.750000
360.000000 180.415332 -36.094435 -25000.500000
361.000000 180.434527 -35.858258 -37500.250000
362.000000 180.447609 -35.618408 -50000.000000
363.000000 180.457354 -36.233889 -12500.750000
364.000000 180.494804 -35.758596 -37500.250000
365.000000 180.499623 -36.377139 -1.000000
366.000000 180.518571 -36.137166 -12500.750000
367.000000 180.536826 -35.898050 -25000.500000
368.000000 180.549909 -35.658199 -37500.250000
369.000000 180.557819 -35.417615 -50000.000000
370.000000 180.578849 -36.037503 -12500.750000
371.000000 180.605014 -35.557803 -37500.250000
372.000000 180.620871 -36.176957 -1.000000
373.000000 180.639126 -35.937841 -12500.750000
374.000000 180.652208 -35.697991 -25000.500000
375.000000 180.660118 -35.457407 -37500.250000
376.000000 180.667592 -35.215336 -50000.000000
377.000000 180.699403 -35.838179 -12500.750000
378.000000 180.718225 -35.356135 -37500.250000
379.000000 180.741426 -35.977633 -1.000000
380.000000 180.754508 -35.737782 -12500.750000
381.000000 180.765420 -35.496323 -25000.500000
382.000000 180.772894 -35.254253 -37500.250000
383.000000 180.776929 -35.011571 -50000.000000
384.000000 180.812615 -35.636511 -12500.750000
385.000000 180.827562 -35.152370 -37500.250000
386.000000 180.859809 -35.776699 -1.000000
387.000000 180.870721 -35.535240 -12500.750000
388.000000 180.878195 -35.293169 -25000.500000
389.000000 180.882231 -35.050488 -37500.250000
390.000000 180.886516 -34.807342 -50000.000000
391.000000 180.928828 -35.433968 -12500.750000
392.000000 180.940346 -34.949201 -37500.250000
393.000000 180.976022 -35.574156 -1.000000
394.000000 180.983496 -35.332086 -12500.750000
395.000000 180.990979 -35.090000 -25000.500000
396.000000 180.995264 -34.846854 -37500.250000
397.000000 180.996353 -34.602647 -50000.000000
398.000000 181.041612 -35.230799 -12500.750000
399.000000 181.050182 -34.744506 -37500.250000
400.000000 181.092244 -35.371598 -1.000000
401.000000 181.099727 -35.129512 -12500.750000
402.000000 181.104012 -34.886366 -25000.500000
403.000000 181.104457 -34.399464 -50000.000000
404.000000 181.105101 -34.642159 -37500.250000
405.000000 181.157842 -35.028226 -12500.750000
406.000000 181.162732 -34.540574 -37500.250000
407.000000 181.208475 -35.169025 -1.000000
408.000000 181.210830 -34.197793 -50000.000000
409.000000 181.212760 -34.925878 -12500.750000
410.000000 181.215919 -34.439738 -37500.250000
411.000000 181.216562 -34.682434 -25000.500000
412.000000 181.269105 -34.338903 -37500.250000
413.000000 181.270392 -34.824293 -12500.750000
414.000000 181.316847 -33.996579 -50000.000000
415.000000 181.322291 -34.238067 -37500.250000
416.000000 181.324222 -34.966153 -1.000000
417.000000 181.327380 -34.480013 -25000.500000
418.000000 181.328024 -34.722709 -12500.750000
419.000000 181.373662 -34.135326 -37500.250000
420.000000 181.385655 -34.621124 -12500.750000
421.000000 181.422509 -33.795822 -50000.000000
422.000000 181.426493 -34.034947 -37500.250000
423.000000 181.431937 -34.276436 -25000.500000
424.000000 181.438842 -34.520288 -12500.750000
425.000000 181.439485 -34.762984 -1.000000
426.000000 181.479324 -33.934569 -37500.250000
427.000000 181.490212 -34.417546 -12500.750000
428.000000 181.524970 -33.596904 -50000.000000
429.000000 181.532154 -33.834191 -37500.250000
430.000000 181.536139 -34.073316 -25000.500000
431.000000 181.541583 -34.314805 -12500.750000
432.000000 181.548488 -34.558657 -1.000000
433.000000 181.583736 -33.731028 -37500.250000
434.000000 181.592954 -34.212063 -12500.750000
435.000000 181.624231 -33.399825 -50000.000000
436.000000 181.633367 -33.632488 -37500.250000
437.000000 181.640551 -33.869775 -25000.500000
438.000000 181.645785 -34.111684 -12500.750000
439.000000 181.651229 -34.353173 -1.000000
440.000000 181.682997 -33.533949 -37500.250000
441.000000 181.697366 -34.008522 -12500.750000
442.000000 181.698574 -33.196584 -50000.000000
443.000000 181.732628 -33.435409 -37500.250000
444.000000 181.741763 -33.668072 -25000.500000
445.000000 181.747998 -32.987181 -50000.000000
446.000000 181.748948 -33.905359 -12500.750000
447.000000 181.754182 -34.147268 -1.000000
448.000000 181.782047 -33.328446 -37500.250000
449.000000 181.799521 -32.774539 -50000.000000
450.000000 181.800529 -33.802196 -12500.750000
451.000000 181.806759 -33.223744 -37500.250000
452.000000 181.831471 -33.119042 -37500.250000
453.000000 181.840813 -33.462569 -25000.500000
454.000000 181.850160 -33.703657 -12500.750000
455.000000 181.853140 -32.558659 -50000.000000
456.000000 181.856183 -33.014341 -37500.250000
457.000000 181.857345 -33.940943 -1.000000
458.000000 181.883784 -32.903938 -37500.250000
459.000000 181.899579 -33.596693 -12500.750000
460.000000 181.910594 -32.795998 -37500.250000
461.000000 181.913496 -32.337622 -50000.000000
462.000000 181.914943 -33.250904 -25000.500000
463.000000 181.937404 -32.688058 -37500.250000
464.000000 181.948997 -33.489729 -12500.750000
465.000000 181.958345 -33.730817 -1.000000
466.000000 181.964213 -32.580118 -37500.250000
467.000000 181.967256 -33.035800 -25000.500000
468.000000 181.980588 -32.111427 -50000.000000
469.000000 181.991004 -32.472957 -37500.250000
470.000000 181.998416 -33.382766 -12500.750000
471.000000 182.021667 -32.817457 -25000.500000
472.000000 182.023128 -33.278064 -12500.750000
473.000000 182.024550 -32.359860 -37500.250000
474.000000 182.050729 -33.167661 -12500.750000
475.000000 182.057182 -33.516890 -1.000000
476.000000 182.058095 -32.246762 -37500.250000
477.000000 182.075126 -31.894942 -50000.000000
478.000000 182.075267 -32.602356 -25000.500000
479.000000 182.078330 -33.057258 -12500.750000
480.000000 182.091641 -32.133665 -37500.250000
481.000000 182.105930 -32.946855 -12500.750000
482.000000 182.123133 -32.033990 -37500.250000
483.000000 182.132740 -32.838915 -12500.750000
484.000000 182.134201 -33.299523 -1.000000
485.000000 182.135603 -32.382097 -25000.500000
486.000000 182.159530 -32.731754 -12500.750000
487.000000 182.184125 -31.930603 -37500.250000
488.000000 182.186321 -32.624594 -12500.750000
489.000000 182.189403 -33.078717 -1.000000
490.000000 182.197111 -31.688167 -50000.000000
491.000000 182.200640 -32.169326 -25000.500000
492.000000 182.213111 -32.517433 -12500.750000
493.000000 182.243794 -32.861153 -1.000000
494.000000 182.245118 -31.827216 -37500.250000
495.000000 182.246657 -32.404335 -12500.750000
496.000000 182.278148 -32.304661 -12500.750000
497.000000 182.293124 -31.966264 -25000.500000
498.000000 182.297374 -32.646831 -1.000000
499.000000 182.306110 -31.723828 -37500.250000
500.000000 182.309640 -32.204986 -12500.750000
501.000000 182.318292 -31.488050 -50000.000000
502.000000 182.341131 -32.105312 -12500.750000
503.000000 182.355656 -32.439996 -1.000000
504.000000 182.363018 -31.630879 -37500.250000
505.000000 182.402124 -32.001925 -12500.750000
506.000000 182.411024 -31.769928 -25000.500000
507.000000 182.418639 -32.240647 -1.000000
508.000000 182.423206 -31.534149 -37500.250000
509.000000 182.438668 -31.294588 -50000.000000
510.000000 182.459031 -31.908976 -12500.750000
511.000000 182.483394 -31.437418 -37500.250000
512.000000 182.507037 -32.048024 -1.000000
513.000000 182.515938 -31.816027 -12500.750000
514.000000 182.528120 -31.580248 -25000.500000
515.000000 182.543582 -31.340688 -37500.250000
516.000000 182.552674 -31.098874 -50000.000000
517.000000 182.572846 -31.723078 -12500.750000
518.000000 182.604167 -31.241731 -37500.250000
519.000000 182.620852 -31.862126 -1.000000
520.000000 182.633034 -31.626348 -12500.750000
521.000000 182.648893 -31.384561 -25000.500000
522.000000 182.657985 -31.142747 -37500.250000
523.000000 182.660310 -30.900906 -50000.000000
524.000000 182.693620 -31.527391 -12500.750000
525.000000 182.711804 -31.043763 -37500.250000
526.000000 182.738346 -31.670221 -1.000000
527.000000 182.754205 -31.428434 -12500.750000
528.000000 182.763297 -31.186620 -25000.500000
529.000000 182.765099 -30.701276 -50000.000000
530.000000 182.765622 -30.944779 -37500.250000
531.000000 182.814791 -31.329477 -12500.750000
532.000000 182.821419 -30.843888 -37500.250000
533.000000 182.859517 -31.472307 -1.000000
534.000000 182.867041 -30.499984 -50000.000000
535.000000 182.868609 -31.230493 -12500.750000
536.000000 182.872390 -30.743242 -37500.250000
537.000000 182.872913 -30.986745 -25000.500000
538.000000 182.923361 -30.642596 -37500.250000
539.000000 182.924407 -31.129602 -12500.750000
540.000000 182.967943 -30.300743 -50000.000000
541.000000 182.974332 -30.541950 -37500.250000
542.000000 182.975901 -31.272459 -1.000000
543.000000 182.979681 -30.785208 -25000.500000
544.000000 182.980204 -31.028711 -12500.750000
545.000000 183.027651 -30.440643 -37500.250000
546.000000 183.036002 -30.927821 -12500.750000
547.000000 183.067807 -30.103555 -50000.000000
548.000000 183.077583 -30.342049 -37500.250000
549.000000 183.083971 -30.583256 -25000.500000
550.000000 183.086973 -30.827174 -12500.750000
551.000000 183.087495 -31.070678 -1.000000
552.000000 183.127515 -30.243455 -37500.250000
553.000000 183.140292 -30.725868 -12500.750000
554.000000 183.157259 -29.902637 -50000.000000
555.000000 183.177447 -30.144861 -37500.250000
556.000000 183.187222 -30.383355 -25000.500000
557.000000 183.193611 -30.624562 -12500.750000
558.000000 183.196612 -30.868480 -1.000000
559.000000 183.231589 -30.041991 -37500.250000
560.000000 183.236298 -29.697988 -50000.000000
561.000000 183.246930 -30.523255 -12500.750000
562.000000 183.271108 -29.939667 -37500.250000
563.000000 183.291296 -30.181891 -25000.500000
564.000000 183.296862 -30.424661 -12500.750000
565.000000 183.303250 -30.665868 -1.000000
566.000000 183.310628 -29.837343 -37500.250000
567.000000 183.312627 -29.492219 -50000.000000
568.000000 183.350148 -29.735019 -37500.250000
569.000000 183.351004 -30.321791 -12500.750000
570.000000 183.384958 -29.976697 -25000.500000
571.000000 183.386245 -29.285328 -50000.000000
572.000000 183.388200 -29.625016 -37500.250000
573.000000 183.405146 -30.218922 -12500.750000
574.000000 183.410711 -30.461692 -1.000000
575.000000 183.425009 -29.521571 -37500.250000
576.000000 183.446440 -29.075594 -50000.000000
577.000000 183.459288 -30.116052 -12500.750000
578.000000 183.461818 -29.418125 -37500.250000
579.000000 183.462530 -29.764371 -25000.500000
580.000000 183.493213 -28.863017 -50000.000000
581.000000 183.498626 -29.314680 -37500.250000
582.000000 183.498808 -30.013728 -12500.750000
583.000000 183.518995 -30.255952 -1.000000
584.000000 183.534965 -29.205665 -37500.250000
585.000000 183.536860 -29.903725 -12500.750000
586.000000 183.537391 -29.550923 -25000.500000
587.000000 183.537804 -28.648843 -50000.000000
588.000000 183.558351 -29.099377 -37500.250000
589.000000 183.574912 -29.793723 -12500.750000
590.000000 183.580214 -28.433073 -50000.000000
591.000000 183.581738 -28.993088 -37500.250000
592.000000 183.605124 -28.886800 -37500.250000
593.000000 183.610538 -29.338463 -25000.500000
594.000000 183.611189 -30.043080 -1.000000
595.000000 183.612964 -29.683721 -12500.750000
596.000000 183.623321 -28.213756 -50000.000000
597.000000 183.629111 -28.776213 -37500.250000
598.000000 183.649773 -29.580275 -12500.750000
599.000000 183.650316 -28.668328 -37500.250000
600.000000 183.667125 -27.990893 -50000.000000
601.000000 183.670262 -29.123160 -25000.500000
602.000000 183.671521 -28.560443 -37500.250000
603.000000 183.686111 -29.471261 -12500.750000
604.000000 183.687294 -29.823075 -1.000000
605.000000 183.692726 -28.452557 -37500.250000
606.000000 183.715183 -28.343270 -37500.250000
607.000000 183.717636 -28.906285 -25000.500000
608.000000 183.722449 -29.362246 -12500.750000
609.000000 183.725642 -27.769624 -50000.000000
610.000000 183.737085 -28.231839 -37500.250000
611.000000 183.758787 -29.253231 -12500.750000
612.000000 183.758987 -28.120407 -37500.250000
613.000000 183.761684 -29.604058 -1.000000
614.000000 183.762828 -28.687812 -25000.500000
615.000000 183.780889 -28.008976 -37500.250000
616.000000 183.782174 -29.146943 -12500.750000
617.000000 183.798872 -27.549949 -50000.000000
618.000000 183.802669 -27.902977 -37500.250000
619.000000 183.806161 -29.036356 -12500.750000
620.000000 183.806490 -28.470640 -25000.500000
621.000000 183.830148 -28.925769 -12500.750000
622.000000 183.834360 -29.386029 -1.000000
623.000000 183.839284 -27.793140 -37500.250000
624.000000 183.850848 -28.249922 -25000.500000
625.000000 183.854135 -28.815182 -12500.750000
626.000000 183.875340 -28.707297 -12500.750000
627.000000 183.875899 -27.683302 -37500.250000
628.000000 183.879851 -27.338540 -50000.000000
629.000000 183.894531 -28.032492 -25000.500000
630.000000 183.894686 -29.166428 -1.000000
631.000000 183.897797 -28.598010 -12500.750000
632.000000 183.912513 -27.573465 -37500.250000
633.000000 183.920253 -28.488723 -12500.750000
634.000000 183.942660 -28.945254 -1.000000
635.000000 183.942709 -28.379436 -12500.750000
636.000000 183.945797 -27.472200 -37500.250000
637.000000 183.952926 -27.816656 -25000.500000
638.000000 183.964611 -28.268004 -12500.750000
639.000000 183.968580 -27.135396 -50000.000000
640.000000 183.986392 -28.162006 -12500.750000
641.000000 183.989104 -28.725380 -1.000000
642.000000 183.990162 -27.370628 -37500.250000
643.000000 184.008172 -28.056007 -12500.750000
644.000000 184.022824 -27.605553 -25000.500000
645.000000 184.029953 -27.950009 -12500.750000
646.000000 184.034016 -28.506806 -1.000000
647.000000 184.034526 -27.269057 -37500.250000
648.000000 184.039370 -26.933247 -50000.000000
649.000000 184.066568 -27.840171 -12500.750000
650.000000 184.078253 -28.291520 -1.000000
651.000000 184.078891 -27.167485 -37500.250000
652.000000 184.092219 -26.732093 -50000.000000
653.000000 184.099851 -27.738907 -12500.750000
654.000000 184.100472 -27.402717 -25000.500000
655.000000 184.121814 -28.079523 -1.000000
656.000000 184.123194 -27.062557 -37500.250000
657.000000 184.128294 -26.523286 -50000.000000
658.000000 184.133134 -27.637642 -12500.750000
659.000000 184.147596 -26.306828 -50000.000000
660.000000 184.149618 -26.961979 -37500.250000
661.000000 184.166418 -27.536377 -12500.750000
662.000000 184.171195 -26.086073 -50000.000000
663.000000 184.176043 -26.861402 -37500.250000
664.000000 184.176878 -27.872260 -1.000000
665.000000 184.189140 -27.196217 -25000.500000
666.000000 184.199092 -25.861021 -50000.000000
667.000000 184.202467 -26.760825 -37500.250000
668.000000 184.210783 -27.434806 -12500.750000
669.000000 184.228376 -25.638592 -50000.000000
670.000000 184.230224 -26.645326 -37500.250000
671.000000 184.235691 -26.533254 -37500.250000
672.000000 184.243445 -27.669731 -1.000000
673.000000 184.245342 -26.425025 -37500.250000
674.000000 184.254993 -26.316795 -37500.250000
675.000000 184.255086 -27.329877 -12500.750000
676.000000 184.259046 -25.418786 -50000.000000
677.000000 184.259867 -26.990712 -25000.500000
678.000000 184.264644 -26.208566 -37500.250000
679.000000 184.278592 -26.096040 -37500.250000
680.000000 184.289629 -25.200203 -50000.000000
681.000000 184.292541 -25.983514 -37500.250000
682.000000 184.299389 -27.224949 -12500.750000
683.000000 184.306489 -25.870988 -37500.250000
684.000000 184.314048 -26.774636 -25000.500000
685.000000 184.320123 -24.982842 -50000.000000
686.000000 184.320910 -25.760633 -37500.250000
687.000000 184.321031 -27.463538 -1.000000
688.000000 184.336246 -25.650730 -37500.250000
689.000000 184.343692 -27.120021 -12500.750000
690.000000 184.347272 -26.547064 -25000.500000
691.000000 184.350981 -24.764351 -50000.000000
692.000000 184.351581 -25.540827 -37500.250000
693.000000 184.362390 -26.326763 -25000.500000
694.000000 184.366916 -25.430924 -37500.250000
695.000000 184.370116 -27.019444 -12500.750000
696.000000 184.382202 -24.544729 -50000.000000
697.000000 184.384869 -25.323209 -37500.250000
698.000000 184.385989 -26.106008 -25000.500000
699.000000 184.397873 -26.903945 -12500.750000
700.000000 184.400116 -25.214529 -37500.250000
701.000000 184.409637 -27.253682 -1.000000
702.000000 184.414359 -25.883126 -25000.500000
703.000000 184.415363 -25.105848 -37500.250000
704.000000 184.417050 -24.317822 -50000.000000
705.000000 184.425629 -26.788447 -12500.750000
706.000000 184.430610 -24.997168 -37500.250000
707.000000 184.444116 -25.662867 -25000.500000
708.000000 184.448174 -24.888403 -37500.250000
709.000000 184.453386 -26.672948 -12500.750000
710.000000 184.455525 -24.083631 -50000.000000
711.000000 184.458853 -26.560875 -12500.750000
712.000000 184.463784 -24.778592 -37500.250000
713.000000 184.464320 -26.448803 -12500.750000
714.000000 184.469787 -26.336730 -12500.750000
715.000000 184.477404 -25.445250 -25000.500000
716.000000 184.479395 -24.668781 -37500.250000
717.000000 184.479438 -26.228501 -12500.750000
718.000000 184.481697 -27.033255 -1.000000
719.000000 184.493386 -26.115975 -12500.750000
720.000000 184.495005 -24.558971 -37500.250000
721.000000 184.507808 -26.005620 -12500.750000
722.000000 184.510603 -25.228855 -25000.500000
723.000000 184.510999 -24.449297 -37500.250000
724.000000 184.522229 -25.895264 -12500.750000
725.000000 184.527078 -24.346314 -37500.250000
726.000000 184.528745 -23.860349 -50000.000000
727.000000 184.536650 -25.784908 -12500.750000
728.000000 184.537211 -26.802257 -1.000000
729.000000 184.543414 -25.011410 -25000.500000
730.000000 184.546315 -24.229218 -37500.250000
731.000000 184.551986 -25.675005 -12500.750000
732.000000 184.565553 -24.112122 -37500.250000
733.000000 184.569938 -25.567291 -12500.750000
734.000000 184.570434 -26.574686 -1.000000
735.000000 184.576588 -24.792834 -25000.500000
736.000000 184.581368 -26.350541 -1.000000
737.000000 184.584791 -23.995027 -37500.250000
738.000000 184.587891 -25.459576 -12500.750000
739.000000 184.601256 -26.128113 -1.000000
740.000000 184.605843 -25.351862 -12500.750000
741.000000 184.608192 -24.573350 -25000.500000
742.000000 184.621090 -25.243181 -12500.750000
743.000000 184.630099 -25.907402 -1.000000
744.000000 184.636711 -23.647977 -50000.000000
745.000000 184.638654 -25.134416 -12500.750000
746.000000 184.638774 -23.888841 -37500.250000
747.000000 184.640265 -24.360693 -25000.500000
748.000000 184.656217 -25.025651 -12500.750000
749.000000 184.662473 -25.689332 -1.000000
750.000000 184.673781 -24.916886 -12500.750000
751.000000 184.675581 -24.140614 -25000.500000
752.000000 184.689391 -24.807075 -12500.750000
753.000000 184.692756 -23.782655 -37500.250000
754.000000 184.698378 -25.473903 -1.000000
755.000000 184.705385 -24.697402 -12500.750000
756.000000 184.721379 -24.587728 -12500.750000
757.000000 184.733894 -25.257423 -1.000000
758.000000 184.737373 -24.478055 -12500.750000
759.000000 184.742590 -23.439709 -50000.000000
760.000000 184.746739 -23.676469 -37500.250000
761.000000 184.748802 -23.917333 -25000.500000
762.000000 184.753452 -24.375072 -12500.750000
763.000000 184.769020 -25.039893 -1.000000
764.000000 184.769531 -24.272089 -12500.750000
765.000000 184.785609 -24.169106 -12500.750000
766.000000 184.791604 -23.582017 -37500.250000
767.000000 184.802578 -24.821454 -1.000000
768.000000 184.804847 -24.052010 -12500.750000
769.000000 184.834566 -24.602107 -1.000000
770.000000 184.843500 -23.479934 -37500.250000
771.000000 184.846384 -23.235543 -50000.000000
772.000000 184.847649 -23.716695 -25000.500000
773.000000 184.858830 -23.945824 -12500.750000
774.000000 184.866639 -24.389451 -1.000000
775.000000 184.895397 -23.377852 -37500.250000
776.000000 184.898796 -24.183485 -1.000000
777.000000 184.903694 -23.851372 -12500.750000
778.000000 184.944411 -23.520160 -25000.500000
779.000000 184.947294 -23.275769 -37500.250000
780.000000 184.948559 -23.756920 -12500.750000
781.000000 184.955144 -23.031829 -50000.000000
782.000000 184.959740 -23.986050 -1.000000
783.000000 184.993424 -23.662469 -12500.750000
784.000000 184.994299 -23.176812 -37500.250000
785.000000 185.043312 -23.319120 -25000.500000
786.000000 185.045321 -23.560386 -12500.750000
787.000000 185.049469 -23.797146 -1.000000
788.000000 185.051162 -23.075180 -37500.250000
789.000000 185.068871 -22.828565 -50000.000000
790.000000 185.092325 -23.461428 -12500.750000
791.000000 185.108025 -22.973548 -37500.250000
792.000000 185.139330 -23.362471 -12500.750000
793.000000 185.141339 -23.603737 -1.000000
794.000000 185.147180 -23.118531 -25000.500000
795.000000 185.164889 -22.871917 -37500.250000
796.000000 185.182011 -22.626838 -50000.000000
797.000000 185.186335 -23.263514 -12500.750000
798.000000 185.224608 -22.774554 -37500.250000
799.000000 185.235348 -23.405822 -1.000000
800.000000 185.243198 -23.161882 -12500.750000
801.000000 185.263763 -22.919537 -25000.500000
802.000000 185.280886 -22.674458 -37500.250000
803.000000 185.294565 -22.426646 -50000.000000
804.000000 185.302918 -23.064520 -12500.750000
805.000000 185.337163 -22.574362 -37500.250000
806.000000 185.342073 -23.209502 -1.000000
807.000000 185.362638 -22.967157 -12500.750000
808.000000 185.379760 -22.722078 -25000.500000
809.000000 185.393440 -22.474266 -37500.250000
810.000000 185.404160 -22.229187 -50000.000000
811.000000 185.422358 -22.869795 -12500.750000
812.000000 185.453230 -22.376894 -37500.250000
813.000000 185.461513 -23.014777 -1.000000
814.000000 185.478635 -22.769699 -12500.750000
815.000000 185.495828 -22.524610 -25000.500000
816.000000 185.506548 -22.279531 -37500.250000
817.000000 185.510795 -22.034461 -50000.000000
818.000000 185.538425 -22.672326 -12500.750000
819.000000 185.559865 -22.182168 -37500.250000
820.000000 185.581023 -22.820042 -1.000000
821.000000 185.598215 -22.574954 -12500.750000
822.000000 185.601017 -21.833663 -50000.000000
823.000000 185.608935 -22.329874 -25000.500000
824.000000 185.613183 -22.084804 -37500.250000
825.000000 185.658005 -22.477581 -12500.750000
826.000000 185.672874 -21.978642 -37500.250000
827.000000 185.674825 -21.626793 -50000.000000
828.000000 185.700603 -22.625297 -1.000000
829.000000 185.709778 -21.875207 -37500.250000
830.000000 185.711323 -22.380218 -12500.750000
831.000000 185.721944 -22.126349 -25000.500000
832.000000 185.746682 -21.771772 -37500.250000
833.000000 185.750546 -21.414560 -50000.000000
834.000000 185.771014 -22.274056 -12500.750000
835.000000 185.783586 -21.668337 -37500.250000
836.000000 185.818539 -21.916752 -25000.500000
837.000000 185.820084 -22.421762 -1.000000
838.000000 185.820693 -21.557014 -37500.250000
839.000000 185.828181 -21.196964 -50000.000000
840.000000 185.830705 -22.167893 -12500.750000
841.000000 185.859511 -21.448216 -37500.250000
842.000000 185.890396 -22.061731 -12500.750000
843.000000 185.892550 -21.701993 -25000.500000
844.000000 185.898328 -21.339418 -37500.250000
845.000000 185.913567 -20.982640 -50000.000000
846.000000 185.927299 -21.958296 -12500.750000
847.000000 185.937146 -21.230620 -37500.250000
848.000000 185.939466 -22.209438 -1.000000
849.000000 185.964407 -21.846973 -12500.750000
850.000000 185.968475 -21.481872 -25000.500000
851.000000 185.972450 -21.124706 -37500.250000
852.000000 186.001515 -21.735649 -12500.750000
853.000000 186.006706 -20.771588 -50000.000000
854.000000 186.019019 -21.019180 -37500.250000
855.000000 186.036264 -21.991952 -1.000000
856.000000 186.038623 -21.624326 -12500.750000
857.000000 186.042597 -21.267160 -25000.500000
858.000000 186.065588 -20.913654 -37500.250000
859.000000 186.077440 -21.515528 -12500.750000
860.000000 186.100100 -20.566199 -50000.000000
861.000000 186.110480 -21.769305 -1.000000
862.000000 186.112157 -20.808128 -37500.250000
863.000000 186.112745 -21.409614 -12500.750000
864.000000 186.124471 -21.055721 -25000.500000
865.000000 186.148049 -21.303701 -12500.750000
866.000000 186.157460 -20.709138 -37500.250000
867.000000 186.182892 -21.552068 -1.000000
868.000000 186.183354 -21.197787 -12500.750000
869.000000 186.193751 -20.366474 -50000.000000
870.000000 186.204286 -20.609276 -37500.250000
871.000000 186.216343 -20.851205 -25000.500000
872.000000 186.229923 -21.092261 -12500.750000
873.000000 186.251111 -20.509413 -37500.250000
874.000000 186.253501 -21.340241 -1.000000
875.000000 186.275226 -20.993271 -12500.750000
876.000000 186.282691 -20.171217 -50000.000000
877.000000 186.297936 -20.409551 -37500.250000
878.000000 186.308471 -20.652353 -25000.500000
879.000000 186.320528 -20.894282 -12500.750000
880.000000 186.334108 -21.135338 -1.000000
881.000000 186.348475 -20.310418 -37500.250000
882.000000 186.365831 -20.795292 -12500.750000
883.000000 186.366919 -19.980426 -50000.000000
884.000000 186.390589 -20.215023 -37500.250000
885.000000 186.405835 -20.453357 -25000.500000
886.000000 186.412657 -20.695429 -12500.750000
887.000000 186.424714 -20.937358 -1.000000
888.000000 186.432704 -20.119628 -37500.250000
889.000000 186.440777 -19.785265 -50000.000000
890.000000 186.458385 -14.819009 -37500.250000
891.000000 186.463195 -20.596296 -12500.750000
892.000000 186.464447 -14.963933 -50000.000000
893.000000 186.474818 -20.024232 -37500.250000
894.000000 186.498488 -20.258829 -25000.500000
895.000000 186.504265 -19.585733 -50000.000000
896.000000 186.513733 -20.497163 -12500.750000
897.000000 186.520555 -20.739235 -1.000000
898.000000 186.522443 -19.923013 -37500.250000
899.000000 186.545748 -14.888792 -37500.250000
900.000000 186.554187 -19.823247 -37500.250000
901.000000 186.564272 -20.398030 -12500.750000
902.000000 186.568732 -19.383122 -50000.000000
903.000000 186.585931 -19.723481 -37500.250000
904.000000 186.588228 -20.062214 -25000.500000
905.000000 186.606386 -20.302635 -12500.750000
906.000000 186.617675 -19.623715 -37500.250000
907.000000 186.620985 -14.668727 -12500.750000
908.000000 186.621632 -20.540970 -1.000000
909.000000 186.627048 -14.813651 -25000.500000
910.000000 186.633110 -14.958576 -37500.250000
911.000000 186.634179 -19.177432 -50000.000000
912.000000 186.639172 -15.103500 -50000.000000
913.000000 186.649290 -19.517709 -37500.250000
914.000000 186.654012 -20.201416 -12500.750000
915.000000 186.667597 -19.861229 -25000.500000
916.000000 186.682014 -19.414864 -37500.250000
917.000000 186.699281 -18.970893 -50000.000000
918.000000 186.701637 -20.100196 -12500.750000
919.000000 186.708348 -14.738510 -12500.750000
920.000000 186.714737 -19.312020 -37500.250000
921.000000 186.719796 -20.340617 -1.000000
922.000000 186.720473 -15.028359 -37500.250000
923.000000 186.730956 -19.655457 -25000.500000
924.000000 186.747461 -19.209175 -37500.250000
925.000000 186.749263 -19.998977 -12500.750000
926.000000 186.764040 -18.763503 -50000.000000
927.000000 186.778658 -19.104570 -37500.250000
928.000000 186.781007 -19.899211 -12500.750000
929.000000 186.782086 -14.666447 -1.000000
930.000000 186.788148 -14.811371 -12500.750000
931.000000 186.794211 -14.956296 -25000.500000
932.000000 186.795296 -19.446607 -25000.500000
933.000000 186.800273 -15.101220 -37500.250000
934.000000 186.808781 -15.238980 -50000.000000
935.000000 186.811038 -19.000875 -37500.250000
936.000000 186.812622 -19.793205 -12500.750000
937.000000 186.815047 -20.138178 -1.000000
938.000000 186.828506 -18.555127 -50000.000000
939.000000 186.843417 -18.897180 -37500.250000
940.000000 186.844238 -19.687199 -12500.750000
941.000000 186.859217 -19.239157 -25000.500000
942.000000 186.867949 -14.884233 -12500.750000
943.000000 186.875796 -18.793485 -37500.250000
944.000000 186.875854 -19.581194 -12500.750000
945.000000 186.882520 -15.166917 -37500.250000
946.000000 186.892678 -18.345763 -50000.000000
947.000000 186.894288 -19.930953 -1.000000
948.000000 186.906993 -18.689725 -37500.250000
949.000000 186.908577 -19.478349 -12500.750000
950.000000 186.922794 -19.030857 -25000.500000
951.000000 186.939079 -18.585043 -37500.250000
952.000000 186.939775 -19.373744 -12500.750000
953.000000 186.941687 -14.812170 -1.000000
954.000000 186.947749 -14.957094 -12500.750000
955.000000 186.956258 -15.094854 -25000.500000
956.000000 186.956534 -18.137433 -50000.000000
957.000000 186.957520 -19.718942 -1.000000
958.000000 186.964766 -15.232614 -37500.250000
959.000000 186.970973 -19.269139 -12500.750000
960.000000 186.971165 -18.480362 -37500.250000
961.000000 186.973274 -15.370374 -50000.000000
962.000000 186.986370 -18.823402 -25000.500000
963.000000 187.002171 -19.164535 -12500.750000
964.000000 187.003252 -18.375680 -37500.250000
965.000000 187.020074 -17.930135 -50000.000000
966.000000 187.020334 -19.508331 -1.000000
967.000000 187.029996 -15.022791 -12500.750000
968.000000 187.034550 -19.060840 -12500.750000
969.000000 187.034928 -18.271148 -37500.250000
970.000000 187.047012 -15.298311 -37500.250000
971.000000 187.049652 -18.614960 -25000.500000
972.000000 187.065747 -18.957079 -12500.750000
973.000000 187.066698 -18.167499 -37500.250000
974.000000 187.076791 -17.724267 -50000.000000
975.000000 187.082729 -19.299122 -1.000000
976.000000 187.092071 -15.517012 -50000.000000
977.000000 187.096943 -18.853319 -12500.750000
978.000000 187.098468 -18.063850 -37500.250000
979.000000 187.108028 -14.964047 -1.000000
980.000000 187.113415 -18.405746 -25000.500000
981.000000 187.116537 -15.101807 -12500.750000
982.000000 187.125045 -15.239567 -25000.500000
983.000000 187.126685 -17.519828 -50000.000000
984.000000 187.128139 -18.749559 -12500.750000
985.000000 187.130237 -17.960201 -37500.250000
986.000000 187.133553 -15.377327 -37500.250000
987.000000 187.145124 -19.090756 -1.000000
988.000000 187.160226 -18.644877 -12500.750000
989.000000 187.162455 -17.853882 -37500.250000
990.000000 187.165173 -15.678895 -50000.000000
991.000000 187.167751 -17.312557 -50000.000000
992.000000 187.170104 -15.458268 -37500.250000
993.000000 187.176861 -18.197565 -25000.500000
994.000000 187.187402 -17.751662 -37500.250000
995.000000 187.191902 -18.540345 -12500.750000
996.000000 187.199988 -17.102455 -50000.000000
997.000000 187.203078 -15.180822 -12500.750000
998.000000 187.206655 -15.539209 -37500.250000
999.000000 187.207517 -18.883236 -1.000000
1000.000000 187.209123 -15.858198 -50000.000000
1001.000000 187.212349 -17.649443 -37500.250000
1002.000000 187.223579 -18.435813 -12500.750000
1003.000000 187.223921 -16.054922 -50000.000000
1004.000000 187.227916 -16.892806 -50000.000000
1005.000000 187.237296 -17.547223 -37500.250000
1006.000000 187.239326 -16.259716 -50000.000000
1007.000000 187.240849 -17.987597 -25000.500000
1008.000000 187.243206 -15.620150 -37500.250000
1009.000000 187.248137 -15.399523 -25000.500000
1010.000000 187.251534 -16.683610 -50000.000000
1011.000000 187.255255 -18.331281 -12500.750000
1012.000000 187.255338 -16.472580 -50000.000000
1013.000000 187.263674 -17.437818 -37500.250000
1014.000000 187.270389 -18.674943 -1.000000
1015.000000 187.279793 -17.332767 -37500.250000
1016.000000 187.281110 -15.122078 -1.000000
1017.000000 187.287025 -18.227632 -12500.750000
1018.000000 187.289619 -15.259838 -12500.750000
1019.000000 187.295912 -17.227716 -37500.250000
1020.000000 187.298014 -17.779058 -25000.500000
1021.000000 187.308388 -15.727964 -37500.250000
1022.000000 187.312031 -17.122664 -37500.250000
1023.000000 187.319243 -18.121312 -12500.750000
1024.000000 187.319542 -15.848793 -37500.250000
1025.000000 187.326169 -15.340779 -12500.750000
1026.000000 187.326941 -15.947155 -37500.250000
1027.000000 187.329952 -17.010662 -37500.250000
1028.000000 187.333742 -18.465879 -1.000000
1029.000000 187.334339 -16.045517 -37500.250000
1030.000000 187.341738 -16.143879 -37500.250000
1031.000000 187.341761 -16.906064 -37500.250000
1032.000000 187.349339 -17.567433 -25000.500000
1033.000000 187.349744 -16.250311 -37500.250000
1034.000000 187.349870 -15.588279 -25000.500000
1035.000000 187.351461 -18.014992 -12500.750000
1036.000000 187.353570 -16.801466 -37500.250000
1037.000000 187.357750 -16.356743 -37500.250000
1038.000000 187.365379 -16.696868 -37500.250000
1039.000000 187.365756 -16.463175 -37500.250000
1040.000000 187.376466 -16.579195 -37500.250000
1041.000000 187.383679 -17.908672 -12500.750000
1042.000000 187.391352 -15.448593 -12500.750000
1043.000000 187.391836 -17.352976 -25000.500000
1044.000000 187.397637 -18.255027 -1.000000
1045.000000 187.408626 -17.806453 -12500.750000
1046.000000 187.425876 -17.135923 -25000.500000
1047.000000 187.426206 -15.816921 -25000.500000
1048.000000 187.432834 -15.308907 -1.000000
1049.000000 187.435004 -17.697048 -12500.750000
1050.000000 187.444758 -16.036112 -25000.500000
1051.000000 187.455605 -16.919322 -25000.500000
1052.000000 187.456534 -15.556407 -12500.750000
1053.000000 187.460163 -16.240906 -25000.500000
1054.000000 187.461382 -17.587642 -12500.750000
1055.000000 187.462073 -18.042388 -1.000000
1056.000000 187.478501 -16.697051 -25000.500000
1057.000000 187.478878 -16.463358 -25000.500000
1058.000000 187.487760 -17.478237 -12500.750000
1059.000000 187.503879 -17.373186 -12500.750000
1060.000000 187.520669 -17.826663 -1.000000
1061.000000 187.521717 -15.664221 -12500.750000
1062.000000 187.521800 -17.261183 -12500.750000
1063.000000 187.532870 -15.785050 -12500.750000
1064.000000 187.539720 -17.149181 -12500.750000
1065.000000 187.544023 -15.905878 -12500.750000
1066.000000 187.555177 -16.026707 -12500.750000
1067.000000 187.557640 -17.037179 -12500.750000
1068.000000 187.562576 -16.125069 -12500.750000
1069.000000 187.563198 -15.524535 -1.000000
1070.000000 187.569449 -16.932581 -12500.750000
1071.000000 187.570582 -16.231501 -12500.750000
1072.000000 187.573425 -17.607852 -1.000000
1073.000000 187.580536 -16.814908 -12500.750000
1074.000000 187.581291 -16.347521 -12500.750000
1075.000000 187.591623 -16.697234 -12500.750000
1076.000000 187.592001 -16.463541 -12500.750000
1077.000000 187.602710 -16.579561 -12500.750000
1078.000000 187.617723 -17.386444 -1.000000
1079.000000 187.639534 -15.753178 -1.000000
1080.000000 187.653564 -17.162439 -1.000000
1081.000000 187.661841 -15.994835 -1.000000
1082.000000 187.682572 -16.932764 -1.000000
1083.000000 187.683704 -16.231684 -1.000000
1084.000000 187.704746 -16.697418 -1.000000
1085.000000 187.705123 -16.463724 -1.000000
