1.000000 234.983333 40.556667 -0.000000
2.000000 235.625476 40.764694 -9974.764396
3.000000 236.208581 41.074033 -13989.565805
4.000000 236.766741 41.364320 -30000.000000
5.000000 234.933179 41.119508 -0.000000
6.000000 235.551063 41.267260 -5564.885203
7.000000 236.105790 41.494823 -14081.767795
8.000000 236.650987 41.711026 -30000.000000
9.000000 234.980128 41.661636 -0.000000
10.000000 235.595844 41.720139 -5210.696812
11.000000 236.064918 41.933235 -15275.633838
12.000000 236.624263 42.073903 -30000.000000
13.000000 234.948979 42.117578 -0.000000
14.000000 235.542444 42.182831 -6172.644673
15.000000 236.059280 42.351282 -16685.703606
16.000000 236.621131 42.456359 -30000.000000
17.000000 234.836885 42.550010 -0.000000
18.000000 235.440382 42.624717 -6662.058272
19.000000 236.007035 42.760859 -16987.008881
20.000000 236.593077 42.843689 -30000.000000
21.000000 234.723018 42.989638 -0.000000
22.000000 235.347572 43.062130 -6613.590983
23.000000 235.953904 43.170179 -16688.152908
24.000000 236.565140 43.237550 -30000.000000
25.000000 234.644038 43.437671 -0.000000
26.000000 235.276129 43.497084 -6988.565950
27.000000 235.899156 43.578791 -16599.674024
28.000000 236.518529 43.633280 -30000.000000
29.000000 234.582195 43.876364 -0.000000
30.000000 235.222494 43.925728 -6847.207439
31.000000 235.856481 43.986559 -16521.457370
32.000000 236.483741 44.030637 -30000.000000
33.000000 234.538600 44.300474 -0.000000
34.000000 235.192744 44.341226 -6950.435908
35.000000 235.840396 44.393397 -16913.972001
36.000000 236.482445 44.431143 -30000.000000
37.000000 234.510288 44.722003 -0.000000
38.000000 235.173813 44.756146 -7105.053894
39.000000 235.830617 44.802820 -17261.536041
40.000000 236.483327 44.831675 -30000.000000
41.000000 234.482469 45.129699 -0.000000
42.000000 235.158832 45.168113 -7217.025522
43.000000 235.829577 45.213607 -17277.449261
44.000000 236.496192 45.232557 -30000.000000
45.000000 234.427656 45.533324 -0.000000
46.000000 235.131792 45.580939 -7104.086437
47.000000 235.831337 45.625572 -17284.483482
48.000000 236.527095 45.632412 -30000.000000
49.000000 234.363952 45.916598 -0.000000
50.000000 235.106577 45.977822 -7140.817715
51.000000 235.844039 46.043170 -17292.653639
52.000000 236.579346 46.066667 -30000.000000
53.000000 234.295671 46.294794 -0.000000
54.000000 235.082837 46.377100 -7264.195202
55.000000 235.864237 46.465842 -17800.254317
56.000000 236.649309 46.500722 -30000.000000
57.000000 234.193581 46.649307 -0.000000
58.000000 235.026866 46.765094 -7430.215349
59.000000 235.853787 46.888767 -18544.050860
60.000000 236.695209 46.952543 -30000.000000
61.000000 234.090061 46.997172 -0.000000
62.000000 234.954226 47.152412 -7950.078976
63.000000 235.814610 47.309451 -19522.826401
64.000000 236.698425 47.411868 -30000.000000
65.000000 233.934510 47.355491 -0.000000
66.000000 234.812260 47.555266 -8441.208766
67.000000 235.704234 47.717983 -20256.333554
68.000000 236.609240 47.868466 -30000.000000
69.000000 233.747657 47.723082 -0.000000
70.000000 234.607056 47.961061 -9116.402883
71.000000 235.511404 48.102903 -20653.838022
72.000000 236.378917 48.311121 -30000.000000
73.000000 233.507606 48.097485 -0.000000
74.000000 234.298995 48.350704 -9641.860634
75.000000 235.168377 48.437133 -20359.706025
76.000000 235.964442 48.637541 -30000.000000
77.000000 233.156792 48.476541 -0.000000
78.000000 233.907326 48.711152 -10088.024739
79.000000 234.741626 48.749503 -19866.256391
80.000000 235.484450 48.865662 -30000.000000
81.000000 232.770745 48.862589 -0.000000
82.000000 233.506255 49.040899 -10793.361201
83.000000 234.306637 49.021512 -20015.578845
84.000000 235.039356 49.095390 -30000.000000
85.000000 232.339576 49.293758 -0.000000
86.000000 233.112522 49.356750 -11303.376695
87.000000 233.901837 49.300366 -20318.198415
88.000000 234.683231 49.291643 -30000.000000
89.000000 231.923334 49.750000 -0.000000
90.000000 232.742795 49.682433 -11600.768723
91.000000 233.555376 49.595432 -20901.779936
92.000000 234.382484 49.508398 -30000.000000
93.000000 232.131455 49.521879 -0.000000
94.000000 232.333064 49.716217 -5800.384362
95.000000 232.541185 49.488095 -5800.384362
96.000000 232.555160 49.078173 -0.000000
97.000000 232.726049 49.325254 -5651.688347
98.000000 232.927658 49.519592 -11452.072709
99.000000 232.941633 49.109669 -5651.688347
100.000000 232.963768 48.669565 -0.000000
101.000000 233.138500 48.951744 -5396.680600
102.000000 233.149085 49.638933 -16251.274329
103.000000 233.309389 49.198825 -11048.368948
104.000000 233.331524 48.758720 -5396.680600
105.000000 233.332199 48.287013 -0.000000
106.000000 233.333949 49.476091 -16102.578315
107.000000 233.530815 49.318166 -15847.570568
108.000000 233.532059 48.593847 -5044.012369
109.000000 233.627632 47.910283 -0.000000
110.000000 233.704046 49.170633 -15555.779808
111.000000 233.706791 48.876026 -10440.692970
112.000000 233.707466 48.404319 -5044.012369
113.000000 233.728606 49.447899 -20609.989176
114.000000 233.841083 47.539286 -0.000000
115.000000 233.903300 48.224094 -4820.930317
116.000000 233.904581 49.005759 -15203.111577
117.000000 233.968930 49.551915 -25450.889968
118.000000 234.012285 47.176331 -0.000000
119.000000 234.023326 48.036893 -4820.930317
120.000000 234.103160 48.530928 -9864.942686
121.000000 234.104237 49.160939 -20166.888630
122.000000 234.106981 48.866332 -15051.801792
123.000000 234.141821 46.823239 -0.000000
124.000000 234.142161 49.404382 -25159.099208
125.000000 234.177356 47.842072 -4558.201442
126.000000 234.244626 46.472051 -0.000000
127.000000 234.270783 47.658276 -4558.201442
128.000000 234.302816 48.686108 -14828.719739
129.000000 234.329811 46.105696 -0.000000
130.000000 234.344560 49.264955 -25007.789422
131.000000 234.373385 47.455378 -4220.604383
132.000000 234.395804 45.724961 -0.000000
133.000000 234.451161 47.276219 -4220.604383
134.000000 234.453025 48.155883 -9379.131759
135.000000 234.455062 45.331512 -0.000000
136.000000 234.494934 49.156578 -25007.789422
137.000000 234.496379 44.925851 -0.000000
138.000000 234.520310 48.550103 -14754.058513
139.000000 234.522143 47.074792 -3975.039488
140.000000 234.524131 48.885508 -19940.917618
141.000000 234.524444 44.511238 -0.000000
142.000000 234.532857 49.400021 -30000.000000
143.000000 234.560397 44.088419 -0.000000
144.000000 234.573903 46.900860 -3975.039488
145.000000 234.610223 46.707200 -3715.107675
146.000000 234.613116 43.657017 -0.000000
147.000000 234.661268 46.529944 -3715.107675
148.000000 234.674341 48.355282 -14491.329637
149.000000 234.683528 43.213654 -0.000000
150.000000 234.689254 46.335947 -3632.097601
151.000000 234.709658 47.758164 -8778.805825
152.000000 234.712428 49.020573 -24933.128196
153.000000 234.723395 46.146849 -3632.097601
154.000000 234.735265 45.947210 -3570.408858
155.000000 234.767116 45.755573 -3570.408858
156.000000 234.779724 45.557131 -3552.043218
157.000000 234.779951 42.769824 -0.000000
158.000000 234.807131 45.355319 -3552.043218
159.000000 234.820650 45.148906 -3608.512761
160.000000 234.828141 44.942923 -3552.526947
161.000000 234.842051 44.739075 -3552.526947
162.000000 234.851516 44.531614 -3475.217954
163.000000 234.861293 49.193517 -30000.000000
164.000000 234.865672 44.320850 -3475.217954
165.000000 234.883243 47.353839 -8195.643871
166.000000 234.887469 44.108795 -3475.217954
167.000000 234.887716 48.199097 -14738.054454
168.000000 234.890491 48.922447 -24933.128196
169.000000 234.892932 42.333794 -0.000000
170.000000 234.902344 43.901046 -3423.603720
171.000000 234.933266 43.681699 -3423.603720
172.000000 234.955001 48.593318 -20112.981208
173.000000 234.956653 41.390572 -0.000000
174.000000 234.958256 40.838088 -0.000000
175.000000 234.960083 43.467377 -3494.282975
176.000000 234.964553 41.889607 -0.000000
177.000000 234.990546 46.958753 -7690.147162
178.000000 234.999573 43.243361 -3494.282975
179.000000 235.035295 43.025884 -3306.795491
180.000000 235.054852 46.571097 -7347.205276
181.000000 235.059230 48.031982 -14885.120452
182.000000 235.092228 42.806070 -3306.795491
183.000000 235.094707 46.177461 -7202.506459
184.000000 235.103866 48.766262 -25179.853012
185.000000 235.119185 45.779381 -7122.452076
186.000000 235.138634 42.587364 -3331.029136
187.000000 235.145312 45.374526 -7160.555979
188.000000 235.161832 47.829084 -14547.523394
189.000000 235.166322 44.962130 -7161.039708
190.000000 235.183278 44.548686 -7027.744901
191.000000 235.194680 42.371147 -3331.029136
192.000000 235.207619 44.133477 -6898.821674
193.000000 235.242121 41.193384 -2782.442602
194.000000 235.245711 42.150205 -3086.322337
195.000000 235.249311 43.711406 -6917.886695
196.000000 235.258247 47.636625 -14348.771160
197.000000 235.261903 48.980526 -30000.000000
198.000000 235.265595 41.464448 -2782.442602
199.000000 235.272411 41.918858 -2605.348406
200.000000 235.279328 40.942101 -4987.382198
201.000000 235.287986 41.690887 -2605.348406
202.000000 235.304405 40.660681 -4987.382198
203.000000 235.311850 43.279607 -6801.078466
204.000000 235.326413 48.651397 -25179.853012
205.000000 235.329230 47.435198 -14103.206265
206.000000 235.339890 48.270018 -20506.772023
207.000000 235.384418 47.230932 -13736.452688
208.000000 235.393977 42.843424 -6637.824627
209.000000 235.404007 47.020589 -13247.064918
210.000000 235.440327 46.826930 -12987.133104
211.000000 235.445552 46.615468 -12615.234833
212.000000 235.463438 46.210135 -12278.424421
213.000000 235.468957 45.801697 -12212.650599
214.000000 235.473537 46.421471 -12532.224759
215.000000 235.475308 46.010496 -12216.735677
216.000000 235.480685 45.397273 -12190.767849
217.000000 235.481565 45.603255 -12194.284959
218.000000 235.491413 42.403774 -6417.351473
219.000000 235.494204 45.190860 -12247.237391
220.000000 235.494724 44.985466 -12239.280781
221.000000 235.497927 48.484282 -25326.919011
222.000000 235.502215 44.779483 -12183.294968
223.000000 235.507104 44.574772 -12009.512947
224.000000 235.516570 44.367311 -11932.203954
225.000000 235.524612 44.163892 -11735.946639
226.000000 235.539487 43.956143 -11684.332405
227.000000 235.566305 43.741821 -11755.011660
228.000000 235.569144 41.951485 -5691.670743
229.000000 235.573453 41.493699 -5387.791007
230.000000 235.587642 43.537938 -11794.119987
231.000000 235.588270 41.015977 -7769.824800
232.000000 235.607819 47.910443 -20455.085788
233.000000 235.615016 43.333631 -11838.359429
234.000000 235.650738 43.116154 -11650.871945
235.000000 235.677303 42.911495 -11800.299932
236.000000 235.723709 42.692788 -11824.533577
237.000000 235.724446 48.751601 -30000.000000
238.000000 235.737923 48.370222 -25326.919011
239.000000 235.749831 42.488000 -11673.880939
240.000000 235.759422 47.513717 -19889.579977
241.000000 235.800862 42.267057 -11429.174140
242.000000 235.803681 42.058033 -10724.139256
243.000000 235.828426 41.381041 -9823.326499
244.000000 235.830097 45.008213 -17269.492651
245.000000 235.830381 41.826687 -10243.165325
246.000000 235.830457 45.419589 -17280.966372
247.000000 235.834199 47.099109 -19033.438630
248.000000 235.835506 44.598108 -17087.754021
249.000000 235.837688 45.834371 -17288.568561
250.000000 235.848438 44.189978 -16717.714685
251.000000 235.850817 41.607481 -9646.232303
252.000000 235.854138 46.254506 -17546.453978
253.000000 235.859012 46.677305 -18172.152588
254.000000 235.877819 43.782675 -16560.565697
255.000000 235.879822 41.170646 -9777.225504
256.000000 235.917028 40.919364 -11982.165101
257.000000 235.926530 43.374485 -16643.913466
258.000000 235.945161 48.207012 -25326.919011
259.000000 235.980470 42.965519 -16837.580894
260.000000 236.033158 42.556071 -16836.356244
261.000000 236.041575 48.014552 -25128.166777
262.000000 236.062099 42.142259 -15980.668722
263.000000 236.085354 41.714029 -14678.700817
264.000000 236.156452 45.022641 -23638.724631
265.000000 236.156531 44.616981 -23630.768021
266.000000 236.156737 47.793225 -25128.166777
267.000000 236.156972 44.817247 -23630.768021
268.000000 236.157185 41.284428 -14035.666800
269.000000 236.161420 44.412270 -23456.986000
270.000000 236.162068 44.212017 -23456.986000
271.000000 236.162884 45.223082 -23638.724631
272.000000 236.163765 45.429064 -23642.241741
273.000000 236.170111 44.008598 -23260.728685
274.000000 236.171680 48.474331 -30000.000000
275.000000 236.179216 45.628992 -23642.241741
276.000000 236.185567 45.837791 -23646.326820
277.000000 236.191449 43.804714 -23299.837012
278.000000 236.208843 43.606036 -23299.837012
279.000000 236.211692 46.054918 -23646.326820
280.000000 236.211925 47.588959 -24761.413200
281.000000 236.221792 46.266254 -23900.127158
282.000000 236.236217 43.401730 -23344.076454
283.000000 236.251548 46.694744 -24272.025430
284.000000 236.254909 47.130997 -24761.413200
285.000000 236.256518 47.360660 -24761.413200
286.000000 236.256773 46.483282 -23900.127158
287.000000 236.259522 43.203865 -23344.076454
288.000000 236.273490 43.006934 -23344.076454
289.000000 236.274498 46.920655 -24272.025430
290.000000 236.300056 42.802274 -23493.504441
291.000000 236.314083 42.608609 -23493.504441
292.000000 236.340205 42.403821 -23342.851803
293.000000 236.341771 42.212592 -23342.851803
294.000000 236.344590 42.003569 -22637.816919
295.000000 236.357953 41.822130 -22637.816919
296.000000 236.378389 41.602924 -22040.883897
297.000000 236.436266 41.429572 -22040.883897
298.000000 236.482886 44.631409 -30000.000000
299.000000 236.483093 44.230890 -30000.000000
300.000000 236.487661 41.219177 -21994.782903
301.000000 236.489760 45.032116 -30000.000000
302.000000 236.494079 48.089794 -30000.000000
303.000000 236.501135 43.831959 -30000.000000
304.000000 236.511644 45.432485 -30000.000000
305.000000 236.541835 43.435415 -30000.000000
306.000000 236.553221 45.849539 -30000.000000
307.000000 236.579108 43.040619 -30000.000000
308.000000 236.607104 42.650024 -30000.000000
309.000000 236.614328 46.283694 -30000.000000
310.000000 236.622697 42.265131 -30000.000000
311.000000 236.637625 41.892464 -30000.000000
312.000000 236.653833 47.640167 -30000.000000
313.000000 236.672259 46.726633 -30000.000000
314.000000 236.696817 47.182206 -30000.000000
315.000000 236.708864 41.537673 -30000.000000
316.000000 232.027394 49.635939 -0.000000
317.000000 232.128199 49.733108 -2900.192181
318.000000 232.232260 49.619048 -2900.192181
319.000000 232.235515 49.407818 -0.000000
320.000000 232.336320 49.504987 -2900.192181
321.000000 232.437125 49.602156 -5800.384362
322.000000 232.440381 49.390927 -2900.192181
323.000000 232.447368 49.185965 -0.000000
324.000000 232.532812 49.309506 -2825.844174
325.000000 232.537930 49.699325 -8700.576542
326.000000 232.633617 49.406675 -5726.036354
327.000000 232.640605 49.201714 -2825.844174
328.000000 232.641990 49.585264 -8700.576542
329.000000 232.662953 48.970381 -0.000000
330.000000 232.734422 49.503844 -8626.228535
331.000000 232.748397 49.093921 -2825.844174
332.000000 232.826854 49.422423 -8551.880528
333.000000 232.833841 49.217462 -5651.688347
334.000000 232.835227 49.601013 -11526.420716
335.000000 232.856189 48.986129 -2825.844174
336.000000 232.867257 48.766077 -0.000000
337.000000 232.919285 49.341002 -8477.532521
338.000000 232.945940 49.660683 -13926.021526
339.000000 232.954622 48.907166 -2698.340300
340.000000 233.020090 49.438171 -11377.724702
341.000000 233.027078 49.233210 -8477.532521
342.000000 233.038372 49.579262 -13851.673519
343.000000 233.040067 49.030707 -5524.184474
344.000000 233.051134 48.810655 -2698.340300
345.000000 233.060280 48.573053 -0.000000
346.000000 233.125511 49.154247 -8350.028648
347.000000 233.130804 49.497841 -13777.325512
348.000000 233.147646 48.714143 -2698.340300
349.000000 233.210955 49.277787 -11175.872821
350.000000 233.223235 49.416421 -13702.977505
351.000000 233.223944 49.075284 -8222.524774
352.000000 233.235012 48.855232 -5396.680600
353.000000 233.241517 49.557512 -16176.926322
354.000000 233.244158 48.617631 -2698.340300
355.000000 233.244496 48.381777 -0.000000
356.000000 233.321669 49.337458 -13575.473631
357.000000 233.322378 48.996322 -8095.020901
358.000000 233.344425 48.535194 -2522.006185
359.000000 233.352230 49.617182 -18576.527132
360.000000 233.407822 49.119862 -10920.865074
361.000000 233.418890 48.899810 -8095.020901
362.000000 233.419903 48.192249 -0.000000
363.000000 233.420102 49.258495 -13447.969758
364.000000 233.431791 48.676284 -5220.346485
365.000000 233.432129 48.440430 -2522.006185
366.000000 233.432382 49.397128 -15975.074442
367.000000 233.444662 49.535761 -18502.179125
368.000000 233.518535 49.179532 -13320.465885
369.000000 233.519157 48.817373 -7918.686785
370.000000 233.519832 48.345666 -2522.006185
371.000000 233.543096 49.456799 -18374.675252
372.000000 233.567619 48.003884 -0.000000
373.000000 233.605151 49.105766 -13174.570505
374.000000 233.606523 48.958463 -10617.027085
375.000000 233.607536 48.250902 -2522.006185
376.000000 233.617431 49.244399 -15701.675188
377.000000 233.619425 48.734936 -7742.352670
378.000000 233.619762 48.499083 -5044.012369
379.000000 233.629711 49.383032 -18228.779872
380.000000 233.641991 49.521665 -20755.884556
381.000000 233.687645 47.816683 -0.000000
382.000000 233.705418 49.023329 -12998.236389
383.000000 233.705453 48.160790 -2410.465159
384.000000 233.716326 49.309266 -18082.884492
385.000000 233.719692 48.652500 -7566.018554
386.000000 233.762153 49.573673 -23176.334952
387.000000 233.765466 48.067189 -2410.465159
388.000000 233.794370 47.631184 -0.000000
389.000000 233.802942 49.235500 -17936.989112
390.000000 233.804314 49.088196 -15379.445693
391.000000 233.805383 48.314207 -4932.471343
392.000000 233.805686 48.940893 -12821.902273
393.000000 233.807058 48.793589 -10264.358854
394.000000 233.807396 48.557736 -7566.018554
395.000000 233.815222 49.374133 -20464.093796
396.000000 233.825479 47.973588 -2410.465159
397.000000 233.848768 49.499907 -23030.439572
398.000000 233.885492 47.879987 -2410.465159
399.000000 233.887797 47.447389 -0.000000
400.000000 233.903209 49.153063 -17760.654996
401.000000 233.905313 48.467623 -7454.477528
402.000000 233.905954 48.858456 -12645.568158
403.000000 233.935383 49.426141 -22884.544192
404.000000 233.962507 47.782577 -2279.100721
405.000000 233.963313 48.130494 -4820.930317
406.000000 233.973397 47.265911 -0.000000
407.000000 234.003037 49.230653 -20242.543523
408.000000 234.003230 48.377511 -7342.936502
409.000000 234.004409 49.083349 -17685.000104
410.000000 234.005243 48.621040 -9976.483713
411.000000 234.005781 48.936046 -15127.456684
412.000000 234.007153 48.788742 -12569.913265
413.000000 234.009220 47.690679 -2279.100721
414.000000 234.021999 49.352374 -22738.648812
415.000000 234.051173 47.086752 -0.000000
416.000000 234.055545 49.478149 -25304.994588
417.000000 234.055933 47.598781 -2279.100721
418.000000 234.100341 47.939482 -4689.565879
419.000000 234.101147 48.287399 -7231.395476
420.000000 234.102646 47.506884 -2279.100721
421.000000 234.105071 48.698630 -12458.372239
422.000000 234.105609 49.013636 -17609.345211
423.000000 234.115941 46.910206 -0.000000
424.000000 234.123199 49.282661 -22662.993919
425.000000 234.153947 47.405435 -2110.302191
426.000000 234.161160 48.193798 -7231.395476
427.000000 234.167701 46.736273 -0.000000
428.000000 234.175707 49.530156 -27725.444984
429.000000 234.192835 47.315855 -2110.302191
430.000000 234.201077 48.440816 -9753.401660
431.000000 234.202988 48.608518 -12346.831213
432.000000 234.204898 48.776220 -14940.260766
433.000000 234.205437 49.091226 -20091.233738
434.000000 234.206809 48.943922 -17533.690318
435.000000 234.219103 46.560679 -0.000000
436.000000 234.224070 47.750174 -4558.201442
437.000000 234.224399 49.212947 -22587.339026
438.000000 234.231723 47.226275 -2110.302191
439.000000 234.238176 48.096388 -7100.031038
440.000000 234.243360 49.334669 -25083.444315
441.000000 234.262322 49.456390 -27579.549604
442.000000 234.270148 46.383422 -0.000000
443.000000 234.270611 47.136695 -2110.302191
444.000000 234.300905 48.518406 -12235.290187
445.000000 234.304726 48.853810 -17422.149292
446.000000 234.306102 47.035982 -1987.519744
447.000000 234.312741 46.200245 -0.000000
448.000000 234.315191 47.998977 -6968.666600
449.000000 234.322084 47.556827 -4389.402912
450.000000 234.325598 49.143234 -22511.684134
451.000000 234.331982 46.949016 -1987.519744
452.000000 234.346882 46.011147 -0.000000
453.000000 234.357862 46.862050 -1987.519744
454.000000 234.363522 49.386677 -27503.894711
455.000000 234.376010 48.253293 -9510.496196
456.000000 234.379878 45.820779 -0.000000
457.000000 234.383742 46.775083 -1987.519744
458.000000 234.392206 47.901567 -6837.302162
459.000000 234.400785 49.089045 -22511.684134
460.000000 234.401902 46.678254 -1857.553837
461.000000 234.409652 48.450403 -12197.959573
462.000000 234.411563 48.618106 -14791.389126
463.000000 234.411730 45.629142 -0.000000
464.000000 234.412273 47.365799 -4220.604383
465.000000 234.413473 48.785808 -17384.818679
466.000000 234.415384 48.953510 -19978.248231
467.000000 234.419747 49.210767 -25007.789422
468.000000 234.427425 46.589626 -1857.553837
469.000000 234.438709 49.332488 -27503.894711
470.000000 234.438919 47.809669 -6837.302162
471.000000 234.441359 45.432418 -0.000000
472.000000 234.452947 46.500997 -1857.553837
473.000000 234.457670 49.454209 -30000.000000
474.000000 234.468766 45.230605 -0.000000
475.000000 234.478469 46.412369 -1857.553837
476.000000 234.486652 47.175505 -4097.821935
477.000000 234.486668 48.352993 -12066.595136
478.000000 234.489424 45.027775 -0.000000
479.000000 234.490220 47.708220 -6668.503633
480.000000 234.492462 46.315370 -1816.048801
481.000000 234.503334 44.823927 -0.000000
482.000000 234.509532 49.021043 -22474.353520
483.000000 234.509533 46.220821 -1816.048801
484.000000 234.513895 49.278299 -27503.894711
485.000000 234.517366 44.616621 -0.000000
486.000000 234.522221 48.717805 -17347.488065
487.000000 234.526603 46.126272 -1816.048801
488.000000 234.530040 48.058472 -9247.767321
489.000000 234.531522 44.405856 -0.000000
490.000000 234.541521 47.606771 -6499.705104
491.000000 234.543673 46.031723 -1816.048801
492.000000 234.548023 46.987826 -3975.039488
493.000000 234.549499 44.194447 -0.000000
494.000000 234.549608 45.931904 -1785.204429
495.000000 234.563683 48.255582 -11935.230698
496.000000 234.565534 45.836085 -1785.204429
497.000000 234.571296 43.982392 -0.000000
498.000000 234.581460 45.740267 -1785.204429
499.000000 234.589082 49.224111 -27503.894711
500.000000 234.592063 46.804030 -3845.073581
501.000000 234.592823 47.505322 -6330.906574
502.000000 234.597325 48.452693 -14622.694075
503.000000 234.597386 45.644449 -1785.204429
504.000000 234.597655 43.766691 -0.000000
505.000000 234.603681 49.088575 -24970.458809
506.000000 234.603690 45.545228 -1776.021609
507.000000 234.608044 49.345832 -30000.000000
508.000000 234.617393 45.444321 -1776.021609
509.000000 234.618280 48.953040 -22437.022907
510.000000 234.628577 43.547344 -0.000000
511.000000 234.630968 48.649803 -17310.157452
512.000000 234.631096 45.343415 -1776.021609
513.000000 234.631710 47.415742 -6330.906574
514.000000 234.632879 48.817505 -19903.587005
515.000000 234.635746 46.618572 -3715.107675
516.000000 234.640698 48.158172 -11803.866260
517.000000 234.644800 45.242509 -1776.021609
518.000000 234.651560 45.139303 -1804.256380
519.000000 234.655305 45.036311 -1776.263474
520.000000 234.658357 47.859613 -8947.604354
521.000000 234.662260 44.934387 -1776.263474
522.000000 234.663783 43.325662 -0.000000
523.000000 234.667202 47.315029 -6208.124127
524.000000 234.669215 44.832463 -1776.263474
525.000000 234.675261 46.432945 -3673.602638
526.000000 234.676170 44.730539 -1776.263474
527.000000 234.680902 44.626809 -1737.608977
528.000000 234.687980 44.521426 -1737.608977
529.000000 234.695058 44.416044 -1737.608977
530.000000 234.697829 49.156108 -27466.564098
531.000000 234.702136 44.310662 -1737.608977
532.000000 234.702693 47.214315 -6085.341679
533.000000 234.703273 43.101646 -0.000000
534.000000 234.706324 46.241398 -3632.097601
535.000000 234.707983 48.552392 -17178.793014
536.000000 234.713035 44.204634 -1737.608977
537.000000 234.723933 44.098607 -1737.608977
538.000000 234.727027 48.885038 -22399.692293
539.000000 234.729330 46.047029 -3601.253229
540.000000 234.734832 43.992579 -1737.608977
541.000000 234.738185 47.113602 -5962.559232
542.000000 234.742269 43.888705 -1711.801860
543.000000 234.747386 48.080079 -11927.228669
544.000000 234.751190 45.851392 -3570.408858
545.000000 234.751485 42.879731 -0.000000
546.000000 234.757730 43.779032 -1711.801860
547.000000 234.760959 47.656715 -8610.007295
548.000000 234.764065 47.026636 -5962.559232
549.000000 234.772262 49.242580 -30000.000000
550.000000 234.773191 43.669358 -1711.801860
551.000000 234.773420 45.656352 -3561.226038
552.000000 234.781028 48.277190 -14614.692046
553.000000 234.782225 46.929806 -5832.593325
554.000000 234.786861 49.107045 -27466.564098
555.000000 234.788652 43.559685 -1711.801860
556.000000 234.793427 45.456225 -3552.043218
557.000000 234.800385 46.832977 -5702.627418
558.000000 234.801460 48.971510 -24933.128196
559.000000 234.802061 43.452524 -1747.141487
560.000000 234.808418 42.659917 -0.000000
561.000000 234.813891 45.252113 -3580.277990
562.000000 234.814671 48.474300 -17302.155423
563.000000 234.816058 48.835975 -22399.692293
564.000000 234.818545 46.736147 -5572.661512
565.000000 234.821806 43.340516 -1747.141487
566.000000 234.824396 45.045915 -3580.519854
567.000000 234.833143 47.996522 -12000.761668
568.000000 234.835096 44.840999 -3552.526947
569.000000 234.841551 43.228507 -1747.141487
570.000000 234.844067 46.647519 -5572.661512
571.000000 234.846783 44.635344 -3513.872450
572.000000 234.847752 47.454552 -8318.426318
573.000000 234.848314 48.671410 -19989.618800
574.000000 234.858060 46.550520 -5531.156475
575.000000 234.858594 44.426232 -3475.217954
576.000000 234.861295 43.116499 -1747.141487
577.000000 234.864909 42.441902 -0.000000
578.000000 234.872053 46.453522 -5489.651438
579.000000 234.875892 49.057982 -27466.564098
580.000000 234.876570 44.214822 -3475.217954
581.000000 234.879156 43.007761 -1653.397746
582.000000 234.884444 47.895073 -11831.963138
583.000000 234.886046 46.356523 -5448.146402
584.000000 234.894907 44.004920 -3449.410837
585.000000 234.903116 46.261974 -5448.146402
586.000000 234.907623 42.897854 -1653.397746
587.000000 234.909051 46.162155 -5417.302030
588.000000 234.914986 46.062336 -5386.457658
589.000000 234.917805 43.791373 -3423.603720
590.000000 234.918735 47.253125 -8072.861423
591.000000 234.920921 45.962516 -5355.613286
592.000000 234.920955 42.225686 -0.000000
593.000000 234.921359 48.396208 -17425.517831
594.000000 234.922746 48.757882 -22523.054702
595.000000 234.935745 47.793624 -11663.164609
596.000000 234.936090 42.787947 -1653.397746
597.000000 234.936847 45.866698 -5355.613286
598.000000 234.943151 45.767477 -5346.430467
599.000000 234.944916 41.255040 -0.000000
600.000000 234.945718 40.978798 -0.000000
601.000000 234.946675 43.574538 -3458.943347
602.000000 234.949454 45.668256 -5337.247647
603.000000 234.950325 49.144454 -30000.000000
604.000000 234.955758 45.569035 -5328.064828
605.000000 234.956766 42.003592 -0.000000
606.000000 234.964557 42.678040 -1653.397746
607.000000 234.964923 49.008919 -27466.564098
608.000000 234.968391 41.526104 -0.000000
609.000000 234.969462 45.468129 -5328.064828
610.000000 234.970795 40.697377 -0.000000
611.000000 234.972340 41.775621 -0.000000
612.000000 234.972386 47.055582 -7820.113069
613.000000 234.973473 48.115540 -14811.587453
614.000000 234.976221 45.364922 -5356.299599
615.000000 234.979828 43.355369 -3494.282975
616.000000 234.982981 45.261716 -5384.534370
617.000000 234.987046 47.692175 -11494.366080
618.000000 234.987759 42.568687 -1665.514568
619.000000 234.989741 45.158509 -5412.769141
620.000000 234.993486 45.055518 -5384.776234
621.000000 234.997179 48.844354 -25056.490604
622.000000 234.997232 44.952526 -5356.783327
623.000000 235.000977 44.849535 -5328.790421
624.000000 235.007932 44.747611 -5328.790421
625.000000 235.008706 46.861923 -7560.181256
626.000000 235.012664 44.643880 -5290.135924
627.000000 235.015783 42.460579 -1665.514568
628.000000 235.017397 44.540150 -5251.481427
629.000000 235.017434 43.134622 -3400.539233
630.000000 235.022130 44.436420 -5212.826931
631.000000 235.028046 48.318115 -17548.880239
632.000000 235.029208 44.331038 -5212.826931
633.000000 235.029434 48.679790 -22646.417110
634.000000 235.035254 47.595945 -11394.989963
635.000000 235.040106 44.225010 -5212.826931
636.000000 235.040859 46.668095 -7388.710312
637.000000 235.043806 42.352471 -1665.514568
638.000000 235.047544 44.121136 -5187.019814
639.000000 235.054981 44.017261 -5161.212697
640.000000 235.061689 48.515225 -20236.343616
641.000000 235.062419 43.913387 -5135.405580
642.000000 235.063762 42.915977 -3306.795491
643.000000 235.068844 46.474098 -7305.700239
644.000000 235.070745 47.495232 -11272.207515
645.000000 235.071611 48.930826 -27589.926506
646.000000 235.071830 42.244363 -1665.514568
647.000000 235.077880 43.803714 -5135.405580
648.000000 235.087650 41.156446 -1391.221301
649.000000 235.088772 46.277280 -7233.350831
650.000000 235.091288 43.696553 -5170.745207
651.000000 235.097345 42.133891 -1543.161168
652.000000 235.099387 41.291978 -1391.221301
653.000000 235.100642 46.077642 -7171.662087
654.000000 235.104697 43.589392 -5206.084835
655.000000 235.106236 47.394518 -11149.425068
656.000000 235.106254 41.030805 -2493.691099
657.000000 235.110531 47.930533 -14716.321923
658.000000 235.110695 42.018218 -1302.674203
659.000000 235.111124 41.427510 -1391.221301
660.000000 235.112881 45.878602 -7131.634896
661.000000 235.113803 48.234558 -17622.413239
662.000000 235.115431 42.696717 -3318.912314
663.000000 235.118106 43.482230 -5241.424462
664.000000 235.118482 41.904233 -1302.674203
665.000000 235.118792 40.890094 -2493.691099
666.000000 235.122861 41.563042 -1391.221301
667.000000 235.125489 45.680160 -7113.269256
668.000000 235.126269 41.790247 -1302.674203
669.000000 235.131331 40.749384 -2493.691099
670.000000 235.134057 41.676262 -1302.674203
671.000000 235.136121 48.601697 -22769.779518
672.000000 235.137851 43.370222 -5241.424462
673.000000 235.138552 45.477732 -7132.321208
674.000000 235.141728 47.293805 -11026.642620
675.000000 235.143869 40.608674 -2493.691099
676.000000 235.150629 49.037958 -30000.000000
677.000000 235.152072 45.271319 -7188.790750
678.000000 235.155712 43.261484 -5147.680721
679.000000 235.162577 45.065121 -7189.032615
680.000000 235.166657 42.479256 -3331.029136
681.000000 235.169322 47.191672 -10843.265832
682.000000 235.170068 44.859138 -7133.046801
683.000000 235.173572 43.152745 -5053.936979
684.000000 235.178546 44.652416 -7066.399398
685.000000 235.179116 47.086501 -10598.571947
686.000000 235.182885 48.873394 -27589.926506
687.000000 235.188011 44.444956 -6989.090404
688.000000 235.191433 43.044007 -4960.193237
689.000000 235.197276 46.989671 -10468.606040
690.000000 235.199560 48.151000 -17695.946238
691.000000 235.200181 44.237351 -6924.628791
692.000000 235.210040 47.732854 -14448.147277
693.000000 235.215056 44.029603 -6873.014557
694.000000 235.215140 48.708830 -25179.853012
695.000000 235.215436 46.892842 -10338.640133
696.000000 235.219900 42.934100 -4960.193237
697.000000 235.220196 42.260676 -3208.675736
698.000000 235.233596 46.796012 -10208.674227
699.000000 235.235902 43.818567 -6882.547067
700.000000 235.236209 46.690281 -10022.725091
701.000000 235.243103 42.824747 -4972.310059
702.000000 235.247395 48.544265 -22769.779518
703.000000 235.250202 46.593282 -9981.220054
704.000000 235.253858 41.328916 -2782.442602
705.000000 235.254133 48.353575 -20433.239024
706.000000 235.259061 42.034531 -2845.835371
707.000000 235.260724 41.067743 -3884.912400
708.000000 235.262720 43.604245 -6953.226322
709.000000 235.264194 46.496284 -9939.715018
710.000000 235.266305 42.715394 -4984.426882
711.000000 235.273138 46.293617 -9771.309812
712.000000 235.276790 41.577668 -2693.895504
713.000000 235.278187 46.399285 -9898.209981
714.000000 235.279073 46.193798 -9740.465440
715.000000 235.280199 41.804873 -2605.348406
716.000000 235.285008 46.093979 -9709.621068
717.000000 235.285317 48.067442 -17769.479237
718.000000 235.287767 45.889760 -9676.734157
719.000000 235.289508 42.606040 -4996.543704
720.000000 235.290942 45.994159 -9678.776696
721.000000 235.291866 40.801391 -4987.382198
722.000000 235.293738 47.535911 -14225.988712
723.000000 235.293989 43.388345 -6894.822208
724.000000 235.294071 45.790539 -9667.551337
725.000000 235.294158 48.815962 -27589.926506
726.000000 235.300375 45.691318 -9658.368518
727.000000 235.306239 45.489106 -9647.427143
728.000000 235.306679 45.592097 -9649.185698
729.000000 235.312998 45.385899 -9675.661914
730.000000 235.317531 42.497932 -4996.543704
731.000000 235.319758 45.282693 -9703.896685
732.000000 235.326518 45.179486 -9732.131457
733.000000 235.326778 45.076790 -9728.153151
734.000000 235.329711 43.170868 -6707.334725
735.000000 235.330523 44.973798 -9700.160245
736.000000 235.333152 48.460708 -22843.312518
737.000000 235.334269 44.870806 -9672.167338
738.000000 235.336618 47.965993 -17600.680708
739.000000 235.338014 44.767815 -9644.174431
740.000000 235.340459 44.665459 -9557.283421
741.000000 235.343047 42.387461 -4874.190304
742.000000 235.345191 44.561729 -9518.628924
743.000000 235.349924 44.457999 -9479.974428
744.000000 235.354657 44.354268 -9441.319931
745.000000 235.356824 47.333065 -13919.829477
746.000000 235.358678 44.252559 -9343.191273
747.000000 235.366115 44.148684 -9317.384156
748.000000 235.368562 42.276989 -4751.836905
749.000000 235.370774 42.952777 -6625.707805
750.000000 235.373177 48.923094 -30000.000000
751.000000 235.373553 44.044810 -9291.577039
752.000000 235.380990 43.940936 -9265.769922
753.000000 235.384826 47.869764 -17501.304591
754.000000 235.394078 42.166518 -4629.483505
755.000000 235.394212 47.125761 -13491.758803
756.000000 235.394399 43.833775 -9301.109550
757.000000 235.396592 41.230322 -4173.663902
758.000000 235.405432 48.758529 -27589.926506
759.000000 235.407428 42.050845 -4388.996540
760.000000 235.407808 43.726614 -9336.449177
761.000000 235.408329 41.365854 -4173.663902
762.000000 235.412170 48.567840 -25253.386012
763.000000 235.415195 41.104681 -5276.133701
764.000000 235.417179 42.734070 -6649.941450
765.000000 235.418909 48.377150 -22916.845517
766.000000 235.419524 41.479074 -4085.116804
767.000000 235.420778 41.935172 -4148.509574
768.000000 235.421217 43.619452 -9371.788805
769.000000 235.422167 46.923760 -13117.099011
770.000000 235.425647 48.186460 -20580.305022
771.000000 235.430719 41.592293 -3996.569707
772.000000 235.431885 43.517511 -9391.342968
773.000000 235.433033 47.773534 -17401.928474
774.000000 235.433799 40.979039 -6378.603499
775.000000 235.434128 41.819499 -3908.022609
776.000000 235.441915 41.705513 -3908.022609
777.000000 235.442939 46.721199 -12801.183969
778.000000 235.445572 43.415358 -9413.462689
779.000000 235.452402 40.853398 -7481.073297
780.000000 235.459544 46.518469 -12573.729796
781.000000 235.463433 43.306619 -9319.718948
782.000000 235.464941 40.712687 -7481.073297
783.000000 235.465897 42.514246 -6539.704872
784.000000 235.468488 46.315803 -12405.324590
785.000000 235.469373 46.110316 -12247.580049
786.000000 235.472133 45.906097 -12214.693138
787.000000 235.475261 45.702476 -12203.467779
788.000000 235.481125 45.500264 -12192.526404
789.000000 235.481240 47.677304 -17302.552357
790.000000 235.481294 43.197881 -9225.975206
791.000000 235.487444 45.294066 -12219.002620
792.000000 235.491189 48.674972 -27663.459505
793.000000 235.494464 45.088163 -12243.259086
794.000000 235.498470 44.882475 -12211.287874
795.000000 235.499155 43.089142 -9132.231464
796.000000 235.504660 44.677127 -12096.403957
797.000000 235.504666 48.293592 -22990.378516
798.000000 235.511837 44.471041 -11970.858451
799.000000 235.512438 42.986812 -9206.945457
800.000000 235.516732 47.576591 -17179.769909
801.000000 235.516928 42.293303 -6294.998073
802.000000 235.520591 44.265602 -11834.075297
803.000000 235.532050 44.060018 -11710.139522
804.000000 235.535640 42.877459 -9219.062280
805.000000 235.544326 47.474458 -16996.393121
806.000000 235.552896 43.848982 -11719.672032
807.000000 235.555794 42.067158 -5932.157708
808.000000 235.558843 42.768106 -9231.179102
809.000000 235.559612 48.006673 -20554.461905
810.000000 235.562258 41.380480 -5476.338105
811.000000 235.569666 41.141618 -6667.355001
812.000000 235.571920 47.372325 -16813.016333
813.000000 235.576974 43.639879 -11774.565823
814.000000 235.582045 42.658753 -9243.295924
815.000000 235.582494 41.835812 -5451.183777
816.000000 235.584649 41.606919 -5299.243909
817.000000 235.595107 42.556358 -9167.969605
818.000000 235.599514 47.270192 -16629.639545
819.000000 235.601329 43.435784 -11816.239708
820.000000 235.604448 48.808632 -30000.000000
821.000000 235.606873 40.890336 -8872.294598
822.000000 235.609308 47.165020 -16384.945659
823.000000 235.611187 48.617942 -27663.459505
824.000000 235.617925 48.427252 -25326.919011
825.000000 235.619103 47.059849 -16140.251774
826.000000 235.620622 42.445887 -9045.616206
827.000000 235.624664 48.236562 -22990.378516
828.000000 235.628897 46.954678 -15895.557889
829.000000 235.632877 43.224893 -11744.615687
830.000000 235.646137 42.335416 -8923.262806
831.000000 235.647057 46.857849 -15765.591982
832.000000 235.649670 46.752117 -15579.642846
833.000000 235.650147 45.713634 -14748.567040
834.000000 235.652282 46.646386 -15393.693710
835.000000 235.653323 45.818034 -14750.609580
836.000000 235.653738 46.126653 -14785.539030
837.000000 235.654894 46.540655 -15207.744575
838.000000 235.655131 45.305440 -14734.108555
839.000000 235.655571 45.408431 -14735.867110
840.000000 235.656011 45.511422 -14737.625665
841.000000 235.656026 47.814213 -20355.709671
842.000000 235.656451 45.614414 -14739.384221
843.000000 235.656498 45.922434 -14752.652119
844.000000 235.658788 46.232321 -14912.439199
845.000000 235.659673 46.026833 -14754.694658
846.000000 235.661890 45.202233 -14762.343326
847.000000 235.662150 45.099537 -14758.365021
848.000000 235.662411 44.996840 -14754.386716
849.000000 235.662671 44.894143 -14750.408411
850.000000 235.663838 46.337989 -15039.339369
851.000000 235.664021 43.013824 -11725.585939
852.000000 235.666416 44.791151 -14722.415504
853.000000 235.668861 44.688796 -14635.524494
854.000000 235.668887 46.443657 -15166.239538
855.000000 235.671305 44.586440 -14548.633484
856.000000 235.671653 42.224944 -8800.909407
857.000000 235.673062 42.120432 -8448.391965
858.000000 235.673750 44.484084 -14461.742474
859.000000 235.678483 44.380354 -14423.087977
860.000000 235.682504 44.278644 -14324.959320
861.000000 235.686412 42.004759 -8207.904999
862.000000 235.686525 44.176935 -14226.830662
863.000000 235.689745 41.324150 -7694.105851
864.000000 235.690546 44.075225 -14128.702004
865.000000 235.697984 43.971351 -14102.894887
866.000000 235.699762 41.889086 -7967.418034
867.000000 235.700506 42.802141 -11812.416754
868.000000 235.700940 41.437370 -7605.558753
869.000000 235.711393 43.864190 -14138.234515
870.000000 235.712135 41.550590 -7517.011655
871.000000 235.713112 41.773413 -7726.931068
872.000000 235.715442 41.218953 -7671.055354
873.000000 235.722062 43.762248 -14157.788678
874.000000 235.723330 41.663810 -7428.464557
875.000000 235.728282 48.154957 -22990.378516
876.000000 235.731185 48.560912 -27663.459505
877.000000 235.731828 47.615850 -20072.956766
878.000000 235.732730 43.660306 -14177.342842
879.000000 235.734046 41.093312 -8773.525152
880.000000 235.736770 42.590394 -11749.207258
881.000000 235.743399 43.558364 -14196.897005
882.000000 235.752649 40.967670 -9875.994950
883.000000 235.757086 43.456211 -14219.016726
884.000000 235.770773 43.354058 -14241.136447
885.000000 235.771252 40.842029 -10978.464748
886.000000 235.775346 42.377528 -11551.527539
887.000000 235.776490 48.058727 -22891.002399
888.000000 235.784460 43.251905 -14263.256168
889.000000 235.787016 47.411584 -19706.203189
890.000000 235.802271 42.162545 -11076.656698
891.000000 235.802321 43.143167 -14169.512427
892.000000 235.815604 43.040837 -14244.226420
893.000000 235.817031 41.942360 -10483.652290
894.000000 235.824404 47.204280 -19278.132516
895.000000 235.824697 47.962498 -22791.626282
896.000000 235.828887 42.938507 -14318.940413
897.000000 235.829837 45.110910 -17273.470956
898.000000 235.830017 45.316598 -17279.207816
899.000000 235.830357 44.905516 -17265.514346
900.000000 235.830897 45.522581 -17282.724927
901.000000 235.833061 44.700464 -17174.645031
902.000000 235.834513 45.729971 -17286.526021
903.000000 235.837951 44.495753 -17000.863011
904.000000 235.839622 41.494261 -9734.779401
905.000000 235.840599 41.717084 -9944.698814
906.000000 235.840863 45.938771 -17290.611100
907.000000 235.841542 48.288617 -25326.919011
908.000000 235.842169 42.836177 -14393.654407
909.000000 235.843993 46.993938 -18788.744745
910.000000 235.844417 44.291687 -16815.843343
911.000000 235.844444 48.694571 -30000.000000
912.000000 235.849088 46.148838 -17419.553808
913.000000 235.851183 48.503882 -27663.459505
914.000000 235.852459 44.088268 -16619.586027
915.000000 235.854124 41.275844 -9800.276002
916.000000 235.856400 46.783036 -18358.101724
917.000000 235.859188 46.360174 -17673.354147
918.000000 235.861625 46.571573 -17986.203452
919.000000 235.865372 42.726824 -14405.771229
920.000000 235.867150 43.884617 -16541.011533
921.000000 235.872905 47.866268 -22692.250165
922.000000 235.878433 42.624430 -14330.444910
923.000000 235.888487 43.680733 -16580.119860
924.000000 235.891494 42.522035 -14255.118591
925.000000 235.898425 41.045005 -10879.695302
926.000000 235.904555 42.419641 -14179.792272
927.000000 235.912843 43.476638 -16621.793745
928.000000 235.930071 42.309170 -14057.438873
929.000000 235.930485 47.755604 -22692.250165
930.000000 235.931480 42.204658 -13704.921431
931.000000 235.932890 42.100146 -13352.403989
932.000000 235.934300 41.995634 -12999.886547
933.000000 235.940217 43.272332 -16666.033187
934.000000 235.947650 41.879961 -12759.399582
935.000000 235.954801 48.422277 -27663.459505
936.000000 235.957868 41.770358 -12460.933071
937.000000 235.958079 47.653471 -22508.873377
938.000000 235.967108 41.437932 -11952.547147
939.000000 235.967187 43.067849 -16762.866901
940.000000 235.968086 41.660755 -12162.466560
941.000000 235.978304 41.551152 -11864.000049
942.000000 235.985674 47.551338 -22325.496589
943.000000 235.992806 41.332735 -11929.496649
944.000000 235.993014 45.118124 -20458.086946
945.000000 235.993274 45.015427 -20454.108641
946.000000 235.993368 48.110782 -25227.542894
947.000000 235.993534 44.912730 -20450.130336
948.000000 235.993574 44.709900 -20446.152031
949.000000 235.993752 42.863189 -16912.294888
950.000000 235.993794 44.810033 -20446.152031
951.000000 235.996019 44.607545 -20359.261021
952.000000 235.996231 45.218344 -20458.086946
953.000000 235.996671 45.321336 -20459.845501
954.000000 235.997111 45.424327 -20461.604056
955.000000 235.997551 45.527318 -20463.362611
956.000000 235.998463 44.505189 -20272.370011
957.000000 236.000908 44.402833 -20185.479000
958.000000 236.001232 44.302707 -20185.479000
959.000000 236.005253 44.200997 -20087.350343
960.000000 236.005277 45.627282 -20463.362611
961.000000 236.008452 45.731681 -20465.405151
962.000000 236.009274 44.099288 -19989.221685
963.000000 236.011627 45.836081 -20467.447690
964.000000 236.013268 47.449205 -22142.119801
965.000000 236.013296 43.997578 -19891.093027
966.000000 236.014803 45.940481 -20469.490229
967.000000 236.018504 41.227537 -11906.446152
968.000000 236.020096 42.658465 -16911.682562
969.000000 236.023965 43.895636 -19910.647191
970.000000 236.027865 46.049044 -20469.490229
971.000000 236.032915 46.154712 -20596.390399
972.000000 236.034634 43.793695 -19930.201354
973.000000 236.034760 47.220224 -22142.119801
974.000000 236.035564 47.335056 -22142.119801
975.000000 236.037965 46.260380 -20723.290568
976.000000 236.043014 46.366048 -20850.190737
977.000000 236.044201 41.122340 -11883.395655
978.000000 236.044554 47.115053 -21897.425915
979.000000 236.045303 43.691753 -19949.755518
980.000000 236.046219 42.453677 -16761.029925
981.000000 236.052668 46.791756 -21408.038145
982.000000 236.054000 43.592414 -19949.755518
983.000000 236.054348 47.009882 -21652.732030
984.000000 236.055280 46.686024 -21222.089009
985.000000 236.057893 46.580293 -21036.139873
986.000000 236.058420 48.340672 -27663.459505
987.000000 236.060505 46.474562 -20850.190737
988.000000 236.060690 42.246771 -16333.186164
989.000000 236.062805 40.996699 -12985.865453
990.000000 236.063509 42.037747 -15628.151280
991.000000 236.064143 46.904711 -21408.038145
992.000000 236.067687 43.490261 -19971.875239
993.000000 236.068061 48.555936 -30000.000000
994.000000 236.075136 41.823632 -14977.167327
995.000000 236.081373 43.388107 -19993.994960
996.000000 236.095060 43.285954 -20016.114681
997.000000 236.095572 41.604426 -14380.234306
998.000000 236.099156 47.903888 -25128.166777
999.000000 236.106713 43.187022 -20016.114681
1000.000000 236.113697 43.088556 -20016.114681
1001.000000 236.126980 42.986226 -20090.828674
1002.000000 236.131488 41.389625 -14058.717297
1003.000000 236.140263 42.883897 -20165.542668
1004.000000 236.153546 42.781567 -20240.256661
1005.000000 236.156712 44.919944 -23634.746326
1006.000000 236.156751 44.717114 -23630.768021
1007.000000 236.158976 44.514626 -23543.877010
1008.000000 236.159668 45.122861 -23638.724631
1009.000000 236.160559 42.684734 -20240.256661
1010.000000 236.161744 44.312143 -23456.986000
1011.000000 236.162039 48.259067 -27663.459505
1012.000000 236.163325 45.326073 -23640.483186
1013.000000 236.166090 44.110307 -23358.857343
1014.000000 236.171491 45.529028 -23642.241741
1015.000000 236.173620 42.582340 -20164.930342
1016.000000 236.180780 43.906656 -23280.282848
1017.000000 236.182392 45.733392 -23644.284280
1018.000000 236.182883 41.179231 -14012.616303
1019.000000 236.184331 47.691092 -24944.789989
1020.000000 236.186681 42.479946 -20089.604023
1021.000000 236.198630 45.946355 -23646.326820
1022.000000 236.199743 42.377552 -20014.277704
1023.000000 236.200146 43.705375 -23299.837012
1024.000000 236.200526 42.281937 -20014.277704
1025.000000 236.201935 42.177426 -19661.760263
1026.000000 236.203345 42.072914 -19309.242821
1027.000000 236.204754 41.968402 -18956.725379
1028.000000 236.210246 48.162837 -27564.083388
1029.000000 236.211436 41.877683 -18956.725379
1030.000000 236.216742 46.160586 -23773.226989
1031.000000 236.221654 41.768080 -18658.258868
1032.000000 236.222530 43.503883 -23321.956733
1033.000000 236.231872 41.658477 -18359.792357
1034.000000 236.234221 47.474809 -24761.413200
1035.000000 236.239282 46.374768 -23900.127158
1036.000000 236.242090 41.548873 -18061.325846
1037.000000 236.247869 43.302797 -23344.076454
1038.000000 236.254161 46.589013 -24086.076294
1039.000000 236.255713 47.245829 -24761.413200
1040.000000 236.263023 46.807700 -24272.025430
1041.000000 236.264704 47.025826 -24516.719315
1042.000000 236.266506 43.105399 -23344.076454
1043.000000 236.267827 48.052173 -27564.083388
1044.000000 236.271028 41.462197 -18061.325846
1045.000000 236.275298 48.392726 -30000.000000
1046.000000 236.286773 42.904604 -23418.790447
1047.000000 236.296726 41.357000 -18038.275349
1048.000000 236.307070 42.705442 -23493.504441
1049.000000 236.319488 44.524062 -26815.384010
1050.000000 236.319708 44.624195 -26815.384010
1051.000000 236.319889 44.927158 -26819.362315
1052.000000 236.319929 44.724328 -26815.384010
1053.000000 236.320149 44.824461 -26815.384010
1054.000000 236.321933 44.421707 -26728.493000
1055.000000 236.322257 44.321580 -26728.493000
1056.000000 236.322423 41.251802 -18015.224851
1057.000000 236.322581 44.221454 -26728.493000
1058.000000 236.322905 44.121327 -26728.493000
1059.000000 236.323106 45.027378 -26819.362315
1060.000000 236.325408 47.941509 -27564.083388
1061.000000 236.326322 45.127599 -26819.362315
1062.000000 236.326926 44.019617 -26630.364342
1063.000000 236.327144 42.506215 -23418.178122
1064.000000 236.329538 45.227820 -26819.362315
1065.000000 236.329979 45.330811 -26821.120870
1066.000000 236.337595 43.917676 -26649.918506
1067.000000 236.337704 45.430775 -26821.120870
1068.000000 236.340988 42.308207 -23342.851803
1069.000000 236.343181 42.108081 -22990.334361
1070.000000 236.345430 45.530738 -26821.120870
1071.000000 236.346292 43.818337 -26649.918506
1072.000000 236.348121 41.146605 -17992.174354
1073.000000 236.351272 41.912850 -22637.816919
1074.000000 236.353156 45.630702 -26821.120870
1075.000000 236.354989 43.718997 -26649.918506
1076.000000 236.356331 45.735102 -26823.163410
1077.000000 236.363686 43.619658 -26649.918506
1078.000000 236.368171 41.712527 -22339.350408
1079.000000 236.369394 45.843665 -26823.163410
1080.000000 236.377373 43.517505 -26672.038227
1081.000000 236.382456 45.952229 -26823.163410
1082.000000 236.382989 47.830845 -27564.083388
1083.000000 236.389026 43.418573 -26672.038227
1084.000000 236.395519 46.060792 -26823.163410
1085.000000 236.400569 46.166460 -26950.063579
1086.000000 236.400678 43.319640 -26672.038227
1087.000000 236.407327 41.516248 -22040.883897
1088.000000 236.410583 47.728712 -27380.706600
1089.000000 236.412331 43.220707 -26672.038227
1090.000000 236.418060 46.274974 -26950.063579
1091.000000 236.419315 43.122242 -26672.038227
1092.000000 236.426299 43.023777 -26672.038227
1093.000000 236.432879 47.614563 -27380.706600
1094.000000 236.433284 42.925311 -26672.038227
1095.000000 236.435550 46.383488 -26950.063579
1096.000000 236.436498 48.200458 -30000.000000
1097.000000 236.446567 42.822981 -26746.752220
1098.000000 236.450429 46.597733 -27136.012715
1099.000000 236.453041 46.492002 -26950.063579
1100.000000 236.453580 42.726149 -26746.752220
1101.000000 236.455175 47.500413 -27380.706600
1102.000000 236.460593 42.629317 -26746.752220
1103.000000 236.461904 46.710689 -27136.012715
1104.000000 236.461963 41.324374 -22017.833400
1105.000000 236.467607 42.532484 -26746.752220
1106.000000 236.473379 46.823644 -27136.012715
1107.000000 236.475059 47.041770 -27380.706600
1108.000000 236.475863 47.156602 -27380.706600
1109.000000 236.476667 47.271433 -27380.706600
1110.000000 236.477471 47.386264 -27380.706600
1111.000000 236.480668 42.430090 -26671.425901
1112.000000 236.481451 42.334476 -26671.425901
1113.000000 236.482234 42.238862 -26671.425901
1114.000000 236.482666 44.531276 -30000.000000
1115.000000 236.482769 44.331017 -30000.000000
1116.000000 236.483017 42.143247 -26671.425901
1117.000000 236.483106 44.731542 -30000.000000
1118.000000 236.483417 44.130764 -30000.000000
1119.000000 236.484427 42.038736 -26318.908460
1120.000000 236.484854 46.936599 -27136.012715
1121.000000 236.486543 44.931896 -30000.000000
1122.000000 236.491108 41.948016 -26318.908460
1123.000000 236.492438 43.931298 -30000.000000
1124.000000 236.492976 45.132337 -30000.000000
1125.000000 236.497789 41.857297 -26318.908460
1126.000000 236.503918 45.332521 -30000.000000
1127.000000 236.504470 41.766578 -26318.908460
1128.000000 236.509832 43.732620 -30000.000000
1129.000000 236.514688 41.656975 -26020.441949
1130.000000 236.519369 45.532448 -30000.000000
1131.000000 236.530182 43.534348 -30000.000000
1132.000000 236.540158 45.740976 -30000.000000
1133.000000 236.543627 41.570299 -26020.441949
1134.000000 236.551660 47.979130 -30000.000000
1135.000000 236.553487 43.336483 -30000.000000
1136.000000 236.566283 45.958103 -30000.000000
1137.000000 236.572124 43.139085 -30000.000000
1138.000000 236.572565 41.483622 -26020.441949
1139.000000 236.586093 42.942154 -30000.000000
1140.000000 236.596837 46.175180 -30000.000000
1141.000000 236.600090 42.746856 -30000.000000
1142.000000 236.601503 41.396946 -26020.441949
1143.000000 236.614117 42.553192 -30000.000000
1144.000000 236.621914 42.360745 -30000.000000
1145.000000 236.623480 42.169517 -30000.000000
1146.000000 236.627201 41.291749 -25997.391451
1147.000000 236.630944 41.983183 -30000.000000
1148.000000 236.631537 47.754316 -30000.000000
1149.000000 236.631819 46.392208 -30000.000000
1150.000000 236.644306 41.801745 -30000.000000
1151.000000 236.660784 46.613677 -30000.000000
1152.000000 236.676129 47.526018 -30000.000000
1153.000000 236.679926 41.624349 -30000.000000
1154.000000 236.683734 46.839588 -30000.000000
1155.000000 236.696013 47.067375 -30000.000000
1156.000000 236.697621 47.297037 -30000.000000
1157.000000 236.737803 41.450997 -30000.000000
