1 20 678 670
2 20 670 686
3 25 818 820
4 33 844 867
5 80 1418 1425
6 58 1216 1201
7 70 1181 1169
8 96 1488 1482
9 32 869 890
10 114 1839 1827
11 49 918 905
12 90 1408 1390
13 35 781 754
14 110 1666 1657
15 81 1368 1363
16 48 945 936
17 51 1106 1120
18 75 1292 1274
19 80 1415 1389
20 13 611 619
21 28 726 710
22 45 1015 1011
23 26 763 760
24 6 562 571
25 11 643 618
26 23 848 852
27 11 618 621
28 51 1138 1143
29 2 573 595
30 78 1473 1480
31 53 1087 1104
32 67 1257 1244
33 67 1244 1225
34 65 1280 1259
35 94 1552 1578
36 72 1380 1359
37 65 1295 1280
38 93 1599 1579
39 107 1734 1754
40 86 1535 1522
41 122 1849 1842
42 100 1676 1648
43 115 1769 1779
44 123 1818 1809
45 114 1801 1810
46 114 1829 1839
47 147 1926 1918
48 142 2103 2100
49 145 2027 2019
50 137 1989 1967
51 103 1581 1556
52 116 1766 1773
53 128 1980 1961
54 91 1393 1382
55 102 1629 1610
56 132 1804 1814
57 49 952 935
58 131 1853 1872
59 117 1701 1710
60 132 1833 1841
61 56 1018 1000
62 35 796 781
63 42 845 817
64 49 935 918
65 55 1041 1022
66 70 1151 1146
67 62 1126 1115
68 63 1076 1071
69 69 1196 1200
70 81 1374 1391
71 83 1336 1318
72 68 1226 1231
73 77 1252 1241
74 68 1206 1226
75 76 1275 1264
76 60 1147 1160
77 55 1047 1051
78 68 1197 1206
79 62 1123 1126
80 47 1007 995
81 55 1051 1041
82 60 1160 1177
83 54 1074 1082
84 67 1235 1249
85 67 1220 1235
86 59 1179 1199
87 52 1129 1112
88 66 1272 1278
89 75 1302 1292
90 39 962 967
91 39 955 962
92 59 1166 1179
93 46 1027 1035
94 34 829 805
95 40 933 922
96 32 890 896
97 33 867 875
98 28 740 726
99 41 888 865
100 48 964 945
101 48 974 964
102 28 710 703
103 12 617 637
104 33 834 830
105 19 690 706
106 5 568 588
107 19 728 731
108 20 711 715
109 18 699 700
110 12 656 661
111 12 637 656
112 19 731 712
113 26 800 804
114 25 801 778
115 10 629 628
116 22 821 843
117 17 727 750
118 12 642 624
119 17 708 727
120 17 709 708
121 16 719 718
122 9 635 653
123 1 578 601
124 17 735 709
125 8 647 664
126 16 723 719
127 24 815 791
128 15 732 751
129 17 753 735
130 31 909 912
131 29 924 950
132 23 822 848
133 16 769 745
134 23 852 832
135 37 1003 986
136 58 1212 1216
137 43 1048 1063
138 30 925 932
139 30 901 925
140 58 1195 1212
141 50 1153 1156
142 51 1109 1106
143 73 1320 1316
144 73 1357 1340
145 50 1122 1134
146 37 975 996
147 50 1134 1153
148 44 1046 1064
149 31 885 909
150 25 793 818
151 24 831 835
152 24 807 831
153 53 1078 1073
154 44 1029 1046
155 53 1097 1078
156 53 1110 1097
157 83 1347 1336
158 96 1505 1488
159 97 1479 1462
160 102 1622 1629
161 97 1498 1479
162 125 1740 1759
163 96 1525 1505
164 109 1699 1688
165 94 1578 1587
166 95 1544 1553
167 73 1345 1353
168 74 1321 1327
169 81 1399 1387
170 81 1391 1399
171 87 1472 1464
172 86 1500 1496
173 73 1340 1320
174 79 1441 1414
175 64 1307 1313
176 87 1503 1490
177 106 1785 1792
178 79 1447 1454
179 88 1471 1460
180 86 1527 1535
181 87 1495 1503
182 106 1767 1785
183 101 1655 1663
184 94 1587 1568
185 101 1663 1644
186 93 1619 1599
187 100 1685 1695
188 99 1692 1718
189 121 1915 1902
190 113 1861 1870
191 136 2032 2025
192 128 1992 1980
193 135 2063 2069
194 143 2084 2079
195 135 2069 2057
196 122 1879 1868
197 143 2079 2067
198 127 2017 2028
199 128 1962 1983
200 103 1600 1581
201 103 1592 1600
202 121 1904 1915
203 124 1781 1771
204 128 1983 1992
205 138 1920 1929
206 141 2115 2117
207 142 2099 2103
208 143 2066 2077
209 143 2060 2066
210 143 2077 2084
211 138 1952 1931
212 130 1891 1881
213 136 2009 2024
214 129 1916 1927
215 130 1881 1892
216 122 1842 1852
217 138 1931 1920
218 137 1967 1956
219 97 1491 1498
220 117 1727 1736
221 84 1312 1294
222 83 1342 1347
223 84 1322 1312
224 97 1462 1455
225 98 1469 1451
226 103 1566 1592
227 97 1455 1466
228 125 1741 1732
229 116 1737 1749
230 131 1844 1853
231 131 1856 1844
232 104 1559 1569
233 111 1593 1583
234 112 1589 1580
235 110 1640 1656
236 104 1519 1534
237 112 1580 1555
238 119 1650 1632
239 126 1705 1697
240 124 1780 1798
241 118 1687 1696
242 132 1814 1833
243 145 1993 2000
244 147 1943 1926
245 145 2002 1993
246 139 1914 1905
247 147 1951 1943
248 137 1987 1996
249 146 1982 1978
250 144 2049 2058
251 146 1973 1982
252 152 2050 2056
253 13 619 646
254 14 614 626
255 32 878 854
256 34 846 829
257 88 1460 1443
258 65 1259 1256
259 77 1222 1218
260 88 1446 1463
261 33 875 856
262 121 1883 1876
263 41 868 891
264 89 1407 1419
265 34 794 806
266 117 1711 1701
267 73 1328 1345
268 40 906 926
269 44 1064 1069
270 74 1293 1305
271 79 1409 1428
272 6 571 575
273 27 743 748
274 38 956 979
275 19 706 728
276 7 561 560
277 10 628 648
278 30 913 887
279 4 566 580
280 59 1187 1167
281 3 591 572
282 86 1522 1500
283 54 1082 1070
284 74 1297 1293
285 66 1239 1254
286 64 1273 1287
287 95 1553 1537
288 78 1439 1435
289 72 1338 1334
290 92 1602 1614
291 108 1731 1719
292 93 1579 1573
293 114 1810 1829
294 99 1673 1692
295 108 1721 1731
296 115 1779 1797
297 107 1754 1761
298 122 1868 1849
299 139 1888 1903
300 149 2119 2116
301 152 2059 2050
302 136 1997 2009
303 102 1576 1596
304 124 1799 1781
305 127 1991 1999
306 98 1434 1427
307 108 1694 1684
308 125 1759 1768
309 56 1000 994
310 132 1841 1832
311 110 1656 1666
312 140 1878 1858
313 55 1013 1026
314 41 865 851
315 41 851 868
316 48 936 949
317 54 1045 1057
318 62 1102 1123
319 69 1173 1163
320 55 1026 1047
321 77 1241 1222
322 82 1373 1362
323 82 1337 1348
324 76 1264 1246
325 84 1294 1288
326 69 1200 1191
327 83 1318 1311
328 53 1104 1110
329 63 1095 1076
330 61 1149 1159
331 70 1169 1151
332 54 1053 1045
333 62 1096 1089
334 61 1159 1145
335 62 1115 1096
336 68 1231 1221
337 60 1177 1184
338 60 1184 1170
339 59 1167 1166
340 74 1317 1297
341 82 1343 1337
342 46 1021 997
343 47 995 977
344 52 1125 1129
345 54 1070 1053
346 33 830 844
347 47 977 969
348 39 947 927
349 40 922 899
350 34 805 794
351 40 893 906
352 47 969 980
353 55 1022 1013
354 20 686 701
355 6 575 577
356 26 776 800
357 13 646 649
358 6 577 564
359 26 787 763
360 27 765 743
361 11 641 658
362 19 712 693
363 13 649 633
364 25 778 774
365 33 856 834
366 24 788 807
367 3 570 591
368 16 762 769
369 18 742 722
370 11 621 641
371 11 658 663
372 10 648 669
373 9 653 676
374 2 595 596
375 2 596 576
376 16 718 739
377 1 601 607
378 8 664 685
379 23 802 822
380 8 685 689
381 23 803 802
382 38 966 943
383 30 932 913
384 24 835 815
385 22 826 821
386 29 910 904
387 43 1054 1048
388 66 1262 1243
389 37 996 1003
390 37 986 960
391 31 912 895
392 59 1202 1187
393 58 1201 1182
394 43 1063 1083
395 65 1271 1290
396 79 1414 1409
397 43 1083 1088
398 38 984 966
399 51 1143 1127
400 45 1052 1036
401 32 896 878
402 26 804 787
403 31 895 872
404 25 820 801
405 45 1028 1050
406 38 979 984
407 52 1090 1105
408 60 1152 1147
409 90 1390 1383
410 95 1508 1520
411 96 1482 1492
412 109 1688 1661
413 103 1556 1548
414 126 1735 1723
415 102 1582 1576
416 116 1745 1737
417 101 1644 1616
418 102 1610 1582
419 81 1387 1368
420 82 1362 1343
421 88 1443 1436
422 89 1432 1416
423 79 1428 1447
424 78 1453 1473
425 72 1334 1349
426 78 1435 1453
427 72 1359 1338
428 94 1549 1541
429 114 1827 1807
430 87 1490 1472
431 95 1514 1508
432 94 1568 1549
433 95 1537 1514
434 107 1761 1750
435 108 1719 1694
436 100 1648 1641
437 107 1725 1716
438 99 1680 1673
439 107 1750 1725
440 100 1695 1676
441 128 1961 1953
442 121 1902 1883
443 143 2067 2060
444 135 2039 2031
445 142 2100 2086
446 150 2106 2102
447 141 2105 2101
448 129 1925 1916
449 142 2086 2090
450 135 2057 2039
451 129 1954 1944
452 109 1661 1653
453 110 1657 1630
454 129 1944 1925
455 116 1749 1766
456 136 2025 2006
457 131 1872 1882
458 149 2122 2119
459 150 2112 2106
460 144 2058 2051
461 136 2024 2032
462 151 2094 2085
463 137 1956 1969
464 122 1852 1871
465 137 1996 1989
466 122 1871 1879
467 123 1838 1846
468 115 1797 1806
469 130 1892 1912
470 129 1927 1945
471 104 1551 1526
472 125 1758 1741
473 83 1311 1323
474 91 1382 1366
475 91 1366 1358
476 89 1419 1438
477 104 1526 1519
478 104 1569 1551
479 90 1413 1420
480 117 1710 1727
481 109 1690 1699
482 124 1798 1808
483 123 1820 1838
484 111 1620 1593
485 104 1534 1559
486 119 1632 1624
487 111 1627 1620
488 98 1459 1469
489 111 1583 1601
490 118 1662 1669
491 118 1669 1687
492 125 1768 1758
493 126 1723 1705
494 133 1811 1803
495 138 1946 1957
496 146 1948 1958
497 137 1969 1987
498 146 1960 1948
499 154 1984 1975
500 145 2019 2002
501 153 2026 2015
502 152 2071 2059
503 154 1998 1984
504 145 2016 2027
505 182 638 654
506 179 639 662
507 227 859 841
508 226 853 861
509 380 1449 1437
510 330 1240 1219
511 320 1204 1186
512 392 1458 1470
513 234 880 886
514 489 1865 1845
515 245 881 894
516 375 1404 1396
517 216 782 766
518 445 1693 1675
519 361 1341 1352
520 253 917 928
521 292 1084 1101
522 346 1285 1279
523 378 1403 1394
524 163 589 605
525 202 734 721
526 269 976 992
527 204 724 741
528 155 563 565
529 178 627 625
530 235 892 873
531 165 581 603
532 309 1174 1158
533 160 592 594
534 394 1507 1493
535 289 1091 1098
536 340 1281 1261
537 333 1236 1230
538 342 1268 1263
539 409 1562 1571
540 373 1412 1386
541 349 1319 1298
542 425 1594 1588
543 455 1738 1746
544 411 1560 1539
545 484 1822 1831
546 444 1664 1658
547 461 1742 1760
548 476 1790 1800
549 470 1772 1793
550 484 1859 1847
551 503 1898 1908
552 555 2114 2108
553 536 2046 2033
554 526 1988 1976
555 420 1570 1563
556 469 1791 1784
557 523 1979 1971
558 374 1417 1400
559 437 1665 1638
560 471 1778 1796
561 263 978 958
562 485 1848 1860
563 445 1674 1691
564 488 1863 1851
565 274 1009 1005
566 224 837 808
567 232 840 828
568 254 929 923
569 281 1037 1030
570 304 1118 1132
571 306 1154 1135
572 285 1043 1058
573 323 1227 1213
574 364 1379 1385
575 357 1332 1325
576 329 1253 1242
577 339 1276 1258
578 319 1211 1217
579 344 1300 1283
580 302 1124 1140
581 285 1080 1065
582 316 1168 1188
583 304 1155 1139
584 277 1033 1014
585 287 1077 1060
586 308 1165 1172
587 291 1103 1093
588 327 1237 1245
589 321 1198 1214
590 314 1189 1193
591 307 1150 1131
592 343 1304 1291
593 351 1326 1308
594 264 1004 985
595 259 983 972
596 307 1141 1162
597 279 1061 1049
598 226 819 814
599 256 959 941
600 246 931 914
601 240 907 889
602 209 779 752
603 242 883 874
604 262 961 954
605 268 1002 982
606 195 691 695
607 164 598 616
608 222 792 811
609 183 666 687
610 156 579 582
611 204 768 749
612 199 747 733
613 186 659 680
614 184 694 677
615 176 651 655
616 206 757 736
617 222 839 824
618 220 786 783
619 169 590 608
620 217 790 816
621 198 744 746
622 177 622 623
623 188 684 705
624 190 668 688
625 192 675 696
626 171 612 634
627 161 597 600
628 200 714 713
629 174 620 644
630 194 683 702
631 223 797 795
632 196 707 730
633 212 780 758
634 250 948 930
635 249 938 942
636 223 838 842
637 217 798 770
638 237 884 858
639 276 1031 1008
640 328 1247 1233
641 276 1020 1042
642 255 968 951
643 244 916 919
644 318 1205 1210
645 312 1185 1171
646 293 1079 1092
647 347 1284 1301
648 367 1388 1365
649 297 1100 1117
650 261 988 993
651 303 1144 1148
652 280 1056 1062
653 238 900 903
654 214 809 813
655 231 876 855
656 220 825 827
657 286 1044 1059
658 271 1001 1025
659 295 1086 1081
660 302 1133 1116
661 363 1372 1354
662 401 1501 1494
663 393 1474 1468
664 433 1667 1649
665 403 1529 1504
666 456 1743 1751
667 410 1558 1530
668 453 1726 1707
669 423 1625 1606
670 414 1591 1572
671 361 1376 1364
672 354 1351 1339
673 376 1423 1405
674 372 1422 1410
675 386 1440 1452
676 394 1467 1481
677 358 1330 1324
678 384 1426 1421
679 353 1344 1329
680 402 1528 1510
681 473 1815 1805
682 386 1478 1465
683 395 1497 1477
684 407 1557 1545
685 399 1524 1512
686 464 1770 1776
687 442 1700 1681
688 427 1621 1595
689 446 1698 1670
690 435 1652 1626
691 451 1733 1713
692 444 1702 1712
693 509 1940 1921
694 492 1894 1880
695 539 2054 2041
696 529 2021 2001
697 545 2092 2081
698 550 2098 2089
699 549 2093 2076
700 499 1906 1887
701 548 2080 2074
702 533 2047 2037
703 514 1965 1974
704 430 1633 1607
705 426 1637 1618
706 504 1934 1924
707 469 1756 1765
708 524 2013 2003
709 500 1890 1911
710 557 2121 2120
711 553 2110 2107
712 541 2064 2072
713 539 2040 2052
714 547 2091 2088
715 516 1949 1937
716 495 1862 1873
717 526 2007 2014
718 499 1889 1907
719 491 1857 1875
720 480 1816 1834
721 507 1901 1913
722 515 1936 1947
723 400 1533 1516
724 458 1752 1744
725 350 1306 1299
726 360 1371 1360
727 356 1346 1331
728 385 1431 1444
729 396 1502 1476
730 413 1577 1585
731 381 1430 1448
732 458 1717 1724
733 453 1709 1729
734 481 1817 1835
735 487 1828 1837
736 416 1603 1586
737 416 1550 1567
738 424 1615 1597
739 431 1636 1647
740 396 1485 1509
741 421 1574 1564
742 438 1651 1643
743 448 1678 1686
744 466 1777 1787
745 448 1714 1704
746 477 1821 1826
747 520 1964 1981
748 512 1939 1933
749 525 1977 1986
750 508 1941 1923
751 517 1970 1955
752 525 2012 2004
753 527 2010 1995
754 540 2065 2061
755 521 1994 1990
756 536 2030 2044
757 172 609 631
758 175 645 652
759 238 885 863
760 236 893 877
761 389 1475 1457
762 331 1229 1223
763 323 1196 1192
764 382 1432 1450
765 243 920 902
766 492 1861 1854
767 232 845 870
768 369 1373 1384
769 209 740 755
770 450 1690 1683
771 352 1317 1333
772 242 888 908
773 290 1094 1099
774 340 1257 1269
775 367 1357 1377
776 162 593 599
777 199 711 716
778 257 947 971
779 193 698 720
780 159 583 574
781 168 584 604
782 249 924 898
783 157 569 585
784 318 1195 1175
785 169 629 610
786 405 1536 1513
787 296 1121 1107
788 343 1272 1267
789 326 1202 1215
790 335 1232 1248
791 418 1609 1590
792 377 1398 1392
793 353 1307 1303
794 419 1561 1575
795 461 1769 1757
796 415 1554 1546
797 474 1794 1812
798 435 1619 1639
799 457 1745 1753
800 468 1764 1782
801 465 1775 1786
802 493 1884 1866
803 496 1878 1895
804 557 2115 2111
805 540 2049 2043
806 519 1954 1966
807 410 1525 1543
808 478 1820 1802
809 518 1950 1959
810 379 1413 1406
811 442 1655 1646
812 467 1783 1789
813 265 970 965
814 490 1877 1867
815 440 1671 1682
816 496 1888 1869
817 268 974 989
818 230 836 823
819 224 796 812
820 247 897 911
821 277 1007 1017
822 294 1095 1113
823 311 1149 1142
824 274 1018 1039
825 332 1250 1234
826 369 1407 1397
827 351 1302 1314
828 338 1277 1260
829 341 1270 1265
830 325 1238 1228
831 348 1296 1289
832 298 1128 1136
833 294 1102 1085
834 311 1173 1180
835 313 1176 1161
836 279 1027 1023
837 291 1074 1068
838 316 1197 1183
839 300 1130 1111
840 334 1266 1255
841 317 1203 1209
842 321 1220 1207
843 309 1138 1137
844 352 1328 1309
845 354 1321 1315
846 275 1028 1006
847 270 1010 991
848 305 1152 1157
849 289 1087 1067
850 221 784 799
851 259 955 946
852 257 956 934
853 251 937 915
854 215 775 764
855 236 846 860
856 256 933 944
857 272 999 990
858 185 667 681
859 163 611 613
860 211 765 789
861 182 678 682
862 164 617 602
863 214 793 771
864 211 776 756
865 177 642 660
866 197 717 697
867 183 690 673
868 207 738 737
869 234 869 847
870 208 742 761
871 158 567 586
872 213 803 810
873 208 788 767
874 166 587 606
875 186 699 704
876 178 643 665
877 180 650 674
878 170 630 632
879 171 635 615
880 191 671 692
881 173 636 640
882 181 657 679
883 212 753 772
884 194 723 725
885 213 762 759
886 261 975 953
887 258 981 963
888 233 882 862
889 219 777 773
890 241 871 864
891 278 1024 1016
892 337 1271 1251
893 273 1032 1038
894 267 998 973
895 252 957 939
896 326 1239 1224
897 322 1208 1190
898 284 1055 1072
899 337 1262 1282
900 371 1375 1369
901 293 1109 1114
902 271 1029 1012
903 310 1178 1164
904 288 1090 1075
905 248 940 921
906 225 850 833
907 244 901 879
908 229 866 849
909 275 1021 1040
910 269 1015 1019
911 288 1052 1066
912 305 1125 1119
913 366 1367 1361
914 395 1471 1483
915 388 1445 1456
916 447 1703 1677
917 406 1517 1511
918 462 1774 1763
919 414 1544 1538
920 457 1721 1715
921 436 1660 1631
922 428 1628 1598
923 370 1401 1381
924 364 1374 1356
925 380 1418 1411
926 382 1446 1429
927 378 1415 1433
928 384 1441 1461
929 349 1295 1310
930 373 1380 1402
931 362 1370 1350
932 407 1527 1518
933 483 1843 1823
934 397 1506 1487
935 399 1495 1486
936 417 1584 1565
937 409 1552 1532
938 470 1801 1788
939 455 1734 1708
940 432 1611 1604
941 451 1685 1679
942 439 1642 1634
943 464 1767 1739
944 454 1747 1728
945 511 1938 1932
946 502 1919 1900
947 542 2055 2048
948 533 2017 2011
949 554 2109 2096
950 553 2099 2095
951 551 2087 2082
952 504 1904 1896
953 545 2063 2068
954 543 2070 2053
955 519 1997 1985
956 433 1622 1613
957 441 1672 1645
958 514 1962 1942
959 460 1730 1748
960 535 2042 2023
961 494 1885 1897
962 559 2125 2123
963 556 2118 2113
964 544 2078 2075
965 534 2036 2045
966 552 2104 2097
967 510 1917 1930
968 486 1836 1855
969 530 2029 2022
970 495 1891 1899
971 487 1856 1864
972 476 1818 1825
973 497 1874 1893
974 506 1909 1928
975 413 1566 1540
976 466 1780 1762
977 344 1275 1286
978 368 1395 1378
979 360 1342 1335
980 375 1408 1424
981 400 1491 1484
982 422 1623 1605
983 379 1434 1442
984 449 1689 1706
985 450 1711 1720
986 475 1813 1824
987 478 1799 1819
988 431 1640 1612
989 404 1515 1542
990 429 1617 1608
991 434 1662 1654
992 391 1489 1499
993 412 1531 1547
994 434 1627 1635
995 438 1650 1668
996 471 1804 1795
997 456 1740 1722
998 482 1850 1840
999 513 1960 1972
1000 508 1914 1922
1001 516 1952 1968
1002 513 1946 1935
1003 521 1973 1963
1004 532 2035 2020
1005 531 2016 2008
1006 546 2083 2073
1007 528 2018 2005
1008 531 2026 2034
1009 182 654 678
1010 179 662 670
1011 227 841 818
1012 226 861 844
1013 380 1437 1418
1014 330 1219 1216
1015 320 1186 1181
1016 392 1470 1488
1017 234 886 869
1018 489 1845 1839
1019 245 894 918
1020 375 1396 1408
1021 216 766 781
1022 445 1675 1666
1023 361 1352 1368
1024 253 928 945
1025 292 1101 1106
1026 346 1279 1292
1027 378 1394 1415
1028 163 605 611
1029 202 721 726
1030 269 992 1015
1031 204 741 763
1032 155 565 562
1033 178 625 643
1034 235 873 848
1035 165 603 618
1036 309 1158 1138
1037 160 594 573
1038 394 1493 1473
1039 289 1098 1087
1040 340 1261 1257
1041 333 1230 1244
1042 342 1263 1280
1043 409 1571 1552
1044 373 1386 1380
1045 349 1298 1295
1046 425 1588 1599
1047 455 1746 1734
1048 411 1539 1535
1049 484 1831 1849
1050 444 1658 1676
1051 461 1760 1769
1052 476 1800 1818
1053 470 1793 1801
1054 484 1847 1829
1055 503 1908 1926
1056 555 2108 2103
1057 536 2033 2027
1058 526 1976 1989
1059 420 1563 1581
1060 469 1784 1766
1061 523 1971 1980
1062 374 1400 1393
1063 437 1638 1629
1064 471 1796 1804
1065 263 958 952
1066 485 1860 1853
1067 445 1691 1701
1068 488 1851 1833
1069 274 1005 1018
1070 224 808 796
1071 232 828 845
1072 254 923 935
1073 281 1030 1041
1074 304 1132 1151
1075 306 1135 1126
1076 285 1058 1076
1077 323 1213 1196
1078 364 1385 1374
1079 357 1325 1336
1080 329 1242 1226
1081 339 1258 1252
1082 319 1217 1206
1083 344 1283 1275
1084 302 1140 1147
1085 285 1065 1047
1086 316 1188 1197
1087 304 1139 1123
1088 277 1014 1007
1089 287 1060 1051
1090 308 1172 1160
1091 291 1093 1074
1092 327 1245 1235
1093 321 1214 1220
1094 314 1193 1179
1095 307 1131 1129
1096 343 1291 1272
1097 351 1308 1302
1098 264 985 962
1099 259 972 955
1100 307 1162 1166
1101 279 1049 1027
1102 226 814 829
1103 256 941 933
1104 246 914 890
1105 240 889 867
1106 209 752 740
1107 242 874 888
1108 262 954 964
1109 268 982 974
1110 195 695 710
1111 164 616 617
1112 222 811 834
1113 183 687 690
1114 156 582 568
1115 204 749 728
1116 199 733 711
1117 186 680 699
1118 184 677 656
1119 176 655 637
1120 206 736 731
1121 222 824 800
1122 220 783 801
1123 169 608 629
1124 217 816 821
1125 198 746 727
1126 177 623 642
1127 188 705 708
1128 190 688 709
1129 192 696 719
1130 171 634 635
1131 161 600 578
1132 200 713 735
1133 174 644 647
1134 194 702 723
1135 223 795 815
1136 196 730 732
1137 212 758 753
1138 250 930 909
1139 249 942 924
1140 223 842 822
1141 217 770 769
1142 237 858 852
1143 276 1008 1003
1144 328 1233 1212
1145 276 1042 1048
1146 255 951 925
1147 244 919 901
1148 318 1210 1195
1149 312 1171 1153
1150 293 1092 1109
1151 347 1301 1320
1152 367 1365 1357
1153 297 1117 1122
1154 261 993 975
1155 303 1148 1134
1156 280 1062 1046
1157 238 903 885
1158 214 813 793
1159 231 855 831
1160 220 827 807
1161 286 1059 1078
1162 271 1025 1029
1163 295 1081 1097
1164 302 1116 1110
1165 363 1354 1347
1166 401 1494 1505
1167 393 1468 1479
1168 433 1649 1622
1169 403 1504 1498
1170 456 1751 1740
1171 410 1530 1525
1172 453 1707 1699
1173 423 1606 1578
1174 414 1572 1544
1175 361 1364 1345
1176 354 1339 1321
1177 376 1405 1399
1178 372 1410 1391
1179 386 1452 1472
1180 394 1481 1500
1181 358 1324 1340
1182 384 1421 1441
1183 353 1329 1307
1184 402 1510 1503
1185 473 1805 1785
1186 386 1465 1447
1187 395 1477 1471
1188 407 1545 1527
1189 399 1512 1495
1190 464 1776 1767
1191 442 1681 1655
1192 427 1595 1587
1193 446 1670 1663
1194 435 1626 1619
1195 451 1713 1685
1196 444 1712 1692
1197 509 1921 1915
1198 492 1880 1861
1199 539 2041 2032
1200 529 2001 1992
1201 545 2081 2063
1202 550 2089 2084
1203 549 2076 2069
1204 499 1887 1879
1205 548 2074 2079
1206 533 2037 2017
1207 514 1974 1962
1208 430 1607 1600
1209 426 1618 1592
1210 504 1924 1904
1211 469 1765 1781
1212 524 2003 1983
1213 500 1911 1920
1214 557 2120 2115
1215 553 2107 2099
1216 541 2072 2066
1217 539 2052 2060
1218 547 2088 2077
1219 516 1937 1952
1220 495 1873 1891
1221 526 2014 2009
1222 499 1907 1916
1223 491 1875 1881
1224 480 1834 1842
1225 507 1913 1931
1226 515 1947 1967
1227 400 1516 1491
1228 458 1744 1727
1229 350 1299 1312
1230 360 1360 1342
1231 356 1331 1322
1232 385 1444 1462
1233 396 1476 1469
1234 413 1585 1566
1235 381 1448 1455
1236 458 1724 1741
1237 453 1729 1737
1238 481 1835 1844
1239 487 1837 1856
1240 416 1586 1559
1241 416 1567 1593
1242 424 1597 1589
1243 431 1647 1640
1244 396 1509 1519
1245 421 1564 1580
1246 438 1643 1650
1247 448 1686 1705
1248 466 1787 1780
1249 448 1704 1687
1250 477 1826 1814
1251 520 1981 1993
1252 512 1933 1943
1253 525 1986 2002
1254 508 1923 1914
1255 517 1955 1951
1256 525 2004 1987
1257 527 1995 1982
1258 540 2061 2049
1259 521 1990 1973
1260 536 2044 2050
1261 172 638 619
1262 175 639 614
1263 238 859 878
1264 236 853 846
1265 389 1449 1460
1266 331 1240 1259
1267 323 1204 1222
1268 382 1458 1446
1269 243 880 875
1270 492 1865 1883
1271 232 881 868
1272 369 1404 1407
1273 209 782 794
1274 450 1693 1711
1275 352 1341 1328
1276 242 917 906
1277 290 1084 1064
1278 340 1285 1293
1279 367 1403 1409
1280 162 589 571
1281 199 734 743
1282 257 976 956
1283 193 724 706
1284 159 563 561
1285 168 627 628
1286 249 892 913
1287 157 581 566
1288 318 1174 1187
1289 169 592 591
1290 405 1507 1522
1291 296 1091 1082
1292 343 1281 1297
1293 326 1236 1239
1294 335 1268 1273
1295 418 1562 1553
1296 377 1412 1439
1297 353 1319 1338
1298 419 1594 1602
1299 461 1738 1731
1300 415 1560 1579
1301 474 1822 1810
1302 435 1664 1673
1303 457 1742 1721
1304 468 1790 1779
1305 465 1772 1754
1306 493 1859 1868
1307 496 1898 1888
1308 557 2114 2119
1309 540 2046 2059
1310 519 1988 1997
1311 410 1570 1576
1312 478 1791 1799
1313 518 1979 1991
1314 379 1417 1434
1315 442 1665 1694
1316 467 1778 1759
1317 265 978 1000
1318 490 1848 1841
1319 440 1674 1656
1320 496 1863 1878
1321 268 1009 1013
1322 230 837 865
1323 224 840 851
1324 247 929 936
1325 277 1037 1045
1326 294 1118 1102
1327 311 1154 1173
1328 274 1043 1026
1329 332 1227 1241
1330 369 1379 1373
1331 351 1332 1337
1332 338 1253 1264
1333 341 1276 1294
1334 325 1211 1200
1335 348 1300 1318
1336 298 1124 1104
1337 294 1080 1095
1338 311 1168 1149
1339 313 1155 1169
1340 279 1033 1053
1341 291 1077 1096
1342 316 1165 1159
1343 300 1103 1115
1344 334 1237 1231
1345 317 1198 1177
1346 321 1189 1184
1347 309 1150 1167
1348 352 1304 1317
1349 354 1326 1343
1350 275 1004 1021
1351 270 983 995
1352 305 1141 1125
1353 289 1061 1070
1354 221 819 830
1355 259 959 977
1356 257 931 947
1357 251 907 922
1358 215 779 805
1359 236 883 893
1360 256 961 969
1361 272 1002 1022
1362 185 691 686
1363 163 598 575
1364 211 792 776
1365 182 666 646
1366 164 579 577
1367 214 768 787
1368 211 747 765
1369 177 659 641
1370 197 694 712
1371 183 651 649
1372 207 757 778
1373 234 839 856
1374 208 786 788
1375 158 590 570
1376 213 790 762
1377 208 744 742
1378 166 622 621
1379 186 684 658
1380 178 668 648
1381 180 675 653
1382 170 612 595
1383 171 597 596
1384 191 714 718
1385 173 620 601
1386 181 683 664
1387 212 797 802
1388 194 707 685
1389 213 780 803
1390 261 948 966
1391 258 938 932
1392 233 838 835
1393 219 798 826
1394 241 884 910
1395 278 1031 1054
1396 337 1247 1262
1397 273 1020 996
1398 267 968 986
1399 252 916 912
1400 326 1205 1202
1401 322 1185 1201
1402 284 1079 1063
1403 337 1284 1271
1404 371 1388 1414
1405 293 1100 1083
1406 271 988 984
1407 310 1144 1143
1408 288 1056 1052
1409 248 900 896
1410 225 809 804
1411 244 876 895
1412 229 825 820
1413 275 1044 1028
1414 269 1001 979
1415 288 1086 1090
1416 305 1133 1152
1417 366 1372 1390
1418 395 1501 1508
1419 388 1474 1482
1420 447 1667 1688
1421 406 1529 1556
1422 462 1743 1735
1423 414 1558 1582
1424 457 1726 1745
1425 436 1625 1644
1426 428 1591 1610
1427 370 1376 1387
1428 364 1351 1362
1429 380 1423 1443
1430 382 1422 1432
1431 378 1440 1428
1432 384 1467 1453
1433 349 1330 1334
1434 373 1426 1435
1435 362 1344 1359
1436 407 1528 1549
1437 483 1815 1827
1438 397 1478 1490
1439 399 1497 1514
1440 417 1557 1568
1441 409 1524 1537
1442 470 1770 1761
1443 455 1700 1719
1444 432 1621 1648
1445 451 1698 1725
1446 439 1652 1680
1447 464 1733 1750
1448 454 1702 1695
1449 511 1940 1961
1450 502 1894 1902
1451 542 2054 2067
1452 533 2021 2039
1453 554 2092 2100
1454 553 2098 2106
1455 551 2093 2105
1456 504 1906 1925
1457 545 2080 2086
1458 543 2047 2057
1459 519 1965 1954
1460 433 1633 1661
1461 441 1637 1657
1462 514 1934 1944
1463 460 1756 1749
1464 535 2013 2025
1465 494 1890 1872
1466 559 2121 2122
1467 556 2110 2112
1468 544 2064 2058
1469 534 2040 2024
1470 552 2091 2094
1471 510 1949 1956
1472 486 1862 1852
1473 530 2007 1996
1474 495 1889 1871
1475 487 1857 1838
1476 476 1816 1797
1477 497 1901 1892
1478 506 1936 1927
1479 413 1533 1551
1480 466 1752 1758
1481 344 1306 1311
1482 368 1371 1382
1483 360 1346 1366
1484 375 1431 1419
1485 400 1502 1526
1486 422 1577 1569
1487 379 1430 1413
1488 449 1717 1710
1489 450 1709 1690
1490 475 1817 1798
1491 478 1828 1820
1492 431 1603 1620
1493 404 1550 1534
1494 429 1615 1632
1495 434 1636 1627
1496 391 1485 1459
1497 412 1574 1583
1498 434 1651 1662
1499 438 1678 1669
1500 471 1777 1768
1501 456 1714 1723
1502 482 1821 1811
1503 513 1964 1946
1504 508 1939 1948
1505 516 1977 1969
1506 513 1941 1960
1507 521 1970 1984
1508 532 2012 2019
1509 531 2010 2026
1510 546 2065 2071
1511 528 1994 1998
1512 531 2030 2016
1513 172 631 638
1514 175 652 639
1515 238 863 859
1516 236 877 853
1517 389 1457 1449
1518 331 1223 1240
1519 323 1192 1204
1520 382 1450 1458
1521 243 902 880
1522 492 1854 1865
1523 232 870 881
1524 369 1384 1404
1525 209 755 782
1526 450 1683 1693
1527 352 1333 1341
1528 242 908 917
1529 290 1099 1084
1530 340 1269 1285
1531 367 1377 1403
1532 162 599 589
1533 199 716 734
1534 257 971 976
1535 193 720 724
1536 159 574 563
1537 168 604 627
1538 249 898 892
1539 157 585 581
1540 318 1175 1174
1541 169 610 592
1542 405 1513 1507
1543 296 1107 1091
1544 343 1267 1281
1545 326 1215 1236
1546 335 1248 1268
1547 418 1590 1562
1548 377 1392 1412
1549 353 1303 1319
1550 419 1575 1594
1551 461 1757 1738
1552 415 1546 1560
1553 474 1812 1822
1554 435 1639 1664
1555 457 1753 1742
1556 468 1782 1790
1557 465 1786 1772
1558 493 1866 1859
1559 496 1895 1898
1560 557 2111 2114
1561 540 2043 2046
1562 519 1966 1988
1563 410 1543 1570
1564 478 1802 1791
1565 518 1959 1979
1566 379 1406 1417
1567 442 1646 1665
1568 467 1789 1778
1569 265 965 978
1570 490 1867 1848
1571 440 1682 1674
1572 496 1869 1863
1573 268 989 1009
1574 230 823 837
1575 224 812 840
1576 247 911 929
1577 277 1017 1037
1578 294 1113 1118
1579 311 1142 1154
1580 274 1039 1043
1581 332 1234 1227
1582 369 1397 1379
1583 351 1314 1332
1584 338 1260 1253
1585 341 1265 1276
1586 325 1228 1211
1587 348 1289 1300
1588 298 1136 1124
1589 294 1085 1080
1590 311 1180 1168
1591 313 1161 1155
1592 279 1023 1033
1593 291 1068 1077
1594 316 1183 1165
1595 300 1111 1103
1596 334 1255 1237
1597 317 1209 1198
1598 321 1207 1189
1599 309 1137 1150
1600 352 1309 1304
1601 354 1315 1326
1602 275 1006 1004
1603 270 991 983
1604 305 1157 1141
1605 289 1067 1061
1606 221 799 819
1607 259 946 959
1608 257 934 931
1609 251 915 907
1610 215 764 779
1611 236 860 883
1612 256 944 961
1613 272 990 1002
1614 185 681 691
1615 163 613 598
1616 211 789 792
1617 182 682 666
1618 164 602 579
1619 214 771 768
1620 211 756 747
1621 177 660 659
1622 197 697 694
1623 183 673 651
1624 207 737 757
1625 234 847 839
1626 208 761 786
1627 158 586 590
1628 213 810 790
1629 208 767 744
1630 166 606 622
1631 186 704 684
1632 178 665 668
1633 180 674 675
1634 170 632 612
1635 171 615 597
1636 191 692 714
1637 173 640 620
1638 181 679 683
1639 212 772 797
1640 194 725 707
1641 213 759 780
1642 261 953 948
1643 258 963 938
1644 233 862 838
1645 219 773 798
1646 241 864 884
1647 278 1016 1031
1648 337 1251 1247
1649 273 1038 1020
1650 267 973 968
1651 252 939 916
1652 326 1224 1205
1653 322 1190 1185
1654 284 1072 1079
1655 337 1282 1284
1656 371 1369 1388
1657 293 1114 1100
1658 271 1012 988
1659 310 1164 1144
1660 288 1075 1056
1661 248 921 900
1662 225 833 809
1663 244 879 876
1664 229 849 825
1665 275 1040 1044
1666 269 1019 1001
1667 288 1066 1086
1668 305 1119 1133
1669 366 1361 1372
1670 395 1483 1501
1671 388 1456 1474
1672 447 1677 1667
1673 406 1511 1529
1674 462 1763 1743
1675 414 1538 1558
1676 457 1715 1726
1677 436 1631 1625
1678 428 1598 1591
1679 370 1381 1376
1680 364 1356 1351
1681 380 1411 1423
1682 382 1429 1422
1683 378 1433 1440
1684 384 1461 1467
1685 349 1310 1330
1686 373 1402 1426
1687 362 1350 1344
1688 407 1518 1528
1689 483 1823 1815
1690 397 1487 1478
1691 399 1486 1497
1692 417 1565 1557
1693 409 1532 1524
1694 470 1788 1770
1695 455 1708 1700
1696 432 1604 1621
1697 451 1679 1698
1698 439 1634 1652
1699 464 1739 1733
1700 454 1728 1702
1701 511 1932 1940
1702 502 1900 1894
1703 542 2048 2054
1704 533 2011 2021
1705 554 2096 2092
1706 553 2095 2098
1707 551 2082 2093
1708 504 1896 1906
1709 545 2068 2080
1710 543 2053 2047
1711 519 1985 1965
1712 433 1613 1633
1713 441 1645 1637
1714 514 1942 1934
1715 460 1748 1756
1716 535 2023 2013
1717 494 1897 1890
1718 559 2123 2121
1719 556 2113 2110
1720 544 2075 2064
1721 534 2045 2040
1722 552 2097 2091
1723 510 1930 1949
1724 486 1855 1862
1725 530 2022 2007
1726 495 1899 1889
1727 487 1864 1857
1728 476 1825 1816
1729 497 1893 1901
1730 506 1928 1936
1731 413 1540 1533
1732 466 1762 1752
1733 344 1286 1306
1734 368 1378 1371
1735 360 1335 1346
1736 375 1424 1431
1737 400 1484 1502
1738 422 1605 1577
1739 379 1442 1430
1740 449 1706 1717
1741 450 1720 1709
1742 475 1824 1817
1743 478 1819 1828
1744 431 1612 1603
1745 404 1542 1550
1746 429 1608 1615
1747 434 1654 1636
1748 391 1499 1485
1749 412 1547 1574
1750 434 1635 1651
1751 438 1668 1678
1752 471 1795 1777
1753 456 1722 1714
1754 482 1840 1821
1755 513 1972 1964
1756 508 1922 1939
1757 516 1968 1977
1758 513 1935 1941
1759 521 1963 1970
1760 532 2020 2012
1761 531 2008 2010
1762 546 2073 2065
1763 528 2005 1994
1764 531 2034 2030
1765 14 626 609
1766 21 667 645
1767 31 866 885
1768 40 899 893
1769 87 1464 1475
1770 57 1208 1229
1771 69 1176 1196
1772 89 1445 1432
1773 39 927 920
1774 113 1843 1861
1775 42 857 845
1776 82 1367 1373
1777 28 729 740
1778 109 1672 1690
1779 74 1327 1317
1780 41 897 888
1781 52 1112 1094
1782 67 1249 1257
1783 73 1353 1357
1784 14 609 593
1785 20 701 711
1786 39 967 947
1787 20 715 698
1788 14 593 583
1789 4 580 584
1790 29 904 924
1791 5 587 569
1792 58 1178 1195
1793 10 630 629
1794 85 1521 1536
1795 61 1128 1121
1796 66 1254 1272
1797 59 1199 1202
1798 57 1229 1232
1799 101 1616 1609
1800 71 1370 1398
1801 64 1287 1307
1802 85 1554 1561
1803 115 1775 1769
1804 85 1536 1554
1805 115 1806 1794
1806 93 1611 1619
1807 116 1764 1745
1808 116 1773 1764
1809 115 1794 1775
1810 121 1876 1884
1811 140 1886 1878
1812 141 2109 2115
1813 144 2035 2049
1814 129 1945 1954
1815 96 1517 1525
1816 123 1809 1820
1817 120 1938 1950
1818 90 1395 1413
1819 101 1628 1655
1820 133 1803 1783
1821 48 949 970
1822 139 1885 1877
1823 118 1689 1671
1824 139 1877 1888
1825 48 970 974
1826 34 806 836
1827 35 785 796
1828 41 891 897
1829 47 999 1007
1830 63 1108 1095
1831 61 1130 1149
1832 56 1034 1018
1833 76 1238 1250
1834 89 1416 1407
1835 75 1296 1302
1836 75 1266 1277
1837 76 1250 1270
1838 76 1246 1238
1839 75 1277 1296
1840 61 1145 1128
1841 62 1089 1102
1842 69 1191 1173
1843 69 1163 1176
1844 46 1010 1027
1845 54 1057 1074
1846 68 1203 1197
1847 61 1121 1130
1848 75 1274 1266
1849 68 1221 1203
1850 67 1225 1220
1851 51 1120 1138
1852 73 1316 1328
1853 74 1305 1321
1854 45 1011 1028
1855 46 997 1010
1856 60 1170 1152
1857 53 1073 1087
1858 27 775 784
1859 39 937 955
1860 38 940 956
1861 39 920 937
1862 27 748 775
1863 34 836 846
1864 40 926 933
1865 47 980 999
1866 21 672 667
1867 13 633 611
1868 27 784 765
1869 20 698 678
1870 12 624 617
1871 25 774 793
1872 26 760 776
1873 12 661 642
1874 18 700 717
1875 19 693 690
1876 18 717 738
1877 32 850 869
1878 18 738 742
1879 4 584 567
1880 23 832 803
1881 24 791 788
1882 5 588 587
1883 18 722 699
1884 11 663 643
1885 10 671 650
1886 10 650 630
1887 9 636 635
1888 10 669 671
1889 9 657 636
1890 9 676 657
1891 17 750 753
1892 16 745 723
1893 16 739 762
1894 37 957 975
1895 36 987 981
1896 30 887 882
1897 15 751 777
1898 22 843 871
1899 36 998 1024
1900 65 1256 1271
1901 44 1055 1032
1902 36 981 998
1903 37 960 957
1904 66 1243 1239
1905 57 1194 1208
1906 44 1069 1055
1907 66 1278 1262
1908 72 1349 1375
1909 51 1127 1109
1910 44 1032 1029
1911 58 1182 1178
1912 52 1094 1090
1913 38 943 940
1914 32 854 850
1915 30 882 901
1916 31 872 866
1917 46 1035 1021
1918 45 1036 1015
1919 45 1050 1052
1920 52 1105 1125
1921 82 1348 1367
1922 88 1463 1471
1923 89 1438 1445
1924 108 1684 1703
1925 96 1492 1517
1926 133 1783 1774
1927 95 1520 1544
1928 108 1703 1721
1929 100 1641 1660
1930 101 1609 1628
1931 80 1389 1401
1932 81 1363 1374
1933 80 1401 1418
1934 88 1436 1446
1935 80 1425 1415
1936 79 1454 1441
1937 65 1290 1295
1938 72 1375 1380
1939 71 1355 1370
1940 86 1506 1527
1941 113 1830 1843
1942 86 1496 1506
1943 87 1475 1495
1944 93 1573 1584
1945 94 1541 1552
1946 114 1807 1801
1947 107 1716 1734
1948 93 1584 1611
1949 100 1660 1685
1950 92 1614 1642
1951 106 1747 1767
1952 106 1755 1747
1953 120 1919 1938
1954 120 1910 1919
1955 135 2042 2055
1956 127 1999 2017
1957 141 2101 2109
1958 142 2090 2099
1959 134 2070 2087
1960 121 1884 1904
1961 135 2055 2063
1962 134 2062 2070
1963 136 2006 1997
1964 102 1596 1622
1965 109 1653 1672
1966 128 1953 1962
1967 117 1736 1730
1968 135 2031 2042
1969 139 1905 1885
1970 148 2124 2125
1971 149 2116 2118
1972 151 2085 2078
1973 144 2051 2036
1974 150 2102 2104
1975 130 1912 1917
1976 123 1846 1836
1977 144 2036 2029
1978 130 1909 1891
1979 131 1874 1856
1980 123 1836 1818
1981 131 1882 1874
1982 130 1917 1909
1983 103 1548 1566
1984 124 1771 1780
1985 76 1270 1275
1986 90 1383 1395
1987 83 1323 1342
1988 90 1420 1408
1989 97 1466 1491
1990 110 1630 1623
1991 98 1451 1434
1992 118 1696 1689
1993 117 1730 1711
1994 132 1832 1813
1995 124 1808 1799
1996 110 1623 1640
1997 105 1531 1515
1998 111 1601 1617
1999 118 1671 1662
2000 105 1515 1489
2001 105 1523 1531
2002 111 1617 1627
2003 119 1659 1650
2004 132 1813 1804
2005 125 1732 1740
2006 140 1858 1850
2007 146 1978 1960
2008 139 1903 1914
2009 138 1957 1952
2010 138 1929 1946
2011 146 1958 1973
2012 144 2029 2035
2013 145 2000 2016
2014 151 2078 2083
2015 153 2015 2018
2016 153 2038 2026
2017 678 654 670
2018 670 662 686
2019 818 841 820
2020 844 861 867
2021 1418 1437 1425
2022 1216 1219 1201
2023 1181 1186 1169
2024 1488 1470 1482
2025 869 886 890
2026 1839 1845 1827
2027 918 894 905
2028 1408 1396 1390
2029 781 766 754
2030 1666 1675 1657
2031 1368 1352 1363
2032 945 928 936
2033 1106 1101 1120
2034 1292 1279 1274
2035 1415 1394 1389
2036 611 605 619
2037 726 721 710
2038 1015 992 1011
2039 763 741 760
2040 562 565 571
2041 643 625 618
2042 848 873 852
2043 618 603 621
2044 1138 1158 1143
2045 573 594 595
2046 1473 1493 1480
2047 1087 1098 1104
2048 1257 1261 1244
2049 1244 1230 1225
2050 1280 1263 1259
2051 1552 1571 1578
2052 1380 1386 1359
2053 1295 1298 1280
2054 1599 1588 1579
2055 1734 1746 1754
2056 1535 1539 1522
2057 1849 1831 1842
2058 1676 1658 1648
2059 1769 1760 1779
2060 1818 1800 1809
2061 1801 1793 1810
2062 1829 1847 1839
2063 1926 1908 1918
2064 2103 2108 2100
2065 2027 2033 2019
2066 1989 1976 1967
2067 1581 1563 1556
2068 1766 1784 1773
2069 1980 1971 1961
2070 1393 1400 1382
2071 1629 1638 1610
2072 1804 1796 1814
2073 952 958 935
2074 1853 1860 1872
2075 1701 1691 1710
2076 1833 1851 1841
2077 1018 1005 1000
2078 796 808 781
2079 845 828 817
2080 935 923 918
2081 1041 1030 1022
2082 1151 1132 1146
2083 1126 1135 1115
2084 1076 1058 1071
2085 1196 1213 1200
2086 1374 1385 1391
2087 1336 1325 1318
2088 1226 1242 1231
2089 1252 1258 1241
2090 1206 1217 1226
2091 1275 1283 1264
2092 1147 1140 1160
2093 1047 1065 1051
2094 1197 1188 1206
2095 1123 1139 1126
2096 1007 1014 995
2097 1051 1060 1041
2098 1160 1172 1177
2099 1074 1093 1082
2100 1235 1245 1249
2101 1220 1214 1235
2102 1179 1193 1199
2103 1129 1131 1112
2104 1272 1291 1278
2105 1302 1308 1292
2106 962 985 967
2107 955 972 962
2108 1166 1162 1179
2109 1027 1049 1035
2110 829 814 805
2111 933 941 922
2112 890 914 896
2113 867 889 875
2114 740 752 726
2115 888 874 865
2116 964 954 945
2117 974 982 964
2118 710 695 703
2119 617 616 637
2120 834 811 830
2121 690 687 706
2122 568 582 588
2123 728 749 731
2124 711 733 715
2125 699 680 700
2126 656 677 661
2127 637 655 656
2128 731 736 712
2129 800 824 804
2130 801 783 778
2131 629 608 628
2132 821 816 843
2133 727 746 750
2134 642 623 624
2135 708 705 727
2136 709 688 708
2137 719 696 718
2138 635 634 653
2139 578 600 601
2140 735 713 709
2141 647 644 664
2142 723 702 719
2143 815 795 791
2144 732 730 751
2145 753 758 735
2146 909 930 912
2147 924 942 950
2148 822 842 848
2149 769 770 745
2150 852 858 832
2151 1003 1008 986
2152 1212 1233 1216
2153 1048 1042 1063
2154 925 951 932
2155 901 919 925
2156 1195 1210 1212
2157 1153 1171 1156
2158 1109 1092 1106
2159 1320 1301 1316
2160 1357 1365 1340
2161 1122 1117 1134
2162 975 993 996
2163 1134 1148 1153
2164 1046 1062 1064
2165 885 903 909
2166 793 813 818
2167 831 855 835
2168 807 827 831
2169 1078 1059 1073
2170 1029 1025 1046
2171 1097 1081 1078
2172 1110 1116 1097
2173 1347 1354 1336
2174 1505 1494 1488
2175 1479 1468 1462
2176 1622 1649 1629
2177 1498 1504 1479
2178 1740 1751 1759
2179 1525 1530 1505
2180 1699 1707 1688
2181 1578 1606 1587
2182 1544 1572 1553
2183 1345 1364 1353
2184 1321 1339 1327
2185 1399 1405 1387
2186 1391 1410 1399
2187 1472 1452 1464
2188 1500 1481 1496
2189 1340 1324 1320
2190 1441 1421 1414
2191 1307 1329 1313
2192 1503 1510 1490
2193 1785 1805 1792
2194 1447 1465 1454
2195 1471 1477 1460
2196 1527 1545 1535
2197 1495 1512 1503
2198 1767 1776 1785
2199 1655 1681 1663
2200 1587 1595 1568
2201 1663 1670 1644
2202 1619 1626 1599
2203 1685 1713 1695
2204 1692 1712 1718
2205 1915 1921 1902
2206 1861 1880 1870
2207 2032 2041 2025
2208 1992 2001 1980
2209 2063 2081 2069
2210 2084 2089 2079
2211 2069 2076 2057
2212 1879 1887 1868
2213 2079 2074 2067
2214 2017 2037 2028
2215 1962 1974 1983
2216 1600 1607 1581
2217 1592 1618 1600
2218 1904 1924 1915
2219 1781 1765 1771
2220 1983 2003 1992
2221 1920 1911 1929
2222 2115 2120 2117
2223 2099 2107 2103
2224 2066 2072 2077
2225 2060 2052 2066
2226 2077 2088 2084
2227 1952 1937 1931
2228 1891 1873 1881
2229 2009 2014 2024
2230 1916 1907 1927
2231 1881 1875 1892
2232 1842 1834 1852
2233 1931 1913 1920
2234 1967 1947 1956
2235 1491 1516 1498
2236 1727 1744 1736
2237 1312 1299 1294
2238 1342 1360 1347
2239 1322 1331 1312
2240 1462 1444 1455
2241 1469 1476 1451
2242 1566 1585 1592
2243 1455 1448 1466
2244 1741 1724 1732
2245 1737 1729 1749
2246 1844 1835 1853
2247 1856 1837 1844
2248 1559 1586 1569
2249 1593 1567 1583
2250 1589 1597 1580
2251 1640 1647 1656
2252 1519 1509 1534
2253 1580 1564 1555
2254 1650 1643 1632
2255 1705 1686 1697
2256 1780 1787 1798
2257 1687 1704 1696
2258 1814 1826 1833
2259 1993 1981 2000
2260 1943 1933 1926
2261 2002 1986 1993
2262 1914 1923 1905
2263 1951 1955 1943
2264 1987 2004 1996
2265 1982 1995 1978
2266 2049 2061 2058
2267 1973 1990 1982
2268 2050 2044 2056
2269 619 638 646
2270 614 639 626
2271 878 859 854
2272 846 853 829
2273 1460 1449 1443
2274 1259 1240 1256
2275 1222 1204 1218
2276 1446 1458 1463
2277 875 880 856
2278 1883 1865 1876
2279 868 881 891
2280 1407 1404 1419
2281 794 782 806
2282 1711 1693 1701
2283 1328 1341 1345
2284 906 917 926
2285 1064 1084 1069
2286 1293 1285 1305
2287 1409 1403 1428
2288 571 589 575
2289 743 734 748
2290 956 976 979
2291 706 724 728
2292 561 563 560
2293 628 627 648
2294 913 892 887
2295 566 581 580
2296 1187 1174 1167
2297 591 592 572
2298 1522 1507 1500
2299 1082 1091 1070
2300 1297 1281 1293
2301 1239 1236 1254
2302 1273 1268 1287
2303 1553 1562 1537
2304 1439 1412 1435
2305 1338 1319 1334
2306 1602 1594 1614
2307 1731 1738 1719
2308 1579 1560 1573
2309 1810 1822 1829
2310 1673 1664 1692
2311 1721 1742 1731
2312 1779 1790 1797
2313 1754 1772 1761
2314 1868 1859 1849
2315 1888 1898 1903
2316 2119 2114 2116
2317 2059 2046 2050
2318 1997 1988 2009
2319 1576 1570 1596
2320 1799 1791 1781
2321 1991 1979 1999
2322 1434 1417 1427
2323 1694 1665 1684
2324 1759 1778 1768
2325 1000 978 994
2326 1841 1848 1832
2327 1656 1674 1666
2328 1878 1863 1858
2329 1013 1009 1026
2330 865 837 851
2331 851 840 868
2332 936 929 949
2333 1045 1037 1057
2334 1102 1118 1123
2335 1173 1154 1163
2336 1026 1043 1047
2337 1241 1227 1222
2338 1373 1379 1362
2339 1337 1332 1348
2340 1264 1253 1246
2341 1294 1276 1288
2342 1200 1211 1191
2343 1318 1300 1311
2344 1104 1124 1110
2345 1095 1080 1076
2346 1149 1168 1159
2347 1169 1155 1151
2348 1053 1033 1045
2349 1096 1077 1089
2350 1159 1165 1145
2351 1115 1103 1096
2352 1231 1237 1221
2353 1177 1198 1184
2354 1184 1189 1170
2355 1167 1150 1166
2356 1317 1304 1297
2357 1343 1326 1337
2358 1021 1004 997
2359 995 983 977
2360 1125 1141 1129
2361 1070 1061 1053
2362 830 819 844
2363 977 959 969
2364 947 931 927
2365 922 907 899
2366 805 779 794
2367 893 883 906
2368 969 961 980
2369 1022 1002 1013
2370 686 691 701
2371 575 598 577
2372 776 792 800
2373 646 666 649
2374 577 579 564
2375 787 768 763
2376 765 747 743
2377 641 659 658
2378 712 694 693
2379 649 651 633
2380 778 757 774
2381 856 839 834
2382 788 786 807
2383 570 590 591
2384 762 790 769
2385 742 744 722
2386 621 622 641
2387 658 684 663
2388 648 668 669
2389 653 675 676
2390 595 612 596
2391 596 597 576
2392 718 714 739
2393 601 620 607
2394 664 683 685
2395 802 797 822
2396 685 707 689
2397 803 780 802
2398 966 948 943
2399 932 938 913
2400 835 838 815
2401 826 798 821
2402 910 884 904
2403 1054 1031 1048
2404 1262 1247 1243
2405 996 1020 1003
2406 986 968 960
2407 912 916 895
2408 1202 1205 1187
2409 1201 1185 1182
2410 1063 1079 1083
2411 1271 1284 1290
2412 1414 1388 1409
2413 1083 1100 1088
2414 984 988 966
2415 1143 1144 1127
2416 1052 1056 1036
2417 896 900 878
2418 804 809 787
2419 895 876 872
2420 820 825 801
2421 1028 1044 1050
2422 979 1001 984
2423 1090 1086 1105
2424 1152 1133 1147
2425 1390 1372 1383
2426 1508 1501 1520
2427 1482 1474 1492
2428 1688 1667 1661
2429 1556 1529 1548
2430 1735 1743 1723
2431 1582 1558 1576
2432 1745 1726 1737
2433 1644 1625 1616
2434 1610 1591 1582
2435 1387 1376 1368
2436 1362 1351 1343
2437 1443 1423 1436
2438 1432 1422 1416
2439 1428 1440 1447
2440 1453 1467 1473
2441 1334 1330 1349
2442 1435 1426 1453
2443 1359 1344 1338
2444 1549 1528 1541
2445 1827 1815 1807
2446 1490 1478 1472
2447 1514 1497 1508
2448 1568 1557 1549
2449 1537 1524 1514
2450 1761 1770 1750
2451 1719 1700 1694
2452 1648 1621 1641
2453 1725 1698 1716
2454 1680 1652 1673
2455 1750 1733 1725
2456 1695 1702 1676
2457 1961 1940 1953
2458 1902 1894 1883
2459 2067 2054 2060
2460 2039 2021 2031
2461 2100 2092 2086
2462 2106 2098 2102
2463 2105 2093 2101
2464 1925 1906 1916
2465 2086 2080 2090
2466 2057 2047 2039
2467 1954 1965 1944
2468 1661 1633 1653
2469 1657 1637 1630
2470 1944 1934 1925
2471 1749 1756 1766
2472 2025 2013 2006
2473 1872 1890 1882
2474 2122 2121 2119
2475 2112 2110 2106
2476 2058 2064 2051
2477 2024 2040 2032
2478 2094 2091 2085
2479 1956 1949 1969
2480 1852 1862 1871
2481 1996 2007 1989
2482 1871 1889 1879
2483 1838 1857 1846
2484 1797 1816 1806
2485 1892 1901 1912
2486 1927 1936 1945
2487 1551 1533 1526
2488 1758 1752 1741
2489 1311 1306 1323
2490 1382 1371 1366
2491 1366 1346 1358
2492 1419 1431 1438
2493 1526 1502 1519
2494 1569 1577 1551
2495 1413 1430 1420
2496 1710 1717 1727
2497 1690 1709 1699
2498 1798 1817 1808
2499 1820 1828 1838
2500 1620 1603 1593
2501 1534 1550 1559
2502 1632 1615 1624
2503 1627 1636 1620
2504 1459 1485 1469
2505 1583 1574 1601
2506 1662 1651 1669
2507 1669 1678 1687
2508 1768 1777 1758
2509 1723 1714 1705
2510 1811 1821 1803
2511 1946 1964 1957
2512 1948 1939 1958
2513 1969 1977 1987
2514 1960 1941 1948
2515 1984 1970 1975
2516 2019 2012 2002
2517 2026 2010 2015
2518 2071 2065 2059
2519 1998 1994 1984
2520 2016 2030 2027
2521 638 631 654
2522 639 652 662
2523 859 863 841
2524 853 877 861
2525 1449 1457 1437
2526 1240 1223 1219
2527 1204 1192 1186
2528 1458 1450 1470
2529 880 902 886
2530 1865 1854 1845
2531 881 870 894
2532 1404 1384 1396
2533 782 755 766
2534 1693 1683 1675
2535 1341 1333 1352
2536 917 908 928
2537 1084 1099 1101
2538 1285 1269 1279
2539 1403 1377 1394
2540 589 599 605
2541 734 716 721
2542 976 971 992
2543 724 720 741
2544 563 574 565
2545 627 604 625
2546 892 898 873
2547 581 585 603
2548 1174 1175 1158
2549 592 610 594
2550 1507 1513 1493
2551 1091 1107 1098
2552 1281 1267 1261
2553 1236 1215 1230
2554 1268 1248 1263
2555 1562 1590 1571
2556 1412 1392 1386
2557 1319 1303 1298
2558 1594 1575 1588
2559 1738 1757 1746
2560 1560 1546 1539
2561 1822 1812 1831
2562 1664 1639 1658
2563 1742 1753 1760
2564 1790 1782 1800
2565 1772 1786 1793
2566 1859 1866 1847
2567 1898 1895 1908
2568 2114 2111 2108
2569 2046 2043 2033
2570 1988 1966 1976
2571 1570 1543 1563
2572 1791 1802 1784
2573 1979 1959 1971
2574 1417 1406 1400
2575 1665 1646 1638
2576 1778 1789 1796
2577 978 965 958
2578 1848 1867 1860
2579 1674 1682 1691
2580 1863 1869 1851
2581 1009 989 1005
2582 837 823 808
2583 840 812 828
2584 929 911 923
2585 1037 1017 1030
2586 1118 1113 1132
2587 1154 1142 1135
2588 1043 1039 1058
2589 1227 1234 1213
2590 1379 1397 1385
2591 1332 1314 1325
2592 1253 1260 1242
2593 1276 1265 1258
2594 1211 1228 1217
2595 1300 1289 1283
2596 1124 1136 1140
2597 1080 1085 1065
2598 1168 1180 1188
2599 1155 1161 1139
2600 1033 1023 1014
2601 1077 1068 1060
2602 1165 1183 1172
2603 1103 1111 1093
2604 1237 1255 1245
2605 1198 1209 1214
2606 1189 1207 1193
2607 1150 1137 1131
2608 1304 1309 1291
2609 1326 1315 1308
2610 1004 1006 985
2611 983 991 972
2612 1141 1157 1162
2613 1061 1067 1049
2614 819 799 814
2615 959 946 941
2616 931 934 914
2617 907 915 889
2618 779 764 752
2619 883 860 874
2620 961 944 954
2621 1002 990 982
2622 691 681 695
2623 598 613 616
2624 792 789 811
2625 666 682 687
2626 579 602 582
2627 768 771 749
2628 747 756 733
2629 659 660 680
2630 694 697 677
2631 651 673 655
2632 757 737 736
2633 839 847 824
2634 786 761 783
2635 590 586 608
2636 790 810 816
2637 744 767 746
2638 622 606 623
2639 684 704 705
2640 668 665 688
2641 675 674 696
2642 612 632 634
2643 597 615 600
2644 714 692 713
2645 620 640 644
2646 683 679 702
2647 797 772 795
2648 707 725 730
2649 780 759 758
2650 948 953 930
2651 938 963 942
2652 838 862 842
2653 798 773 770
2654 884 864 858
2655 1031 1016 1008
2656 1247 1251 1233
2657 1020 1038 1042
2658 968 973 951
2659 916 939 919
2660 1205 1224 1210
2661 1185 1190 1171
2662 1079 1072 1092
2663 1284 1282 1301
2664 1388 1369 1365
2665 1100 1114 1117
2666 988 1012 993
2667 1144 1164 1148
2668 1056 1075 1062
2669 900 921 903
2670 809 833 813
2671 876 879 855
2672 825 849 827
2673 1044 1040 1059
2674 1001 1019 1025
2675 1086 1066 1081
2676 1133 1119 1116
2677 1372 1361 1354
2678 1501 1483 1494
2679 1474 1456 1468
2680 1667 1677 1649
2681 1529 1511 1504
2682 1743 1763 1751
2683 1558 1538 1530
2684 1726 1715 1707
2685 1625 1631 1606
2686 1591 1598 1572
2687 1376 1381 1364
2688 1351 1356 1339
2689 1423 1411 1405
2690 1422 1429 1410
2691 1440 1433 1452
2692 1467 1461 1481
2693 1330 1310 1324
2694 1426 1402 1421
2695 1344 1350 1329
2696 1528 1518 1510
2697 1815 1823 1805
2698 1478 1487 1465
2699 1497 1486 1477
2700 1557 1565 1545
2701 1524 1532 1512
2702 1770 1788 1776
2703 1700 1708 1681
2704 1621 1604 1595
2705 1698 1679 1670
2706 1652 1634 1626
2707 1733 1739 1713
2708 1702 1728 1712
2709 1940 1932 1921
2710 1894 1900 1880
2711 2054 2048 2041
2712 2021 2011 2001
2713 2092 2096 2081
2714 2098 2095 2089
2715 2093 2082 2076
2716 1906 1896 1887
2717 2080 2068 2074
2718 2047 2053 2037
2719 1965 1985 1974
2720 1633 1613 1607
2721 1637 1645 1618
2722 1934 1942 1924
2723 1756 1748 1765
2724 2013 2023 2003
2725 1890 1897 1911
2726 2121 2123 2120
2727 2110 2113 2107
2728 2064 2075 2072
2729 2040 2045 2052
2730 2091 2097 2088
2731 1949 1930 1937
2732 1862 1855 1873
2733 2007 2022 2014
2734 1889 1899 1907
2735 1857 1864 1875
2736 1816 1825 1834
2737 1901 1893 1913
2738 1936 1928 1947
2739 1533 1540 1516
2740 1752 1762 1744
2741 1306 1286 1299
2742 1371 1378 1360
2743 1346 1335 1331
2744 1431 1424 1444
2745 1502 1484 1476
2746 1577 1605 1585
2747 1430 1442 1448
2748 1717 1706 1724
2749 1709 1720 1729
2750 1817 1824 1835
2751 1828 1819 1837
2752 1603 1612 1586
2753 1550 1542 1567
2754 1615 1608 1597
2755 1636 1654 1647
2756 1485 1499 1509
2757 1574 1547 1564
2758 1651 1635 1643
2759 1678 1668 1686
2760 1777 1795 1787
2761 1714 1722 1704
2762 1821 1840 1826
2763 1964 1972 1981
2764 1939 1922 1933
2765 1977 1968 1986
2766 1941 1935 1923
2767 1970 1963 1955
2768 2012 2020 2004
2769 2010 2008 1995
2770 2065 2073 2061
2771 1994 2005 1990
2772 2030 2034 2044
2773 609 626 631
2774 645 667 652
2775 885 866 863
2776 893 899 877
2777 1475 1464 1457
2778 1229 1208 1223
2779 1196 1176 1192
2780 1432 1445 1450
2781 920 927 902
2782 1861 1843 1854
2783 845 857 870
2784 1373 1367 1384
2785 740 729 755
2786 1690 1672 1683
2787 1317 1327 1333
2788 888 897 908
2789 1094 1112 1099
2790 1257 1249 1269
2791 1357 1353 1377
2792 593 609 599
2793 711 701 716
2794 947 967 971
2795 698 715 720
2796 583 593 574
2797 584 580 604
2798 924 904 898
2799 569 587 585
2800 1195 1178 1175
2801 629 630 610
2802 1536 1521 1513
2803 1121 1128 1107
2804 1272 1254 1267
2805 1202 1199 1215
2806 1232 1229 1248
2807 1609 1616 1590
2808 1398 1370 1392
2809 1307 1287 1303
2810 1561 1554 1575
2811 1769 1775 1757
2812 1554 1536 1546
2813 1794 1806 1812
2814 1619 1611 1639
2815 1745 1764 1753
2816 1764 1773 1782
2817 1775 1794 1786
2818 1884 1876 1866
2819 1878 1886 1895
2820 2115 2109 2111
2821 2049 2035 2043
2822 1954 1945 1966
2823 1525 1517 1543
2824 1820 1809 1802
2825 1950 1938 1959
2826 1413 1395 1406
2827 1655 1628 1646
2828 1783 1803 1789
2829 970 949 965
2830 1877 1885 1867
2831 1671 1689 1682
2832 1888 1877 1869
2833 974 970 989
2834 836 806 823
2835 796 785 812
2836 897 891 911
2837 1007 999 1017
2838 1095 1108 1113
2839 1149 1130 1142
2840 1018 1034 1039
2841 1250 1238 1234
2842 1407 1416 1397
2843 1302 1296 1314
2844 1277 1266 1260
2845 1270 1250 1265
2846 1238 1246 1228
2847 1296 1277 1289
2848 1128 1145 1136
2849 1102 1089 1085
2850 1173 1191 1180
2851 1176 1163 1161
2852 1027 1010 1023
2853 1074 1057 1068
2854 1197 1203 1183
2855 1130 1121 1111
2856 1266 1274 1255
2857 1203 1221 1209
2858 1220 1225 1207
2859 1138 1120 1137
2860 1328 1316 1309
2861 1321 1305 1315
2862 1028 1011 1006
2863 1010 997 991
2864 1152 1170 1157
2865 1087 1073 1067
2866 784 775 799
2867 955 937 946
2868 956 940 934
2869 937 920 915
2870 775 748 764
2871 846 836 860
2872 933 926 944
2873 999 980 990
2874 667 672 681
2875 611 633 613
2876 765 784 789
2877 678 698 682
2878 617 624 602
2879 793 774 771
2880 776 760 756
2881 642 661 660
2882 717 700 697
2883 690 693 673
2884 738 717 737
2885 869 850 847
2886 742 738 761
2887 567 584 586
2888 803 832 810
2889 788 791 767
2890 587 588 606
2891 699 722 704
2892 643 663 665
2893 650 671 674
2894 630 650 632
2895 635 636 615
2896 671 669 692
2897 636 657 640
2898 657 676 679
2899 753 750 772
2900 723 745 725
2901 762 739 759
2902 975 957 953
2903 981 987 963
2904 882 887 862
2905 777 751 773
2906 871 843 864
2907 1024 998 1016
2908 1271 1256 1251
2909 1032 1055 1038
2910 998 981 973
2911 957 960 939
2912 1239 1243 1224
2913 1208 1194 1190
2914 1055 1069 1072
2915 1262 1278 1282
2916 1375 1349 1369
2917 1109 1127 1114
2918 1029 1032 1012
2919 1178 1182 1164
2920 1090 1094 1075
2921 940 943 921
2922 850 854 833
2923 901 882 879
2924 866 872 849
2925 1021 1035 1040
2926 1015 1036 1019
2927 1052 1050 1066
2928 1125 1105 1119
2929 1367 1348 1361
2930 1471 1463 1483
2931 1445 1438 1456
2932 1703 1684 1677
2933 1517 1492 1511
2934 1774 1783 1763
2935 1544 1520 1538
2936 1721 1703 1715
2937 1660 1641 1631
2938 1628 1609 1598
2939 1401 1389 1381
2940 1374 1363 1356
2941 1418 1401 1411
2942 1446 1436 1429
2943 1415 1425 1433
2944 1441 1454 1461
2945 1295 1290 1310
2946 1380 1375 1402
2947 1370 1355 1350
2948 1527 1506 1518
2949 1843 1830 1823
2950 1506 1496 1487
2951 1495 1475 1486
2952 1584 1573 1565
2953 1552 1541 1532
2954 1801 1807 1788
2955 1734 1716 1708
2956 1611 1584 1604
2957 1685 1660 1679
2958 1642 1614 1634
2959 1767 1747 1739
2960 1747 1755 1728
2961 1938 1919 1932
2962 1919 1910 1900
2963 2055 2042 2048
2964 2017 1999 2011
2965 2109 2101 2096
2966 2099 2090 2095
2967 2087 2070 2082
2968 1904 1884 1896
2969 2063 2055 2068
2970 2070 2062 2053
2971 1997 2006 1985
2972 1622 1596 1613
2973 1672 1653 1645
2974 1962 1953 1942
2975 1730 1736 1748
2976 2042 2031 2023
2977 1885 1905 1897
2978 2125 2124 2123
2979 2118 2116 2113
2980 2078 2085 2075
2981 2036 2051 2045
2982 2104 2102 2097
2983 1917 1912 1930
2984 1836 1846 1855
2985 2029 2036 2022
2986 1891 1909 1899
2987 1856 1874 1864
2988 1818 1836 1825
2989 1874 1882 1893
2990 1909 1917 1928
2991 1566 1548 1540
2992 1780 1771 1762
2993 1275 1270 1286
2994 1395 1383 1378
2995 1342 1323 1335
2996 1408 1420 1424
2997 1491 1466 1484
2998 1623 1630 1605
2999 1434 1451 1442
3000 1689 1696 1706
3001 1711 1730 1720
3002 1813 1832 1824
3003 1799 1808 1819
3004 1640 1623 1612
3005 1515 1531 1542
3006 1617 1601 1608
3007 1662 1671 1654
3008 1489 1515 1499
3009 1531 1523 1547
3010 1627 1617 1635
3011 1650 1659 1668
3012 1804 1813 1795
3013 1740 1732 1722
3014 1850 1858 1840
3015 1960 1978 1972
3016 1914 1903 1922
3017 1952 1957 1968
3018 1946 1929 1935
3019 1973 1958 1963
3020 2035 2029 2020
3021 2016 2000 2008
3022 2083 2078 2073
3023 2018 2015 2005
3024 2026 2038 2034
3025 654 179 670
3026 662 185 686
3027 841 229 820
3028 861 240 867
3029 1437 383 1425
3030 1219 322 1201
3031 1186 313 1169
3032 1470 388 1482
3033 886 246 890
3034 1845 483 1827
3035 894 239 905
3036 1396 366 1390
3037 766 203 754
3038 1675 441 1657
3039 1352 359 1363
3040 928 247 936
3041 1101 299 1120
3042 1279 336 1274
3043 1394 365 1389
3044 605 172 619
3045 721 195 710
3046 992 266 1011
3047 741 201 760
3048 565 162 571
3049 625 165 618
3050 873 237 852
3051 603 166 621
3052 1158 310 1143
3053 594 170 595
3054 1493 398 1480
3055 1098 298 1104
3056 1261 333 1244
3057 1230 324 1225
3058 1263 331 1259
3059 1571 423 1578
3060 1386 362 1359
3061 1298 342 1280
3062 1588 415 1579
3063 1746 465 1754
3064 1539 405 1522
3065 1831 480 1842
3066 1658 432 1648
3067 1760 468 1779
3068 1800 472 1809
3069 1793 474 1810
3070 1847 489 1839
3071 1908 501 1918
3072 2108 554 2100
3073 2033 532 2019
3074 1976 515 1967
3075 1563 406 1556
3076 1784 472 1773
3077 1971 511 1961
3078 1400 368 1382
3079 1638 428 1610
3080 1796 477 1814
3081 958 254 935
3082 1860 494 1872
3083 1691 449 1710
3084 1851 490 1841
3085 1005 265 1000
3086 808 216 781
3087 828 218 817
3088 923 245 918
3089 1030 272 1022
3090 1132 301 1146
3091 1135 300 1115
3092 1058 282 1071
3093 1213 325 1200
3094 1385 372 1391
3095 1325 348 1318
3096 1242 334 1231
3097 1258 332 1241
3098 1217 329 1226
3099 1283 338 1264
3100 1140 308 1160
3101 1065 287 1051
3102 1188 319 1206
3103 1139 306 1126
3104 1014 270 995
3105 1060 281 1041
3106 1172 317 1177
3107 1093 296 1082
3108 1245 336 1249
3109 1214 327 1235
3110 1193 324 1199
3111 1131 299 1112
3112 1291 345 1278
3113 1308 346 1292
3114 985 266 967
3115 972 264 962
3116 1162 314 1179
3117 1049 283 1035
3118 814 215 805
3119 941 251 922
3120 914 248 896
3121 889 243 875
3122 752 202 726
3123 874 230 865
3124 954 253 945
3125 982 262 964
3126 695 189 703
3127 616 176 637
3128 811 221 830
3129 687 193 706
3130 582 167 588
3131 749 206 731
3132 733 201 715
3133 680 187 700
3134 677 187 661
3135 655 184 656
3136 736 197 712
3137 824 225 804
3138 783 207 778
3139 608 168 628
3140 816 228 843
3141 746 210 750
3142 623 167 624
3143 705 198 727
3144 688 188 708
3145 696 191 718
3146 634 180 653
3147 600 173 601
3148 713 190 709
3149 644 181 664
3150 702 192 719
3151 795 210 791
3152 730 205 751
3153 758 200 735
3154 930 252 912
3155 942 260 950
3156 842 235 848
3157 770 205 745
3158 858 228 832
3159 1008 267 986
3160 1233 330 1216
3161 1042 284 1063
3162 951 258 932
3163 919 255 925
3164 1210 328 1212
3165 1171 315 1156
3166 1092 292 1106
3167 1301 345 1316
3168 1365 358 1340
3169 1117 303 1134
3170 993 273 996
3171 1148 312 1153
3172 1062 290 1064
3173 903 250 909
3174 813 227 818
3175 855 233 835
3176 827 231 831
3177 1059 283 1073
3178 1025 280 1046
3179 1081 286 1078
3180 1116 295 1097
3181 1354 357 1336
3182 1494 392 1488
3183 1468 385 1462
3184 1649 437 1629
3185 1504 393 1479
3186 1751 467 1759
3187 1530 401 1505
3188 1707 447 1688
3189 1606 427 1587
3190 1572 418 1553
3191 1364 365 1353
3192 1339 359 1327
3193 1405 370 1387
3194 1410 376 1399
3195 1452 383 1464
3196 1481 390 1496
3197 1324 347 1320
3198 1421 371 1414
3199 1329 355 1313
3200 1510 397 1490
3201 1805 479 1792
3202 1465 390 1454
3203 1477 389 1460
3204 1545 411 1535
3205 1512 402 1503
3206 1776 473 1785
3207 1681 446 1663
3208 1595 417 1568
3209 1670 436 1644
3210 1626 425 1599
3211 1713 454 1695
3212 1712 459 1718
3213 1921 502 1902
3214 1880 498 1870
3215 2041 535 2025
3216 2001 523 1980
3217 2081 549 2069
3218 2089 548 2079
3219 2076 543 2057
3220 1887 493 1868
3221 2074 542 2067
3222 2037 537 2028
3223 1974 524 1983
3224 1607 420 1581
3225 1618 430 1600
3226 1924 509 1915
3227 1765 463 1771
3228 2003 529 1992
3229 1911 505 1929
3230 2120 558 2117
3231 2107 555 2103
3232 2072 547 2077
3233 2052 541 2066
3234 2088 550 2084
3235 1937 507 1931
3236 1873 491 1881
3237 2014 534 2024
3238 1907 506 1927
3239 1875 497 1892
3240 1834 486 1852
3241 1913 500 1920
3242 1947 510 1956
3243 1516 403 1498
3244 1744 463 1736
3245 1299 341 1294
3246 1360 363 1347
3247 1331 350 1312
3248 1444 381 1455
3249 1476 387 1451
3250 1585 426 1592
3251 1448 387 1466
3252 1724 452 1732
3253 1729 460 1749
3254 1835 485 1853
3255 1837 481 1844
3256 1586 422 1569
3257 1567 412 1583
3258 1597 421 1580
3259 1647 440 1656
3260 1509 404 1534
3261 1564 408 1555
3262 1643 429 1632
3263 1686 443 1697
3264 1787 475 1798
3265 1704 452 1696
3266 1826 488 1833
3267 1981 522 2000
3268 1933 503 1926
3269 1986 520 1993
3270 1923 505 1905
3271 1955 512 1943
3272 2004 530 1996
3273 1995 522 1978
3274 2061 544 2058
3275 1990 527 1982
3276 2044 538 2056
3277 638 182 646
3278 639 179 626
3279 859 227 854
3280 853 226 829
3281 1449 380 1443
3282 1240 330 1256
3283 1204 320 1218
3284 1458 392 1463
3285 880 234 856
3286 1865 489 1876
3287 881 245 891
3288 1404 375 1419
3289 782 216 806
3290 1693 445 1701
3291 1341 361 1345
3292 917 253 926
3293 1084 292 1069
3294 1285 346 1305
3295 1403 378 1428
3296 589 163 575
3297 734 202 748
3298 976 269 979
3299 724 204 728
3300 563 155 560
3301 627 178 648
3302 892 235 887
3303 581 165 580
3304 1174 309 1167
3305 592 160 572
3306 1507 394 1500
3307 1091 289 1070
3308 1281 340 1293
3309 1236 333 1254
3310 1268 342 1287
3311 1562 409 1537
3312 1412 373 1435
3313 1319 349 1334
3314 1594 425 1614
3315 1738 455 1719
3316 1560 411 1573
3317 1822 484 1829
3318 1664 444 1692
3319 1742 461 1731
3320 1790 476 1797
3321 1772 470 1761
3322 1859 484 1849
3323 1898 503 1903
3324 2114 555 2116
3325 2046 536 2050
3326 1988 526 2009
3327 1570 420 1596
3328 1791 469 1781
3329 1979 523 1999
3330 1417 374 1427
3331 1665 437 1684
3332 1778 471 1768
3333 978 263 994
3334 1848 485 1832
3335 1674 445 1666
3336 1863 488 1858
3337 1009 274 1026
3338 837 224 851
3339 840 232 868
3340 929 254 949
3341 1037 281 1057
3342 1118 304 1123
3343 1154 306 1163
3344 1043 285 1047
3345 1227 323 1222
3346 1379 364 1362
3347 1332 357 1348
3348 1253 329 1246
3349 1276 339 1288
3350 1211 319 1191
3351 1300 344 1311
3352 1124 302 1110
3353 1080 285 1076
3354 1168 316 1159
3355 1155 304 1151
3356 1033 277 1045
3357 1077 287 1089
3358 1165 308 1145
3359 1103 291 1096
3360 1237 327 1221
3361 1198 321 1184
3362 1189 314 1170
3363 1150 307 1166
3364 1304 343 1297
3365 1326 351 1337
3366 1004 264 997
3367 983 259 977
3368 1141 307 1129
3369 1061 279 1053
3370 819 226 844
3371 959 256 969
3372 931 246 927
3373 907 240 899
3374 779 209 794
3375 883 242 906
3376 961 262 980
3377 1002 268 1013
3378 691 195 701
3379 598 164 577
3380 792 222 800
3381 666 183 649
3382 579 156 564
3383 768 204 763
3384 747 199 743
3385 659 186 658
3386 694 184 693
3387 651 176 633
3388 757 206 774
3389 839 222 834
3390 786 220 807
3391 590 169 591
3392 790 217 769
3393 744 198 722
3394 622 177 641
3395 684 188 663
3396 668 190 669
3397 675 192 676
3398 612 171 596
3399 597 161 576
3400 714 200 739
3401 620 174 607
3402 683 194 685
3403 797 223 822
3404 707 196 689
3405 780 212 802
3406 948 250 943
3407 938 249 913
3408 838 223 815
3409 798 217 821
3410 884 237 904
3411 1031 276 1048
3412 1247 328 1243
3413 1020 276 1003
3414 968 255 960
3415 916 244 895
3416 1205 318 1187
3417 1185 312 1182
3418 1079 293 1083
3419 1284 347 1290
3420 1388 367 1409
3421 1100 297 1088
3422 988 261 966
3423 1144 303 1127
3424 1056 280 1036
3425 900 238 878
3426 809 214 787
3427 876 231 872
3428 825 220 801
3429 1044 286 1050
3430 1001 271 984
3431 1086 295 1105
3432 1133 302 1147
3433 1372 363 1383
3434 1501 401 1520
3435 1474 393 1492
3436 1667 433 1661
3437 1529 403 1548
3438 1743 456 1723
3439 1558 410 1576
3440 1726 453 1737
3441 1625 423 1616
3442 1591 414 1582
3443 1376 361 1368
3444 1351 354 1343
3445 1423 376 1436
3446 1422 372 1416
3447 1440 386 1447
3448 1467 394 1473
3449 1330 358 1349
3450 1426 384 1453
3451 1344 353 1338
3452 1528 402 1541
3453 1815 473 1807
3454 1478 386 1472
3455 1497 395 1508
3456 1557 407 1549
3457 1524 399 1514
3458 1770 464 1750
3459 1700 442 1694
3460 1621 427 1641
3461 1698 446 1716
3462 1652 435 1673
3463 1733 451 1725
3464 1702 444 1676
3465 1940 509 1953
3466 1894 492 1883
3467 2054 539 2060
3468 2021 529 2031
3469 2092 545 2086
3470 2098 550 2102
3471 2093 549 2101
3472 1906 499 1916
3473 2080 548 2090
3474 2047 533 2039
3475 1965 514 1944
3476 1633 430 1653
3477 1637 426 1630
3478 1934 504 1925
3479 1756 469 1766
3480 2013 524 2006
3481 1890 500 1882
3482 2121 557 2119
3483 2110 553 2106
3484 2064 541 2051
3485 2040 539 2032
3486 2091 547 2085
3487 1949 516 1969
3488 1862 495 1871
3489 2007 526 1989
3490 1889 499 1879
3491 1857 491 1846
3492 1816 480 1806
3493 1901 507 1912
3494 1936 515 1945
3495 1533 400 1526
3496 1752 458 1741
3497 1306 350 1323
3498 1371 360 1366
3499 1346 356 1358
3500 1431 385 1438
3501 1502 396 1519
3502 1577 413 1551
3503 1430 381 1420
3504 1717 458 1727
3505 1709 453 1699
3506 1817 481 1808
3507 1828 487 1838
3508 1603 416 1593
3509 1550 416 1559
3510 1615 424 1624
3511 1636 431 1620
3512 1485 396 1469
3513 1574 421 1601
3514 1651 438 1669
3515 1678 448 1687
3516 1777 466 1758
3517 1714 448 1705
3518 1821 477 1803
3519 1964 520 1957
3520 1939 512 1958
3521 1977 525 1987
3522 1941 508 1948
3523 1970 517 1975
3524 2012 525 2002
3525 2010 527 2015
3526 2065 540 2059
3527 1994 521 1984
3528 2030 536 2027
3529 631 179 654
3530 652 185 662
3531 863 229 841
3532 877 240 861
3533 1457 383 1437
3534 1223 322 1219
3535 1192 313 1186
3536 1450 388 1470
3537 902 246 886
3538 1854 483 1845
3539 870 239 894
3540 1384 366 1396
3541 755 203 766
3542 1683 441 1675
3543 1333 359 1352
3544 908 247 928
3545 1099 299 1101
3546 1269 336 1279
3547 1377 365 1394
3548 599 172 605
3549 716 195 721
3550 971 266 992
3551 720 201 741
3552 574 162 565
3553 604 165 625
3554 898 237 873
3555 585 166 603
3556 1175 310 1158
3557 610 170 594
3558 1513 398 1493
3559 1107 298 1098
3560 1267 333 1261
3561 1215 324 1230
3562 1248 331 1263
3563 1590 423 1571
3564 1392 362 1386
3565 1303 342 1298
3566 1575 415 1588
3567 1757 465 1746
3568 1546 405 1539
3569 1812 480 1831
3570 1639 432 1658
3571 1753 468 1760
3572 1782 472 1800
3573 1786 474 1793
3574 1866 489 1847
3575 1895 501 1908
3576 2111 554 2108
3577 2043 532 2033
3578 1966 515 1976
3579 1543 406 1563
3580 1802 472 1784
3581 1959 511 1971
3582 1406 368 1400
3583 1646 428 1638
3584 1789 477 1796
3585 965 254 958
3586 1867 494 1860
3587 1682 449 1691
3588 1869 490 1851
3589 989 265 1005
3590 823 216 808
3591 812 218 828
3592 911 245 923
3593 1017 272 1030
3594 1113 301 1132
3595 1142 300 1135
3596 1039 282 1058
3597 1234 325 1213
3598 1397 372 1385
3599 1314 348 1325
3600 1260 334 1242
3601 1265 332 1258
3602 1228 329 1217
3603 1289 338 1283
3604 1136 308 1140
3605 1085 287 1065
3606 1180 319 1188
3607 1161 306 1139
3608 1023 270 1014
3609 1068 281 1060
3610 1183 317 1172
3611 1111 296 1093
3612 1255 336 1245
3613 1209 327 1214
3614 1207 324 1193
3615 1137 299 1131
3616 1309 345 1291
3617 1315 346 1308
3618 1006 266 985
3619 991 264 972
3620 1157 314 1162
3621 1067 283 1049
3622 799 215 814
3623 946 251 941
3624 934 248 914
3625 915 243 889
3626 764 202 752
3627 860 230 874
3628 944 253 954
3629 990 262 982
3630 681 189 695
3631 613 176 616
3632 789 221 811
3633 682 193 687
3634 602 167 582
3635 771 206 749
3636 756 201 733
3637 660 187 680
3638 697 187 677
3639 673 184 655
3640 737 197 736
3641 847 225 824
3642 761 207 783
3643 586 168 608
3644 810 228 816
3645 767 210 746
3646 606 167 623
3647 704 198 705
3648 665 188 688
3649 674 191 696
3650 632 180 634
3651 615 173 600
3652 692 190 713
3653 640 181 644
3654 679 192 702
3655 772 210 795
3656 725 205 730
3657 759 200 758
3658 953 252 930
3659 963 260 942
3660 862 235 842
3661 773 205 770
3662 864 228 858
3663 1016 267 1008
3664 1251 330 1233
3665 1038 284 1042
3666 973 258 951
3667 939 255 919
3668 1224 328 1210
3669 1190 315 1171
3670 1072 292 1092
3671 1282 345 1301
3672 1369 358 1365
3673 1114 303 1117
3674 1012 273 993
3675 1164 312 1148
3676 1075 290 1062
3677 921 250 903
3678 833 227 813
3679 879 233 855
3680 849 231 827
3681 1040 283 1059
3682 1019 280 1025
3683 1066 286 1081
3684 1119 295 1116
3685 1361 357 1354
3686 1483 392 1494
3687 1456 385 1468
3688 1677 437 1649
3689 1511 393 1504
3690 1763 467 1751
3691 1538 401 1530
3692 1715 447 1707
3693 1631 427 1606
3694 1598 418 1572
3695 1381 365 1364
3696 1356 359 1339
3697 1411 370 1405
3698 1429 376 1410
3699 1433 383 1452
3700 1461 390 1481
3701 1310 347 1324
3702 1402 371 1421
3703 1350 355 1329
3704 1518 397 1510
3705 1823 479 1805
3706 1487 390 1465
3707 1486 389 1477
3708 1565 411 1545
3709 1532 402 1512
3710 1788 473 1776
3711 1708 446 1681
3712 1604 417 1595
3713 1679 436 1670
3714 1634 425 1626
3715 1739 454 1713
3716 1728 459 1712
3717 1932 502 1921
3718 1900 498 1880
3719 2048 535 2041
3720 2011 523 2001
3721 2096 549 2081
3722 2095 548 2089
3723 2082 543 2076
3724 1896 493 1887
3725 2068 542 2074
3726 2053 537 2037
3727 1985 524 1974
3728 1613 420 1607
3729 1645 430 1618
3730 1942 509 1924
3731 1748 463 1765
3732 2023 529 2003
3733 1897 505 1911
3734 2123 558 2120
3735 2113 555 2107
3736 2075 547 2072
3737 2045 541 2052
3738 2097 550 2088
3739 1930 507 1937
3740 1855 491 1873
3741 2022 534 2014
3742 1899 506 1907
3743 1864 497 1875
3744 1825 486 1834
3745 1893 500 1913
3746 1928 510 1947
3747 1540 403 1516
3748 1762 463 1744
3749 1286 341 1299
3750 1378 363 1360
3751 1335 350 1331
3752 1424 381 1444
3753 1484 387 1476
3754 1605 426 1585
3755 1442 387 1448
3756 1706 452 1724
3757 1720 460 1729
3758 1824 485 1835
3759 1819 481 1837
3760 1612 422 1586
3761 1542 412 1567
3762 1608 421 1597
3763 1654 440 1647
3764 1499 404 1509
3765 1547 408 1564
3766 1635 429 1643
3767 1668 443 1686
3768 1795 475 1787
3769 1722 452 1704
3770 1840 488 1826
3771 1972 522 1981
3772 1922 503 1933
3773 1968 520 1986
3774 1935 505 1923
3775 1963 512 1955
3776 2020 530 2004
3777 2008 522 1995
3778 2073 544 2061
3779 2005 527 1990
3780 2034 538 2044
3781 626 179 631
3782 667 185 652
3783 866 229 863
3784 899 240 877
3785 1464 383 1457
3786 1208 322 1223
3787 1176 313 1192
3788 1445 388 1450
3789 927 246 902
3790 1843 483 1854
3791 857 239 870
3792 1367 366 1384
3793 729 203 755
3794 1672 441 1683
3795 1327 359 1333
3796 897 247 908
3797 1112 299 1099
3798 1249 336 1269
3799 1353 365 1377
3800 609 172 599
3801 701 195 716
3802 967 266 971
3803 715 201 720
3804 593 162 574
3805 580 165 604
3806 904 237 898
3807 587 166 585
3808 1178 310 1175
3809 630 170 610
3810 1521 398 1513
3811 1128 298 1107
3812 1254 333 1267
3813 1199 324 1215
3814 1229 331 1248
3815 1616 423 1590
3816 1370 362 1392
3817 1287 342 1303
3818 1554 415 1575
3819 1775 465 1757
3820 1536 405 1546
3821 1806 480 1812
3822 1611 432 1639
3823 1764 468 1753
3824 1773 472 1782
3825 1794 474 1786
3826 1876 489 1866
3827 1886 501 1895
3828 2109 554 2111
3829 2035 532 2043
3830 1945 515 1966
3831 1517 406 1543
3832 1809 472 1802
3833 1938 511 1959
3834 1395 368 1406
3835 1628 428 1646
3836 1803 477 1789
3837 949 254 965
3838 1885 494 1867
3839 1689 449 1682
3840 1877 490 1869
3841 970 265 989
3842 806 216 823
3843 785 218 812
3844 891 245 911
3845 999 272 1017
3846 1108 301 1113
3847 1130 300 1142
3848 1034 282 1039
3849 1238 325 1234
3850 1416 372 1397
3851 1296 348 1314
3852 1266 334 1260
3853 1250 332 1265
3854 1246 329 1228
3855 1277 338 1289
3856 1145 308 1136
3857 1089 287 1085
3858 1191 319 1180
3859 1163 306 1161
3860 1010 270 1023
3861 1057 281 1068
3862 1203 317 1183
3863 1121 296 1111
3864 1274 336 1255
3865 1221 327 1209
3866 1225 324 1207
3867 1120 299 1137
3868 1316 345 1309
3869 1305 346 1315
3870 1011 266 1006
3871 997 264 991
3872 1170 314 1157
3873 1073 283 1067
3874 775 215 799
3875 937 251 946
3876 940 248 934
3877 920 243 915
3878 748 202 764
3879 836 230 860
3880 926 253 944
3881 980 262 990
3882 672 189 681
3883 633 176 613
3884 784 221 789
3885 698 193 682
3886 624 167 602
3887 774 206 771
3888 760 201 756
3889 661 187 660
3890 700 187 697
3891 693 184 673
3892 717 197 737
3893 850 225 847
3894 738 207 761
3895 584 168 586
3896 832 228 810
3897 791 210 767
3898 588 167 606
3899 722 198 704
3900 663 188 665
3901 671 191 674
3902 650 180 632
3903 636 173 615
3904 669 190 692
3905 657 181 640
3906 676 192 679
3907 750 210 772
3908 745 205 725
3909 739 200 759
3910 957 252 953
3911 987 260 963
3912 887 235 862
3913 751 205 773
3914 843 228 864
3915 998 267 1016
3916 1256 330 1251
3917 1055 284 1038
3918 981 258 973
3919 960 255 939
3920 1243 328 1224
3921 1194 315 1190
3922 1069 292 1072
3923 1278 345 1282
3924 1349 358 1369
3925 1127 303 1114
3926 1032 273 1012
3927 1182 312 1164
3928 1094 290 1075
3929 943 250 921
3930 854 227 833
3931 882 233 879
3932 872 231 849
3933 1035 283 1040
3934 1036 280 1019
3935 1050 286 1066
3936 1105 295 1119
3937 1348 357 1361
3938 1463 392 1483
3939 1438 385 1456
3940 1684 437 1677
3941 1492 393 1511
3942 1783 467 1763
3943 1520 401 1538
3944 1703 447 1715
3945 1641 427 1631
3946 1609 418 1598
3947 1389 365 1381
3948 1363 359 1356
3949 1401 370 1411
3950 1436 376 1429
3951 1425 383 1433
3952 1454 390 1461
3953 1290 347 1310
3954 1375 371 1402
3955 1355 355 1350
3956 1506 397 1518
3957 1830 479 1823
3958 1496 390 1487
3959 1475 389 1486
3960 1573 411 1565
3961 1541 402 1532
3962 1807 473 1788
3963 1716 446 1708
3964 1584 417 1604
3965 1660 436 1679
3966 1614 425 1634
3967 1747 454 1739
3968 1755 459 1728
3969 1919 502 1932
3970 1910 498 1900
3971 2042 535 2048
3972 1999 523 2011
3973 2101 549 2096
3974 2090 548 2095
3975 2070 543 2082
3976 1884 493 1896
3977 2055 542 2068
3978 2062 537 2053
3979 2006 524 1985
3980 1596 420 1613
3981 1653 430 1645
3982 1953 509 1942
3983 1736 463 1748
3984 2031 529 2023
3985 1905 505 1897
3986 2124 558 2123
3987 2116 555 2113
3988 2085 547 2075
3989 2051 541 2045
3990 2102 550 2097
3991 1912 507 1930
3992 1846 491 1855
3993 2036 534 2022
3994 1909 506 1899
3995 1874 497 1864
3996 1836 486 1825
3997 1882 500 1893
3998 1917 510 1928
3999 1548 403 1540
4000 1771 463 1762
4001 1270 341 1286
4002 1383 363 1378
4003 1323 350 1335
4004 1420 381 1424
4005 1466 387 1484
4006 1630 426 1605
4007 1451 387 1442
4008 1696 452 1706
4009 1730 460 1720
4010 1832 485 1824
4011 1808 481 1819
4012 1623 422 1612
4013 1531 412 1542
4014 1601 421 1608
4015 1671 440 1654
4016 1515 404 1499
4017 1523 408 1547
4018 1617 429 1635
4019 1659 443 1668
4020 1813 475 1795
4021 1732 452 1722
4022 1858 488 1840
4023 1978 522 1972
4024 1903 503 1922
4025 1957 520 1968
4026 1929 505 1935
4027 1958 512 1963
4028 2029 530 2020
4029 2000 522 2008
4030 2078 544 2073
4031 2015 527 2005
4032 2038 538 2034
