1.000000 134.121927 0.134338 -0.000000
2.000000 134.064862 -0.236264 -4266.292444
3.000000 134.043477 -0.606998 -11285.941900
4.000000 134.012584 -0.978306 -18043.063246
5.000000 134.041390 -1.339366 -26840.071464
6.000000 133.986543 -1.704106 -36230.492904
7.000000 133.850000 -2.044289 -45000.000000
8.000000 134.549251 0.137567 -0.000000
9.000000 134.493168 -0.253647 -5337.015510
10.000000 134.460129 -0.644718 -13027.423018
11.000000 134.415293 -1.032925 -21087.763358
12.000000 134.416466 -1.424411 -28832.488290
13.000000 134.356150 -1.813543 -36171.782940
14.000000 134.212020 -2.177208 -45000.000000
15.000000 135.000471 0.140977 -0.000000
16.000000 134.935675 -0.285386 -5300.895242
17.000000 134.878517 -0.709708 -13388.850206
18.000000 134.822795 -1.131264 -22730.774275
19.000000 134.775340 -1.555790 -31694.641687
20.000000 134.694800 -1.979820 -38390.539895
21.000000 134.505161 -2.364363 -45000.000000
22.000000 135.466966 0.025194 -0.000000
23.000000 135.352124 -0.405948 -5280.074060
24.000000 135.281739 -0.843008 -13781.107478
25.000000 135.216516 -1.279365 -23208.912048
26.000000 135.138840 -1.715842 -31747.091596
27.000000 135.033127 -2.150336 -38264.374338
28.000000 134.804579 -2.525388 -45000.000000
29.000000 135.885259 -0.119140 -0.000000
30.000000 135.757842 -0.576747 -6009.460271
31.000000 135.671621 -1.040396 -15257.713683
32.000000 135.592136 -1.505347 -24789.389123
33.000000 135.476860 -1.966035 -32580.047583
34.000000 135.328552 -2.420605 -37948.404735
35.000000 135.065710 -2.801944 -45000.000000
36.000000 136.283124 -0.273371 -0.000000
37.000000 136.143437 -0.757729 -6914.700761
38.000000 136.047052 -1.250169 -16721.505081
39.000000 135.952135 -1.744180 -26255.356922
40.000000 135.808619 -2.230107 -33493.946829
41.000000 135.618845 -2.703217 -37954.062752
42.000000 135.388187 -3.153376 -45000.000000
43.000000 136.638747 -0.376977 -0.000000
44.000000 136.533499 -0.870760 -6878.148389
45.000000 136.433475 -1.362178 -16746.784972
46.000000 136.345276 -1.857384 -26050.804013
47.000000 136.187701 -2.338473 -33078.879661
48.000000 136.014704 -2.817792 -37771.962242
49.000000 135.882329 -3.305140 -45000.000000
50.000000 137.007957 -0.423779 -0.000000
51.000000 136.933547 -0.916930 -6273.591063
52.000000 136.851612 -1.404060 -16531.304677
53.000000 136.766610 -1.893277 -25611.590029
54.000000 136.607234 -2.367471 -32254.019864
55.000000 136.431862 -2.838349 -37472.333170
56.000000 136.336160 -3.322796 -45000.000000
57.000000 137.422429 -0.476317 -0.000000
58.000000 137.341213 -0.959979 -6819.259021
59.000000 137.263768 -1.439045 -17729.920132
60.000000 137.165893 -1.919104 -26021.028715
61.000000 137.017031 -2.388922 -31876.259431
62.000000 136.842111 -2.851268 -37288.086769
63.000000 136.756563 -3.329857 -45000.000000
64.000000 137.859551 -0.548453 -0.000000
65.000000 137.768357 -1.019616 -7449.478815
66.000000 137.676737 -1.485294 -18825.002224
67.000000 137.570282 -1.955030 -26021.593057
68.000000 137.436811 -2.420541 -30841.065558
69.000000 137.258989 -2.870878 -36698.641601
70.000000 137.157397 -3.337772 -45000.000000
71.000000 138.315166 -0.647500 -0.000000
72.000000 138.196239 -1.105199 -7686.657193
73.000000 138.088655 -1.560781 -18943.286329
74.000000 137.959814 -2.018719 -25544.640386
75.000000 137.815481 -2.475036 -29743.109056
76.000000 137.668214 -2.929031 -35846.047262
77.000000 137.549307 -3.385201 -45000.000000
78.000000 138.760621 -0.791950 -0.000000
79.000000 138.621442 -1.233670 -7895.367894
80.000000 138.479977 -1.670303 -18836.102104
81.000000 138.330393 -2.111439 -25682.446247
82.000000 138.202101 -2.562372 -30148.315236
83.000000 138.068096 -3.010805 -35797.705543
84.000000 137.936701 -3.453640 -45000.000000
85.000000 139.190931 -0.928439 -0.000000
86.000000 139.047555 -1.361737 -7332.374282
87.000000 138.884464 -1.783144 -18036.625567
88.000000 138.718673 -2.208927 -26006.397820
89.000000 138.578362 -2.647620 -31281.113758
90.000000 138.453020 -3.091172 -36418.540097
91.000000 138.318638 -3.527224 -45000.000000
92.000000 139.618420 -1.065701 -0.000000
93.000000 139.462629 -1.494189 -6270.445281
94.000000 139.292934 -1.911960 -16444.209909
95.000000 139.110057 -2.326673 -25606.107914
96.000000 138.966526 -2.761401 -31647.149924
97.000000 138.834326 -3.200911 -36846.314921
98.000000 138.674274 -3.627773 -45000.000000
99.000000 140.024140 -1.235717 -0.000000
100.000000 139.855333 -1.661630 -5954.803961
101.000000 139.689008 -2.083818 -15511.539597
102.000000 139.514870 -2.503383 -25210.382710
103.000000 139.362577 -2.936673 -31829.385411
104.000000 139.199801 -3.367956 -37009.984427
105.000000 139.005791 -3.782612 -45000.000000
106.000000 140.406274 -1.390567 -0.000000
107.000000 140.249698 -1.828435 -6220.944391
108.000000 140.082170 -2.257862 -15834.028653
109.000000 139.922807 -2.690622 -25769.727335
110.000000 139.757369 -3.125987 -32088.823614
111.000000 139.554617 -3.548787 -36886.457262
112.000000 139.346691 -3.964680 -45000.000000
113.000000 140.827269 -1.509241 -0.000000
114.000000 140.656166 -1.953617 -6055.911380
115.000000 140.485535 -2.392389 -16419.995627
116.000000 140.321605 -2.835086 -26418.324510
117.000000 140.127548 -3.272084 -31842.924352
118.000000 139.913496 -3.702355 -35544.797295
119.000000 139.714457 -4.131610 -45000.000000
120.000000 141.241155 -1.674796 -0.000000
121.000000 141.059643 -2.111231 -6578.868417
122.000000 140.878539 -2.541321 -17580.590763
123.000000 140.702982 -2.977750 -26878.062625
124.000000 140.502637 -3.409317 -31665.864987
125.000000 140.280387 -3.832694 -34737.211333
126.000000 140.104887 -4.265131 -45000.000000
127.000000 141.652030 -1.862389 -0.000000
128.000000 141.461953 -2.274435 -7165.966077
129.000000 141.275957 -2.682290 -18175.545492
130.000000 141.091416 -3.096809 -26362.803243
131.000000 140.893709 -3.509991 -31152.434534
132.000000 140.670047 -3.911583 -34817.379926
133.000000 140.522491 -4.328724 -45000.000000
134.000000 142.088373 -2.047942 -0.000000
135.000000 141.882651 -2.426020 -6377.179785
136.000000 141.685612 -2.801083 -17317.871835
137.000000 141.486476 -3.179983 -25914.017429
138.000000 141.301440 -3.570822 -30889.368999
139.000000 141.055684 -3.929524 -35250.057100
140.000000 140.927708 -4.321927 -45000.000000
141.000000 142.492810 -2.322505 -0.000000
142.000000 142.279608 -2.649812 -6608.511494
143.000000 142.073324 -2.973621 -17196.649456
144.000000 141.862117 -3.296966 -26382.343375
145.000000 141.661669 -3.634906 -31757.590689
146.000000 141.434621 -3.958342 -36240.142643
147.000000 141.278531 -4.305615 -45000.000000
148.000000 142.875000 -2.591667 -0.000000
149.000000 142.657033 -2.889023 -6479.771729
150.000000 142.437696 -3.176820 -16451.342366
151.000000 142.204176 -3.455244 -25941.290162
152.000000 141.985567 -3.755457 -32049.800612
153.000000 141.765112 -4.056282 -37137.131222
154.000000 141.546651 -4.353349 -45000.000000
155.000000 133.918271 -1.874198 -40615.246452
156.000000 134.013966 -1.521736 -31535.282184
157.000000 134.026987 -1.158836 -22441.567355
158.000000 134.028031 -0.792652 -14664.502573
159.000000 134.031010 -2.110749 -45000.000000
160.000000 134.054170 -0.421631 -7776.117172
161.000000 134.093394 -0.050963 -2133.146222
162.000000 134.099281 -1.940657 -40615.246452
163.000000 134.171346 -1.758825 -36201.137922
164.000000 134.201504 -1.564259 -32531.490597
165.000000 134.213939 -1.005616 -19565.413302
166.000000 134.228341 -1.186146 -23963.917411
167.000000 134.228928 -1.381889 -27836.279877
168.000000 134.236356 -0.811512 -15535.243132
169.000000 134.251803 -0.625858 -12156.682459
170.000000 134.262495 -0.440491 -8646.857731
171.000000 134.279015 -0.244956 -4801.653977
172.000000 134.284085 -1.995376 -40585.891470
173.000000 134.307548 -0.059654 -2668.507755
174.000000 134.335589 0.135953 -0.000000
175.000000 134.358591 -2.270785 -45000.000000
176.000000 134.386308 -1.618977 -32502.135615
177.000000 134.415879 -1.228668 -24960.125824
178.000000 134.437711 -0.838821 -17057.593188
179.000000 134.453410 -2.078514 -41695.269947
180.000000 134.476648 -0.449182 -9182.219264
181.000000 134.521209 -0.058040 -2668.507755
182.000000 134.525475 -1.896682 -37281.161417
183.000000 134.565745 -1.684667 -33933.212313
184.000000 134.595903 -1.490101 -30263.564988
185.000000 134.599981 -2.172091 -41695.269947
186.000000 134.619044 -1.082095 -21909.268817
187.000000 134.619630 -1.277838 -25781.631283
188.000000 134.646905 -0.871316 -17238.306782
189.000000 134.654870 -2.444875 -45000.000000
190.000000 134.669323 -0.677213 -13208.136612
191.000000 134.697902 -0.465052 -9164.159130
192.000000 134.714421 -0.269517 -5318.955376
193.000000 134.735070 -1.767805 -35042.590791
194.000000 134.742463 -0.073910 -2650.447621
195.000000 134.749690 -2.252604 -41695.269947
196.000000 134.774861 0.139272 -0.000000
197.000000 134.799068 -1.343527 -27212.707981
198.000000 134.850656 -0.920486 -18059.812241
199.000000 134.863964 -2.065078 -38327.457116
200.000000 134.907096 -0.497547 -9344.872724
201.000000 134.916820 -1.847831 -35068.815745
202.000000 134.918853 -2.337862 -41632.187169
203.000000 134.935145 -2.663666 -45000.000000
204.000000 134.957090 -1.635816 -31720.866641
205.000000 134.968073 -0.072205 -2650.447621
206.000000 134.995928 -1.417578 -27451.776867
207.000000 135.019655 -1.205315 -22969.843162
208.000000 135.052267 -0.987136 -18255.940877
209.000000 135.066566 -2.472996 -41474.202368
210.000000 135.080128 -0.776358 -13584.978842
211.000000 135.085983 -1.933089 -35005.732967
212.000000 135.115321 -0.557828 -9334.462133
213.000000 135.143899 -0.345667 -5290.484651
214.000000 135.177678 -1.497604 -27478.001822
215.000000 135.180839 -2.285471 -38106.389536
216.000000 135.197131 -2.611274 -41474.202368
217.000000 135.201320 -0.130096 -2650.447621
218.000000 135.226948 -2.977660 -45000.000000
219.000000 135.233719 0.083086 -0.000000
220.000000 135.249127 -1.061187 -18495.009763
221.000000 135.254993 -2.058185 -35422.210960
222.000000 135.307850 -1.840938 -32163.569589
223.000000 135.316932 -0.624478 -9530.590769
224.000000 135.342277 -2.752580 -41477.031376
225.000000 135.365488 -1.610594 -28268.240359
226.000000 135.402706 -2.193320 -35264.226159
227.000000 135.404326 -1.392356 -23999.150585
228.000000 135.409545 -0.190377 -2640.037030
229.000000 135.444068 -1.159881 -19233.312866
230.000000 135.473698 -2.561911 -37951.233744
231.000000 135.476680 -0.941702 -14519.410580
232.000000 135.503516 -2.928296 -41477.031376
233.000000 135.519791 -0.709878 -9895.283875
234.000000 135.534498 -1.735691 -28684.718353
235.000000 135.554983 -0.491348 -5644.767166
236.000000 135.568585 -2.325356 -35721.175782
237.000000 135.618692 -0.262544 -2640.037030
238.000000 135.631879 -1.272872 -20023.551403
239.000000 135.635258 -3.229258 -45000.000000
240.000000 135.642739 -2.098071 -33036.997206
241.000000 135.676113 -0.046973 -0.000000
242.000000 135.713732 -2.466662 -35724.004791
243.000000 135.714497 -1.855107 -29417.702253
244.000000 135.714732 -0.808572 -10633.586977
245.000000 135.750587 -3.004178 -41477.031376
246.000000 135.772135 -1.624764 -25522.373022
247.000000 135.816774 -2.760504 -37863.012497
248.000000 135.819594 -1.377758 -20755.447102
249.000000 135.821550 -0.347944 -3004.730136
250.000000 135.859336 -1.145283 -15989.609382
251.000000 135.880377 -1.987144 -29874.651876
252.000000 135.907529 -0.899063 -11086.207222
253.000000 135.911662 -2.523950 -35632.954535
254.000000 135.948516 -3.061466 -41385.981121
255.000000 135.950640 -0.667238 -6462.080516
256.000000 135.998160 -2.284290 -33286.413245
257.000000 135.999593 -1.497175 -21488.431001
258.000000 136.020483 -0.425059 -3004.730136
259.000000 136.069918 -2.041326 -29667.118291
260.000000 136.084191 -0.196256 -0.000000
261.000000 136.095244 -1.003949 -11818.102921
262.000000 136.101202 -2.578132 -35425.420951
263.000000 136.109244 -3.313968 -45000.000000
264.000000 136.148705 -1.800782 -26153.080467
265.000000 136.175432 -3.070294 -41385.981121
266.000000 136.192805 -1.553179 -21501.070947
267.000000 136.213280 -0.515550 -3457.350381
268.000000 136.223283 -2.828070 -37622.147706
269.000000 136.240263 -1.306174 -16734.145026
270.000000 136.266488 -2.097929 -29564.841837
271.000000 136.290275 -1.060465 -11799.826735
272.000000 136.309782 -2.588411 -35275.606415
273.000000 136.338468 -0.814245 -6896.424575
274.000000 136.384011 -3.080573 -41236.166585
275.000000 136.389375 -1.609781 -21398.794492
276.000000 136.391092 -0.567353 -3457.350381
277.000000 136.397467 -2.352972 -32666.449762
278.000000 136.460935 -0.325174 -0.000000
279.000000 136.476255 -2.112428 -29152.411938
280.000000 136.483487 -1.116469 -11812.466680
281.000000 136.519548 -2.602910 -34863.176517
282.000000 136.546362 -3.326327 -45000.000000
283.000000 136.555943 -1.875331 -25831.197021
284.000000 136.586123 -0.623869 -3439.074194
285.000000 136.594213 -3.084103 -41236.166585
286.000000 136.600043 -1.627727 -21179.187500
287.000000 136.636987 -2.844809 -37380.209969
288.000000 136.642543 -1.383119 -16639.044824
289.000000 136.686922 -2.130374 -28932.804946
290.000000 136.692555 -1.137410 -11704.726533
291.000000 136.724673 -2.609370 -34771.053316
292.000000 136.733523 -0.893845 -6575.869726
293.000000 136.786147 -0.646954 -3136.795531
294.000000 136.799337 -3.090563 -41144.043385
295.000000 136.809111 -1.648669 -21071.447353
296.000000 136.812133 -2.378197 -32065.139647
297.000000 136.823352 -0.400378 -0.000000
298.000000 136.891820 -2.141099 -28743.924730
299.000000 136.892579 -1.160495 -11402.447870
300.000000 136.929571 -2.620095 -34582.173100
301.000000 136.956980 -3.333815 -45000.000000
302.000000 136.966251 -1.906190 -25816.309372
303.000000 136.970752 -0.670354 -3136.795531
304.000000 136.999754 -3.094520 -41144.043385
305.000000 137.008752 -1.661582 -21276.166696
306.000000 137.050550 -2.861073 -36993.364185
307.000000 137.057690 -1.421552 -17130.612404
308.000000 137.091462 -2.154013 -28948.644073
309.000000 137.098658 -1.177987 -12001.755597
310.000000 137.137380 -0.938455 -6546.425042
311.000000 137.138010 -2.629900 -34287.450516
312.000000 137.174585 -0.691879 -3409.629510
313.000000 137.208193 -3.104325 -40849.320801
314.000000 137.214830 -1.679074 -21875.474423
315.000000 137.215193 -0.450048 -0.000000
316.000000 137.226921 -2.404731 -31358.662494
317.000000 137.301352 -2.169822 -28431.047136
318.000000 137.302491 -1.199512 -12274.589576
319.000000 137.347900 -2.645709 -33769.853579
320.000000 137.353352 -3.361487 -45000.000000
321.000000 137.368087 -1.937067 -26021.310886
322.000000 137.381821 -0.718148 -3409.629510
323.000000 137.404148 -3.128040 -40849.320801
324.000000 137.417025 -1.697037 -21875.756594
325.000000 137.463601 -2.899954 -36272.344432
326.000000 137.470252 -1.462169 -18277.461178
327.000000 137.503546 -2.187785 -28431.329307
328.000000 137.508975 -1.222637 -12822.130623
329.000000 137.552513 -2.674786 -33343.556410
330.000000 137.554785 -0.989798 -7134.368918
331.000000 137.595393 -0.747967 -3724.739407
332.000000 137.608761 -3.157116 -40423.023631
333.000000 137.623509 -1.720162 -22423.297641
334.000000 137.626146 -2.447788 -30292.087307
335.000000 137.640990 -0.512385 -0.000000
336.000000 137.692881 -2.215033 -27882.351057
337.000000 137.722547 -1.252455 -13137.240520
338.000000 137.741848 -2.702033 -32794.578159
339.000000 137.743004 -3.419421 -45000.000000
340.000000 137.765048 -1.986875 -25783.116721
341.000000 137.802457 -3.191336 -40423.023631
342.000000 137.813954 -0.784035 -3724.739407
343.000000 137.818276 -1.752007 -22184.821305
344.000000 137.868155 -2.969918 -35821.876403
345.000000 137.882696 -1.523037 -18884.144277
346.000000 137.887648 -2.246878 -27643.874721
347.000000 137.928506 -1.290198 -13196.382572
348.000000 137.941788 -2.742921 -32770.407300
349.000000 137.982298 -1.062407 -7568.068004
350.000000 138.002398 -3.232223 -40398.852772
351.000000 138.008791 -2.518704 -29945.712146
352.000000 138.024235 -1.789750 -22243.963357
353.000000 138.027895 -0.826826 -3843.328597
354.000000 138.080958 -2.290546 -27846.477811
355.000000 138.087358 -0.597977 -0.000000
356.000000 138.127670 -3.490432 -45000.000000
357.000000 138.135098 -2.786589 -32973.010390
358.000000 138.142447 -1.332990 -13314.971761
359.000000 138.145104 -2.065079 -25613.543316
360.000000 138.193367 -3.269015 -40398.852772
361.000000 138.209524 -1.836110 -22312.866288
362.000000 138.255703 -0.876349 -3843.328597
363.000000 138.260558 -3.050989 -36108.122820
364.000000 138.266247 -2.336905 -27915.380742
365.000000 138.284316 -1.615542 -18889.694216
366.000000 138.327561 -2.826772 -33283.427667
367.000000 138.355048 -1.397225 -13419.327112
368.000000 138.385829 -3.309198 -40709.270049
369.000000 138.390232 -2.604996 -30714.714497
370.000000 138.405185 -1.890871 -22259.274175
371.000000 138.408840 -1.169434 -7791.012544
372.000000 138.454377 -2.379529 -28481.780003
373.000000 138.478430 -0.948574 -3843.328597
374.000000 138.496456 -3.577499 -45000.000000
375.000000 138.515691 -2.869396 -33849.826928
376.000000 138.524533 -2.160183 -25844.422034
377.000000 138.537893 -0.719725 -0.000000
378.000000 138.550709 -1.451986 -13365.734999
379.000000 138.563647 -3.359473 -40709.270049
380.000000 138.599325 -1.939615 -22421.249962
381.000000 138.643673 -3.146041 -36632.427509
382.000000 138.648517 -2.428274 -28643.755789
383.000000 138.682221 -1.726724 -18436.363836
384.000000 138.691031 -1.012810 -3947.683947
385.000000 138.706344 -2.924265 -34063.714340
386.000000 138.752953 -1.508407 -12965.996731
387.000000 138.754300 -3.414342 -40923.157460
388.000000 138.772444 -2.704511 -31464.131841
389.000000 138.801568 -1.996036 -22021.511694
390.000000 138.834498 -1.297703 -7613.871088
391.000000 138.840032 -3.705193 -45000.000000
392.000000 138.842599 -2.485164 -28826.773872
393.000000 138.900426 -2.981156 -34246.732422
394.000000 138.904088 -1.076843 -3666.187141
395.000000 138.914365 -2.267800 -25806.252867
396.000000 138.937037 -3.497865 -41004.992214
397.000000 138.966010 -1.572441 -12684.499925
398.000000 138.975776 -0.860194 -0.000000
399.000000 138.997261 -2.054908 -21821.366740
400.000000 139.017063 -3.284433 -36928.149674
401.000000 139.038291 -2.544037 -28626.628919
402.000000 139.088699 -1.847552 -17240.417738
403.000000 139.098452 -3.068792 -34337.850166
404.000000 139.102796 -3.575284 -41004.992214
405.000000 139.119243 -1.145088 -3666.187141
406.000000 139.164552 -2.849037 -31738.267667
407.000000 139.170245 -1.636849 -11888.292095
408.000000 139.176241 -3.873646 -45000.000000
409.000000 139.201495 -2.119317 -21025.158911
410.000000 139.240698 -2.632392 -28428.766317
411.000000 139.255092 -1.427963 -6801.409782
412.000000 139.280204 -3.665699 -40943.228631
413.000000 139.281189 -3.152315 -34419.684919
414.000000 139.312463 -2.415028 -25408.245312
415.000000 139.326780 -1.211314 -3135.222641
416.000000 139.377209 -3.458372 -36948.220844
417.000000 139.377781 -1.703075 -11357.327595
418.000000 139.399532 -2.205245 -20558.823755
419.000000 139.404675 -0.997070 -0.000000
420.000000 139.438724 -2.720028 -28519.884060
421.000000 139.450654 -3.756733 -40943.228631
422.000000 139.478585 -3.246972 -34549.404020
423.000000 139.490971 -1.997889 -15977.874753
424.000000 139.530574 -4.048145 -45000.000000
425.000000 139.540524 -1.279945 -3135.222641
426.000000 139.559973 -3.031330 -31959.104512
427.000000 139.574133 -1.786795 -11199.506935
428.000000 139.601939 -2.293600 -20360.961153
429.000000 139.634537 -3.840198 -40943.228631
430.000000 139.642692 -2.813648 -28799.556373
431.000000 139.655993 -3.337387 -34487.640438
432.000000 139.658981 -1.577910 -6112.624621
433.000000 139.718838 -2.597003 -25490.055022
434.000000 139.734056 -3.625571 -36215.627278
435.000000 139.743384 -1.364953 -3135.222641
436.000000 139.772170 -1.872724 -10733.171779
437.000000 139.798520 -2.380622 -20522.205681
438.000000 139.813976 -3.916983 -40272.398647
439.000000 139.821280 -1.150709 -0.000000
440.000000 139.835432 -3.414171 -33816.810454
441.000000 139.840088 -2.908305 -28929.275474
442.000000 139.885589 -2.170840 -15672.784125
443.000000 139.909672 -4.198371 -45000.000000
444.000000 139.939736 -1.448673 -2977.401981
445.000000 139.942458 -3.199036 -31965.873983
446.000000 139.969353 -1.956127 -10866.241994
447.000000 140.002488 -2.474242 -20801.877994
448.000000 140.009191 -3.983743 -40272.398647
449.000000 140.020522 -3.487220 -33693.860823
450.000000 140.025177 -2.981353 -28806.325843
451.000000 140.052515 -1.745033 -6087.874176
452.000000 140.096941 -3.767525 -35141.004314
453.000000 140.122206 -2.762854 -26094.025922
454.000000 140.130803 -1.526098 -2977.401981
455.000000 140.165934 -2.043149 -11027.486522
456.000000 140.192637 -4.048913 -39868.605667
457.000000 140.201887 -2.546474 -21126.176581
458.000000 140.203967 -3.552389 -33290.067842
459.000000 140.215207 -1.313142 -0.000000
460.000000 140.224576 -3.053585 -29130.624431
461.000000 140.283852 -2.325125 -16127.012140
462.000000 140.313689 -4.296927 -45000.000000
463.000000 140.315092 -3.340701 -31754.394669
464.000000 140.327986 -1.609501 -3110.472196
465.000000 140.367616 -2.110412 -11320.470009
466.000000 140.391512 -3.621006 -33201.538160
467.000000 140.401439 -4.080709 -39868.605667
468.000000 140.403570 -2.613737 -21419.160068
469.000000 140.412121 -3.122201 -29042.094748
470.000000 140.452932 -1.891026 -6138.427885
471.000000 140.475217 -3.872139 -34777.295630
472.000000 140.512293 -2.906418 -26648.193567
473.000000 140.531220 -1.672092 -3027.955690
474.000000 140.570850 -2.173003 -11237.953503
475.000000 140.586342 -3.660450 -33241.622457
476.000000 140.594258 -2.685069 -21649.029126
477.000000 140.596269 -4.120154 -39908.689963
478.000000 140.602809 -3.193533 -29271.963806
479.000000 140.616771 -1.449904 -0.000000
480.000000 140.682037 -2.466855 -17000.293195
481.000000 140.698173 -3.459654 -31409.149761
482.000000 140.725100 -4.325325 -45000.000000
483.000000 140.741718 -1.731429 -3027.955690
484.000000 140.767353 -2.247469 -11818.251071
485.000000 140.781878 -3.710787 -32984.907230
486.000000 140.790760 -2.759535 -22229.326694
487.000000 140.798345 -3.243870 -29015.248579
488.000000 140.798878 -4.116755 -39908.689963
489.000000 140.857905 -2.032424 -6317.389898
490.000000 140.862865 -3.920554 -35033.718513
491.000000 140.897199 -3.037279 -26620.432934
492.000000 140.943456 -1.810236 -3289.434209
493.000000 140.969091 -2.326276 -12079.729590
494.000000 140.974696 -3.719757 -33201.245817
495.000000 140.984978 -2.819065 -21971.697003
496.000000 140.991696 -4.125725 -40125.028550
497.000000 140.992563 -3.303400 -28757.618888
498.000000 141.034212 -1.592018 -0.000000
499.000000 141.077248 -2.611806 -17878.068128
500.000000 141.097574 -3.540406 -31020.901766
501.000000 141.103120 -4.313771 -45000.000000
502.000000 141.150399 -1.893013 -3289.434209
503.000000 141.167107 -4.117570 -40125.028550
504.000000 141.167800 -2.396761 -12377.206955
505.000000 141.178562 -3.750173 -33069.713049
506.000000 141.183687 -2.889549 -22269.174367
507.000000 141.196428 -3.333815 -28626.086121
508.000000 141.245152 -3.943933 -35745.099872
509.000000 141.260798 -2.192833 -6872.417247
510.000000 141.288946 -3.138396 -26138.410336
511.000000 141.351554 -1.974615 -3582.983038
512.000000 141.356576 -4.131979 -40620.071321
513.000000 141.368030 -3.764582 -33564.755821
514.000000 141.368955 -2.478363 -12670.755784
515.000000 141.381216 -2.931136 -22044.781461
516.000000 141.393958 -3.375402 -28401.693214
517.000000 141.412591 -4.329482 -45000.000000
518.000000 141.446593 -1.768592 -0.000000
519.000000 141.480785 -2.741686 -17746.708664
520.000000 141.481554 -3.602864 -31323.479844
521.000000 141.490636 -4.155846 -40620.071321
522.000000 141.548145 -3.796624 -33998.866666
523.000000 141.556992 -2.068412 -3582.983038
524.000000 141.573782 -2.537759 -12241.918956
525.000000 141.574072 -3.407444 -28835.804059
526.000000 141.586044 -2.990533 -21615.944632
527.000000 141.599866 -4.007312 -36688.636933
528.000000 141.655881 -4.204815 -41068.565611
529.000000 141.672302 -2.350228 -6771.572931
530.000000 141.674296 -3.238474 -26148.180402
531.000000 141.713390 -3.845594 -34447.360956
532.000000 141.761893 -3.465936 -29069.967032
533.000000 141.767341 -2.144205 -3188.589893
534.000000 141.773865 -3.049024 -21850.107605
535.000000 141.784131 -2.613552 -11847.525810
536.000000 141.823618 -3.695181 -31903.695651
537.000000 141.870202 -1.955165 -0.000000
538.000000 141.875339 -3.905869 -34593.465917
539.000000 141.879468 -2.887352 -17257.260645
540.000000 141.923842 -3.526211 -29216.071993
541.000000 141.967721 -3.135293 -21789.496415
542.000000 141.977988 -2.699820 -11786.914620
543.000000 141.985512 -2.236981 -3188.589893
544.000000 142.033147 -3.376105 -26161.816768
545.000000 142.081129 -2.537916 -6492.845639
546.000000 142.094871 -3.605350 -28995.545387
547.000000 142.138750 -3.214432 -21568.969809
548.000000 142.176466 -2.811716 -11902.580475
549.000000 142.187731 -2.374263 -3188.589893
550.000000 142.255510 -3.075220 -16823.995911
551.000000 142.290592 -2.185224 -0.000000
552.000000 142.320936 -3.316032 -21196.316264
553.000000 142.358652 -2.913316 -11529.926930
554.000000 142.386209 -2.486159 -3304.255747
555.000000 142.468320 -2.769418 -6544.141611
556.000000 142.547364 -3.032922 -11465.557047
557.000000 142.574921 -2.605764 -3239.885864
558.000000 142.683905 -2.457086 -0.000000
559.000000 142.766016 -2.740345 -3239.885864
560.000000 133.884136 -1.959243 -42807.623226
561.000000 133.940505 -2.077519 -45000.000000
562.000000 133.952407 -1.789152 -38422.869678
563.000000 133.974641 -1.992473 -42807.623226
564.000000 134.000254 -1.612921 -33882.887544
565.000000 134.008776 -1.907427 -40615.246452
566.000000 134.019786 -1.068571 -20242.315301
567.000000 134.020307 -0.885479 -16353.782910
568.000000 134.027678 -1.430551 -29187.676824
569.000000 134.034188 -1.249101 -24640.819409
570.000000 134.035754 -0.699825 -12975.222236
571.000000 134.042912 -1.822382 -38422.869678
572.000000 134.048823 -0.514314 -9531.029536
573.000000 134.059516 -0.328948 -6021.204808
574.000000 134.065146 -2.025703 -42807.623226
575.000000 134.078944 -1.731465 -36215.815413
576.000000 134.079128 -0.143614 -3199.719333
577.000000 134.094023 -1.634182 -34380.991751
578.000000 134.107661 0.041688 -1066.573111
579.000000 134.107735 -1.542997 -32033.386391
580.000000 134.113261 -0.991961 -18804.238274
581.000000 134.120463 -1.082226 -21003.490329
582.000000 134.121447 -1.451812 -29685.781030
583.000000 134.121515 -2.143978 -45000.000000
584.000000 134.124470 -0.894909 -16789.153189
585.000000 134.127664 -1.172491 -23202.742383
586.000000 134.132194 -0.802082 -15099.872853
587.000000 134.134865 -1.262756 -25401.994437
588.000000 134.135159 -1.360627 -27338.175670
589.000000 134.135314 -1.849741 -38408.192187
590.000000 134.139917 -0.709255 -13410.592516
591.000000 134.147640 -0.616428 -11721.312179
592.000000 134.152986 -0.523744 -9966.399816
593.000000 134.155651 -2.058933 -42807.623226
594.000000 134.158332 -0.431061 -8211.487452
595.000000 134.163679 -0.338378 -6456.575088
596.000000 134.171938 -0.240610 -4533.973211
597.000000 134.186205 -0.147959 -3467.400100
598.000000 134.186425 -1.661542 -34366.314260
599.000000 134.191683 -1.968016 -40600.568961
600.000000 134.200471 -0.055309 -2400.826989
601.000000 134.214737 0.037342 -1334.253877
602.000000 134.215216 -1.473074 -30183.885237
603.000000 134.221140 -1.095881 -21764.665357
604.000000 134.225148 -0.908564 -17550.328217
605.000000 134.227716 -1.877100 -38393.514696
606.000000 134.228634 -1.284017 -25900.098644
607.000000 134.228758 0.135146 -0.000000
608.000000 134.244080 -0.718685 -13845.962796
609.000000 134.248053 -2.086292 -42792.945735
610.000000 134.257149 -0.533174 -10401.770095
611.000000 134.263748 -1.786184 -36186.460431
612.000000 134.270755 -0.342723 -6724.255854
613.000000 134.278827 -1.688901 -34351.636768
614.000000 134.285305 -2.223997 -45000.000000
615.000000 134.293281 -0.152305 -3735.080866
616.000000 134.293906 -1.591618 -32516.813106
617.000000 134.308985 -1.494335 -30681.989444
618.000000 134.314616 -1.019271 -20326.588330
619.000000 134.320118 -1.904459 -38378.837205
620.000000 134.321568 0.038149 -1334.253877
621.000000 134.321817 -1.109535 -22525.840385
622.000000 134.322110 -1.207407 -24462.021618
623.000000 134.322403 -1.305278 -26398.202851
624.000000 134.322697 -1.403150 -28334.384083
625.000000 134.325825 -0.922219 -18311.503245
626.000000 134.332715 -2.127861 -43347.634974
627.000000 134.337034 -0.825167 -16296.418160
628.000000 134.348243 -0.728115 -14281.333075
629.000000 134.355966 -0.635288 -12592.052739
630.000000 134.361312 -0.542604 -10837.140375
631.000000 134.368748 -2.036945 -41140.580709
632.000000 134.369572 -0.444837 -8914.538498
633.000000 134.371229 -1.716260 -34336.959277
634.000000 134.377832 -0.347069 -6991.936621
635.000000 134.386092 -0.249301 -5069.334744
636.000000 134.400358 -0.156651 -4002.761632
637.000000 134.401387 -1.521694 -30667.311952
638.000000 134.404780 -1.946029 -38933.526443
639.000000 134.406000 -2.174650 -43347.634974
640.000000 134.414379 -0.058847 -2668.507755
641.000000 134.415586 -1.130797 -23023.944591
642.000000 134.416172 -1.326540 -26896.307057
643.000000 134.426502 -0.935873 -19072.678273
644.000000 134.428399 0.038957 -1334.253877
645.000000 134.431876 -2.317574 -45000.000000
646.000000 134.440813 -1.855112 -36726.472178
647.000000 134.442420 0.136760 -0.000000
648.000000 134.448920 -0.741770 -15042.508103
649.000000 134.460948 -1.749105 -35052.497626
650.000000 134.468389 -0.546950 -11104.821141
651.000000 134.476027 -1.651822 -33217.673964
652.000000 134.479286 -2.221438 -43347.634974
653.000000 134.484908 -0.351415 -7259.617387
654.000000 134.489443 -1.987598 -39488.215682
655.000000 134.491106 -1.554539 -31382.850302
656.000000 134.506184 -1.457256 -29548.026639
657.000000 134.507189 -0.155843 -4002.761632
658.000000 134.517168 -1.057510 -21498.516088
659.000000 134.517462 -1.155382 -23434.697321
660.000000 134.517755 -1.253253 -25370.878553
661.000000 134.518048 -1.351124 -27307.059786
662.000000 134.526696 -2.125303 -41695.269947
663.000000 134.531099 -0.952121 -19163.035070
664.000000 134.535230 0.039764 -1334.253877
665.000000 134.542308 -0.855069 -17147.949985
666.000000 134.545610 -1.790674 -35607.186865
667.000000 134.552571 -2.268227 -43347.634974
668.000000 134.553517 -0.758017 -15132.864900
669.000000 134.564726 -0.660965 -13117.779815
670.000000 134.574105 -2.029167 -40042.904921
671.000000 134.579015 -0.554885 -11095.791074
672.000000 134.580015 -2.404619 -45000.000000
673.000000 134.580824 -1.587384 -32098.388651
674.000000 134.587275 -0.457117 -9173.189197
675.000000 134.595535 -0.359350 -7250.587320
676.000000 134.603795 -0.261582 -5327.985443
677.000000 134.607767 -1.383969 -28022.598135
678.000000 134.610138 -1.938251 -37835.850656
679.000000 134.617815 -0.163778 -3993.731565
680.000000 134.619337 -1.179966 -23845.450050
681.000000 134.627425 -2.308483 -43347.634974
682.000000 134.630273 -1.832243 -36161.876104
683.000000 134.631836 -0.065975 -2659.477688
684.000000 134.632975 -0.976706 -19573.787800
685.000000 134.645857 0.031829 -1325.223810
686.000000 134.647391 -2.075956 -40042.904921
687.000000 134.650408 -1.726236 -34487.901552
688.000000 134.658114 -0.774265 -15223.221697
689.000000 134.662056 0.138420 -0.000000
690.000000 134.670543 -1.620229 -32813.927000
691.000000 134.674835 -2.212348 -41695.269947
692.000000 134.683612 -0.571132 -11186.147871
693.000000 134.685622 -1.522946 -30979.103337
694.000000 134.697485 -1.416814 -28738.136485
695.000000 134.702280 -2.348739 -43347.634974
696.000000 134.706161 -0.367284 -7241.557253
697.000000 134.709349 -1.310683 -26497.169632
698.000000 134.714935 -1.873813 -36716.565343
699.000000 134.720920 -1.106680 -22320.021546
700.000000 134.721213 -1.204551 -24256.202779
701.000000 134.722245 -2.116212 -40042.904921
702.000000 134.728442 -0.171713 -3984.701498
703.000000 134.729725 -2.485131 -45000.000000
704.000000 134.734850 -1.001290 -19984.540529
705.000000 134.748781 -0.895901 -17649.059512
706.000000 134.755205 -1.661798 -33368.616239
707.000000 134.758662 0.032681 -1325.223810
708.000000 134.762711 -0.790512 -15313.578494
709.000000 134.773920 -0.693460 -13298.493409
710.000000 134.777135 -2.388996 -43347.634974
711.000000 134.779382 -2.022449 -38358.998505
712.000000 134.787204 -1.449659 -29453.674834
713.000000 134.788209 -0.587380 -11276.504668
714.000000 134.802499 -0.481300 -9254.515927
715.000000 134.805810 -1.913826 -36729.677820
716.000000 134.806827 -2.158841 -40011.363532
717.000000 134.810931 -1.237396 -24971.741128
718.000000 134.816788 -0.375219 -7232.527186
719.000000 134.825048 -0.277452 -5309.925309
720.000000 134.825945 -1.807818 -35055.703268
721.000000 134.834272 -2.295233 -41663.728558
722.000000 134.836726 -1.025875 -20395.293258
723.000000 134.839069 -0.179648 -3975.671431
724.000000 134.846080 -1.701811 -33381.728716
725.000000 134.855268 -0.073057 -2650.447621
726.000000 134.861716 -2.431625 -43316.093584
727.000000 134.864587 -0.815097 -15724.331224
728.000000 134.866215 -1.595803 -31707.754164
729.000000 134.869862 -2.594527 -45000.000000
730.000000 134.871467 0.033534 -1325.223810
731.000000 134.885634 -1.486684 -29573.209277
732.000000 134.887666 0.140125 -0.000000
733.000000 134.890392 -1.956455 -36698.136431
734.000000 134.891408 -2.201470 -39979.822142
735.000000 134.892807 -0.603627 -11366.861465
736.000000 134.897498 -1.380553 -27332.242424
737.000000 134.909362 -1.274421 -25091.275571
738.000000 134.921225 -1.168290 -22850.308718
739.000000 134.921385 -0.391467 -7322.883983
740.000000 134.935572 -2.499192 -43237.101184
741.000000 134.936955 -1.741823 -33394.841193
742.000000 134.937531 -1.059200 -20493.357576
743.000000 134.948545 -2.107707 -38295.915727
744.000000 134.951462 -0.953811 -18157.876559
745.000000 134.951874 -0.178796 -3975.671431
746.000000 134.965392 -0.848422 -15822.395541
747.000000 134.974973 -1.999084 -36666.595041
748.000000 134.975990 -2.244099 -39948.280753
749.000000 134.976509 -1.526697 -29586.321754
750.000000 134.979323 -0.743033 -13486.914524
751.000000 134.984272 0.034386 -1325.223810
752.000000 134.992709 -2.405429 -41553.194768
753.000000 134.996919 -0.633768 -11361.656170
754.000000 135.000427 -2.732805 -45000.000000
755.000000 135.000855 -2.568331 -43237.101184
756.000000 135.001402 -1.890460 -35037.274356
757.000000 135.007792 -1.311446 -25210.810015
758.000000 135.011208 -0.527687 -9339.667429
759.000000 135.025498 -0.421607 -7317.678688
760.000000 135.027830 -1.781836 -33407.953671
761.000000 135.035961 -1.096226 -20612.892019
762.000000 135.039787 -0.315527 -5295.689946
763.000000 135.047965 -1.675829 -31733.979119
764.000000 135.049846 -2.311666 -39869.288353
765.000000 135.059555 -2.041713 -36635.053652
766.000000 135.066138 -2.637470 -43237.101184
767.000000 135.066198 -0.881747 -15920.459859
768.000000 135.067384 -1.566710 -29599.434232
769.000000 135.068497 -0.207741 -3975.671431
770.000000 135.084697 -0.101150 -2650.447621
771.000000 135.086803 -1.457591 -27464.889345
772.000000 135.097724 -0.667093 -11459.720488
773.000000 135.100896 0.005441 -1325.223810
774.000000 135.106222 -1.348472 -25330.344458
775.000000 135.106983 -2.217903 -38185.381937
776.000000 135.112411 -1.824465 -33376.412281
777.000000 135.117095 0.112032 -0.000000
778.000000 135.118086 -1.242340 -23089.377605
779.000000 135.123702 -2.379233 -39790.295952
780.000000 135.129610 -0.451748 -7312.473392
781.000000 135.131420 -2.706609 -43237.101184
782.000000 135.131848 -2.542135 -41474.202368
783.000000 135.134391 -1.133251 -20732.426462
784.000000 135.144060 -2.104261 -36843.292649
785.000000 135.146329 -2.889802 -45000.000000
786.000000 135.150697 -1.024162 -18375.475320
787.000000 135.158259 -1.606723 -29612.546709
788.000000 135.167003 -0.915072 -16018.524177
789.000000 135.170488 -1.995637 -35213.971963
790.000000 135.172610 -0.237882 -3970.466136
791.000000 135.180934 -0.809683 -13683.043160
792.000000 135.196916 -1.887014 -33584.651278
793.000000 135.197097 -1.388485 -25343.456935
794.000000 135.197559 -2.446801 -39711.303551
795.000000 135.198530 -0.700418 -11557.784806
796.000000 135.203993 -2.777262 -43238.515688
797.000000 135.216126 -0.591153 -9432.526451
798.000000 135.217520 -0.023505 -1325.223810
799.000000 135.217916 -2.171828 -36764.300248
800.000000 135.223345 -1.778390 -31955.330593
801.000000 135.232822 -1.170276 -20851.960906
802.000000 135.233723 -0.481888 -7307.268097
803.000000 135.248012 -0.375808 -5285.279356
804.000000 135.252164 -1.663218 -30007.665978
805.000000 135.254695 -2.353038 -38027.397136
806.000000 135.262841 -2.515940 -39711.303551
807.000000 135.265433 -0.952098 -16138.058621
808.000000 135.269704 -2.681927 -41475.616872
809.000000 135.271583 -1.554099 -27873.121091
810.000000 135.276722 -0.268022 -3965.260841
811.000000 135.281421 -1.949562 -33792.890275
812.000000 135.284613 -2.865120 -43238.515688
813.000000 135.291002 -1.444980 -25738.576204
814.000000 135.291772 -2.239395 -36685.307848
815.000000 135.299335 -0.733743 -11655.849124
816.000000 135.305433 -0.160237 -2645.242325
817.000000 135.307568 -3.065518 -45000.000000
818.000000 135.310421 -1.335861 -23604.031317
819.000000 135.328849 -2.125753 -35343.218560
820.000000 135.330292 -1.219623 -21221.112457
821.000000 135.334143 -0.052451 -1325.223810
822.000000 135.334528 -0.515213 -7405.332415
823.000000 135.335414 -2.586593 -39712.718056
824.000000 135.336669 -1.725766 -30215.904974
825.000000 135.346598 -1.110534 -18864.161314
826.000000 135.350343 0.054140 -0.000000
827.000000 135.362904 -1.001445 -16507.210172
828.000000 135.365232 -2.952978 -43238.515688
829.000000 135.365629 -2.306962 -36606.315447
830.000000 135.365926 -2.012110 -34001.129272
831.000000 135.379210 -0.892355 -14150.259029
832.000000 135.380835 -0.298163 -3960.055545
833.000000 135.384907 -1.501475 -26133.695472
834.000000 135.392355 -1.903486 -32371.808586
835.000000 135.400765 -0.776443 -11838.195676
836.000000 135.401125 -2.491258 -37949.819239
837.000000 135.407988 -2.657246 -39714.132560
838.000000 135.418361 -0.667178 -9712.937322
839.000000 135.421174 -1.788314 -30424.143971
840.000000 135.422896 -2.840438 -41477.031376
841.000000 135.424197 -1.276119 -21616.231725
842.000000 135.435957 -0.557913 -7587.678967
843.000000 135.438256 -0.082591 -1320.018515
844.000000 135.439783 -2.079677 -33922.136871
845.000000 135.445851 -3.040836 -43238.515688
846.000000 135.448569 -2.372981 -36834.790259
847.000000 135.449993 -1.673143 -28476.479356
848.000000 135.453554 -0.448648 -5462.420613
849.000000 135.460374 -1.050792 -16876.361723
850.000000 135.478812 -1.557971 -26528.814741
851.000000 135.480561 -2.727899 -39715.547064
852.000000 135.485408 -0.334246 -3960.055545
853.000000 135.485645 -2.259338 -35492.700971
854.000000 135.498231 -1.448852 -24394.269854
855.000000 135.498235 -0.825790 -12207.347227
856.000000 135.505679 -1.850863 -30632.382968
857.000000 135.511722 -3.191317 -45000.000000
858.000000 135.514118 -0.226461 -2640.037030
859.000000 135.518102 -1.332614 -22011.350994
860.000000 135.521142 -2.443634 -36836.204763
861.000000 135.522722 -2.145695 -34150.611683
862.000000 135.537387 -0.600613 -7770.025520
863.000000 135.537974 -1.216376 -19628.432134
864.000000 135.542829 -0.118675 -1320.018515
865.000000 135.546271 -2.632564 -37952.648248
866.000000 135.557845 -1.100139 -17245.513274
867.000000 135.559799 -2.032053 -32808.522394
868.000000 135.561180 -2.815757 -39715.547064
869.000000 135.563317 -1.620519 -26737.053738
870.000000 135.569387 -3.078777 -43238.515688
871.000000 135.571539 -0.010889 -0.000000
872.000000 135.574151 -0.991049 -14888.562132
873.000000 135.586837 -0.376946 -4142.402098
874.000000 135.593715 -2.514287 -36837.619267
875.000000 135.595678 -1.910571 -30998.874918
876.000000 135.595706 -0.875137 -12576.498779
877.000000 135.605662 -2.211714 -34379.086494
878.000000 135.612007 -1.389110 -22406.470263
879.000000 135.617261 -0.759225 -10264.435426
880.000000 135.624497 -1.795399 -29051.210303
881.000000 135.627051 -2.966237 -41477.031376
882.000000 135.638816 -0.643312 -7952.372073
883.000000 135.641159 -2.396009 -35722.590286
884.000000 135.647402 -0.154759 -1320.018515
885.000000 135.651750 -1.156634 -17640.632543
886.000000 135.653316 -1.680227 -27103.545688
887.000000 135.656412 -0.534047 -5827.113718
888.000000 135.666288 -2.584940 -36839.033771
889.000000 135.678618 -1.976589 -31227.349729
890.000000 135.682135 -1.565055 -25155.881072
891.000000 135.684716 -2.853698 -39715.547064
892.000000 135.688267 -0.419646 -4324.748651
893.000000 135.688602 -2.277732 -34607.561306
894.000000 135.692922 -3.116718 -43238.515688
895.000000 135.693176 -0.924484 -12945.650330
896.000000 135.705865 -1.441553 -22772.418112
897.000000 135.717809 -2.731861 -37908.537624
898.000000 135.720121 -0.305244 -2822.383583
899.000000 135.725679 -2.164089 -33265.472017
900.000000 135.725736 -1.325315 -20389.499252
901.000000 135.736287 -0.692659 -8321.523624
902.000000 135.743316 -1.739935 -27470.037637
903.000000 135.745607 -1.209077 -18006.580392
904.000000 135.751975 -0.190842 -1320.018515
905.000000 135.758793 -3.267199 -45000.000000
906.000000 135.761175 -2.348385 -34608.975810
907.000000 135.761558 -2.042607 -31455.824541
908.000000 135.765253 -2.613583 -36793.508644
909.000000 135.765479 -1.092840 -15623.661532
910.000000 135.780686 -0.083057 -0.000000
911.000000 135.783681 -2.882341 -39670.021936
912.000000 135.789575 -0.969730 -13171.960452
913.000000 135.789696 -0.462345 -4507.095203
914.000000 135.795864 -1.501261 -23138.910062
915.000000 135.797437 -1.921125 -29646.177064
916.000000 135.811130 -0.853817 -10859.897099
917.000000 135.812697 -2.495306 -35678.479663
918.000000 135.816458 -3.154659 -43238.515688
919.000000 135.832686 -0.737905 -8547.833747
920.000000 135.833316 -1.799644 -27836.529587
921.000000 135.839465 -1.261521 -18372.528242
922.000000 135.844498 -2.108626 -31684.299352
923.000000 135.849552 -3.032822 -41431.506248
924.000000 135.853405 -0.233542 -1502.365068
925.000000 135.854241 -0.621993 -6235.770394
926.000000 135.860140 -2.377029 -34563.450682
927.000000 135.862135 -1.684472 -25888.864972
928.000000 135.864218 -2.642227 -36747.983516
929.000000 135.882645 -2.910985 -39624.496809
930.000000 135.883433 -1.022173 -13537.908302
931.000000 135.885864 -1.560969 -23505.402012
932.000000 135.889162 -0.500903 -4507.095203
933.000000 135.903389 -2.257199 -33390.180037
934.000000 135.909593 -1.437466 -21121.939051
935.000000 135.915423 -3.183303 -43192.990560
936.000000 135.915739 -2.789148 -37817.487369
937.000000 135.916256 -1.865662 -28065.004399
938.000000 135.921017 -0.386501 -3004.730136
939.000000 135.929084 -0.783151 -8774.143869
940.000000 135.933323 -1.313964 -18738.476091
941.000000 135.939268 -2.135717 -31580.532560
942.000000 135.952871 -0.272100 -1502.365068
943.000000 135.953194 -1.197726 -16355.557231
944.000000 135.954911 -2.404120 -34459.683890
945.000000 135.963183 -2.670871 -36702.458388
946.000000 135.975147 -2.014235 -29770.885083
947.000000 135.975864 -1.620677 -23871.893962
948.000000 135.977290 -1.074616 -13903.856151
949.000000 135.981610 -2.939629 -39578.971681
950.000000 135.984725 -0.157698 -0.000000
951.000000 135.985561 -0.546149 -4733.405326
952.000000 135.995787 -3.309554 -45000.000000
953.000000 136.001387 -0.951506 -11452.155071
954.000000 136.006432 -2.551041 -35529.187743
955.000000 136.011026 -1.892753 -27961.237607
956.000000 136.023322 -1.373672 -19104.968041
957.000000 136.025483 -0.828396 -9000.453992
958.000000 136.028880 -3.187717 -43192.990560
959.000000 136.034039 -2.162808 -31476.765768
960.000000 136.047038 -0.712484 -6688.390639
961.000000 136.049681 -2.431211 -34355.917098
962.000000 136.050420 -1.772481 -26204.218695
963.000000 136.052337 -0.310658 -1502.365068
964.000000 136.057953 -2.697962 -36598.691596
965.000000 136.061974 -3.065880 -41385.981121
966.000000 136.071148 -1.127059 -14269.804001
967.000000 136.072470 -1.648679 -23878.213935
968.000000 136.081960 -0.591394 -4959.715448
969.000000 136.092930 -2.311382 -33182.646453
970.000000 136.095068 -2.944043 -39578.971681
971.000000 136.096199 -1.525177 -21494.750974
972.000000 136.109312 -1.921054 -27910.099379
973.000000 136.116882 -0.470305 -3231.040258
974.000000 136.118994 -2.822931 -37697.054974
975.000000 136.119341 -0.880839 -9366.401841
976.000000 136.119928 -1.401674 -19111.288014
977.000000 136.128809 -2.189900 -31372.998976
978.000000 136.142338 -3.192131 -43192.990560
979.000000 136.143658 -1.278171 -16727.825053
980.000000 136.144452 -2.458303 -34252.150306
981.000000 136.151803 -0.349215 -1502.365068
982.000000 136.162243 -2.703101 -36523.784328
983.000000 136.168203 -2.069628 -29615.980064
984.000000 136.168663 -1.155317 -14260.665908
985.000000 136.170755 -1.676981 -23827.075707
986.000000 136.178359 -0.636640 -5186.025571
987.000000 136.183657 -0.234814 -0.000000
988.000000 136.192760 -1.032207 -11808.964828
989.000000 136.199358 -2.949182 -39504.064413
990.000000 136.205492 -2.583272 -35350.513683
991.000000 136.207597 -1.949355 -27858.961152
992.000000 136.216534 -1.429676 -19117.607987
993.000000 136.216856 -0.909097 -9357.263748
994.000000 136.222702 -3.318382 -45000.000000
995.000000 136.227094 -2.218201 -31321.860749
996.000000 136.240953 -0.785987 -6905.562668
997.000000 136.246990 -1.829083 -26101.942240
998.000000 136.248202 -0.394461 -1728.675190
999.000000 136.248741 -2.463442 -34177.243038
1000.000000 136.255796 -3.196545 -43192.990560
1001.000000 136.265269 -1.183319 -14266.985880
1002.000000 136.266532 -2.708241 -36448.877060
1003.000000 136.267265 -0.662541 -5186.025571
1004.000000 136.269040 -1.705282 -23775.937480
1005.000000 136.279722 -3.075433 -41311.073853
1006.000000 136.291090 -1.581480 -21449.932720
1007.000000 136.292584 -2.345723 -32872.664711
1008.000000 136.302186 -0.541452 -3457.350381
1009.000000 136.303647 -2.954322 -39429.157145
1010.000000 136.305882 -1.977656 -27807.822925
1011.000000 136.313140 -1.457678 -19123.927959
1012.000000 136.314372 -0.937355 -9348.125655
1013.000000 136.327573 -2.833210 -37547.240438
1014.000000 136.331978 -2.225450 -31115.645799
1015.000000 136.336869 -1.334176 -16740.464999
1016.000000 136.337108 -0.420362 -1728.675190
1017.000000 136.353624 -2.470692 -33971.028089
1018.000000 136.360085 -3.201685 -43118.083292
1019.000000 136.361875 -1.211321 -14273.305853
1020.000000 136.364780 -0.690799 -5176.887478
1021.000000 136.367325 -1.733583 -23724.799252
1022.000000 136.370822 -2.713380 -36373.969792
1023.000000 136.371371 -2.105178 -29358.626887
1024.000000 136.372029 -0.299273 -0.000000
1025.000000 136.386881 -1.088467 -11806.146707
1026.000000 136.407937 -2.959461 -39354.249877
1027.000000 136.410765 -1.984906 -27601.607975
1028.000000 136.411425 -1.485979 -19072.789732
1029.000000 136.411887 -0.965613 -9338.987562
1030.000000 136.414665 -2.595661 -35069.391466
1031.000000 136.426014 -0.446264 -1728.675190
1032.000000 136.435983 -0.842503 -6887.286482
1033.000000 136.436861 -2.232700 -30909.430850
1034.000000 136.441261 -3.324562 -45000.000000
1035.000000 136.450609 -1.866357 -25941.000517
1036.000000 136.458481 -1.239324 -14279.625826
1037.000000 136.458508 -2.477941 -33764.813139
1038.000000 136.462295 -0.719057 -5167.749385
1039.000000 136.465186 -3.203450 -43118.083292
1040.000000 136.472659 -1.742556 -23614.995756
1041.000000 136.475705 -2.720630 -36167.754843
1042.000000 136.488608 -0.595611 -3448.212288
1043.000000 136.489112 -3.082338 -41236.166585
1044.000000 136.494709 -1.618754 -21288.990996
1045.000000 136.502351 -2.360222 -32460.234813
1046.000000 136.508493 -0.993615 -9345.307535
1047.000000 136.513038 -2.961226 -39354.249877
1048.000000 136.514920 -0.472165 -1728.675190
1049.000000 136.516099 -1.993879 -27491.804479
1050.000000 136.516759 -1.494953 -18962.986236
1051.000000 136.534425 -2.841579 -37426.271570
1052.000000 136.538009 -1.372649 -16692.914898
1053.000000 136.541745 -2.239950 -30703.215901
1054.000000 136.549841 -0.351076 -0.000000
1055.000000 136.559811 -0.747315 -5158.611292
1056.000000 136.563015 -1.249794 -14225.755752
1057.000000 136.563391 -2.485191 -33558.598190
1058.000000 136.570287 -3.205215 -43118.083292
1059.000000 136.577993 -1.751529 -23505.192261
1060.000000 136.578267 -2.723859 -36121.693243
1061.000000 136.581588 -2.121401 -29042.608442
1062.000000 136.588021 -1.126940 -11758.596607
1063.000000 136.612435 -0.500423 -1719.537097
1064.000000 136.613027 -1.004085 -9291.437461
1065.000000 136.615600 -2.964456 -39308.188277
1066.000000 136.621293 -1.505423 -18909.116162
1067.000000 136.621432 -2.002852 -27382.000984
1068.000000 136.622110 -2.606140 -34817.114917
1069.000000 136.633511 -0.882303 -6727.009057
1070.000000 136.647078 -2.248923 -30593.412405
1071.000000 136.651462 -3.328092 -45000.000000
1072.000000 136.659823 -0.758857 -5007.471960
1073.000000 136.661276 -1.884304 -25721.393525
1074.000000 136.665953 -2.488421 -33512.536590
1075.000000 136.667549 -1.260265 -14171.885679
1076.000000 136.675388 -3.206980 -43118.083292
1077.000000 136.680830 -2.727089 -36075.631643
1078.000000 136.683326 -1.760502 -23395.388765
1079.000000 136.686135 -0.635411 -3287.934863
1080.000000 136.696775 -3.087333 -41190.104985
1081.000000 136.704577 -1.638198 -21125.317427
1082.000000 136.709683 -2.372834 -32159.579755
1083.000000 136.712447 -0.511966 -1568.397766
1084.000000 136.713039 -1.015628 -9140.298129
1085.000000 136.718162 -2.967686 -39262.126677
1086.000000 136.725827 -1.515894 -18855.246089
1087.000000 136.726766 -2.011825 -27272.197488
1088.000000 136.731050 -0.388678 -0.000000
1089.000000 136.739549 -2.848038 -37334.148369
1090.000000 136.747078 -1.393590 -16585.174751
1091.000000 136.749527 -2.254285 -30498.972297
1092.000000 136.759835 -0.770399 -4856.332629
1093.000000 136.768403 -2.493783 -33418.096482
1094.000000 136.772083 -1.270735 -14118.015605
1095.000000 136.777950 -3.210210 -43072.021692
1096.000000 136.783392 -2.730319 -36029.570043
1097.000000 136.787860 -1.770973 -23341.518691
1098.000000 136.789371 -2.135737 -28838.364838
1099.000000 136.792567 -1.148953 -11553.587201
1100.000000 136.804750 -0.523666 -1568.397766
1101.000000 136.813051 -1.027170 -8989.158798
1102.000000 136.820724 -2.970915 -39216.065077
1103.000000 136.827122 -2.614732 -34676.613208
1104.000000 136.829215 -2.017188 -27177.757380
1105.000000 136.830361 -1.526364 -18801.376015
1106.000000 136.833535 -0.905388 -6424.730394
1107.000000 136.851977 -2.259648 -30404.532189
1108.000000 136.856772 -3.331836 -45000.000000
1109.000000 136.859847 -0.781942 -4705.193297
1110.000000 136.866431 -1.899733 -25713.949701
1111.000000 136.870852 -2.499146 -33323.656374
1112.000000 136.872096 -1.282278 -13966.876274
1113.000000 136.878159 -3.212189 -43072.021692
1114.000000 136.878450 -0.658654 -3136.795531
1115.000000 136.885841 -2.735682 -35935.129935
1116.000000 136.887681 -1.777429 -23443.878363
1117.000000 136.897052 -0.535366 -1568.397766
1118.000000 136.899545 -3.092541 -41144.043385
1119.000000 136.908931 -1.655125 -21173.807025
1120.000000 136.913063 -1.038713 -8838.019466
1121.000000 136.914582 -2.383559 -31970.699539
1122.000000 136.915654 -0.412078 -0.000000
1123.000000 136.920932 -2.972894 -39216.065077
1124.000000 136.929036 -2.023645 -27280.117051
1125.000000 136.930182 -1.532821 -18903.735687
1126.000000 136.946330 -2.856171 -37140.725477
1127.000000 136.952150 -0.793642 -4705.193297
1128.000000 136.954426 -2.265011 -30310.092080
1129.000000 136.954651 -1.412806 -16830.958541
1130.000000 136.973301 -2.504508 -33229.216265
1131.000000 136.975135 -1.291024 -14266.530137
1132.000000 136.978367 -3.214167 -43072.021692
1133.000000 136.987502 -1.783886 -23546.238034
1134.000000 136.989354 -0.547066 -1568.397766
1135.000000 136.990060 -2.740584 -35787.768643
1136.000000 136.991641 -2.147556 -28846.284401
1137.000000 136.995619 -1.169241 -11702.101734
1138.000000 137.016103 -1.047459 -9137.673330
1139.000000 137.025152 -2.977797 -39068.703785
1140.000000 137.028857 -2.030102 -27382.476722
1141.000000 137.033221 -1.541567 -19203.389550
1142.000000 137.033790 -2.624998 -34434.811808
1143.000000 137.035464 -0.927692 -6410.008052
1144.000000 137.054066 -0.804405 -4841.610286
1145.000000 137.054247 -2.271467 -30412.451752
1146.000000 137.057188 -3.335793 -45000.000000
1147.000000 137.066072 -1.912647 -25918.669043
1148.000000 137.072669 -0.681117 -3273.212521
1149.000000 137.077520 -2.509411 -33081.854973
1150.000000 137.078174 -1.299770 -14566.184001
1151.000000 137.078575 -3.216146 -43072.021692
1152.000000 137.087323 -1.790343 -23648.597705
1153.000000 137.091271 -0.557829 -1704.814755
1154.000000 137.094280 -2.745487 -35640.407351
1155.000000 137.103973 -3.099423 -40996.682093
1156.000000 137.111575 -0.436913 -0.000000
1157.000000 137.111791 -1.670328 -21575.820560
1158.000000 137.118019 -1.058221 -9274.090319
1159.000000 137.121976 -2.396827 -31617.460963
1160.000000 137.128677 -2.036558 -27484.836394
1161.000000 137.129371 -2.982699 -38921.342493
1162.000000 137.136260 -1.550313 -19503.043414
1163.000000 137.154769 -2.865976 -36846.002893
1164.000000 137.155983 -0.815167 -4978.027276
1165.000000 137.159192 -2.279372 -30153.653284
1166.000000 137.160729 -1.430298 -17430.266268
1167.000000 137.181213 -1.308516 -14865.837864
1168.000000 137.182465 -2.517316 -32823.056505
1169.000000 137.182795 -3.221049 -42924.660400
1170.000000 137.190362 -1.799089 -23948.251569
1171.000000 137.194889 -0.570963 -1704.814755
1172.000000 137.196407 -2.161918 -28689.845605
1173.000000 137.198499 -2.750389 -35493.046059
1174.000000 137.200574 -1.188750 -12138.172587
1175.000000 137.219936 -1.068983 -9410.507309
1176.000000 137.233591 -2.987602 -38773.981201
1177.000000 137.233622 -2.044463 -27226.037926
1178.000000 137.239297 -0.949217 -6682.842031
1179.000000 137.239299 -1.559059 -19802.697277
1180.000000 137.242955 -2.637805 -34028.652048
1181.000000 137.255374 -3.349630 -45000.000000
1182.000000 137.257899 -0.825929 -5114.444265
1183.000000 137.264137 -2.287277 -29894.854815
1184.000000 137.266990 -1.928085 -26021.169800
1185.000000 137.278203 -0.705014 -3409.629510
1186.000000 137.280772 -3.232906 -42924.660400
1187.000000 137.283129 -1.319278 -15002.254854
1188.000000 137.287410 -2.525220 -32564.258037
1189.000000 137.291459 -1.808071 -23948.392655
1190.000000 137.298507 -0.584098 -1704.814755
1191.000000 137.303444 -2.758294 -35234.247590
1192.000000 137.306170 -3.116182 -40849.320801
1193.000000 137.315928 -1.688056 -21875.615509
1194.000000 137.318811 -0.463183 -0.000000
1195.000000 137.321852 -1.079746 -9546.924298
1196.000000 137.331568 -2.999459 -38773.981201
1197.000000 137.331866 -2.412636 -31099.864026
1198.000000 137.334720 -2.053445 -27226.179011
1199.000000 137.340397 -1.568041 -19802.838363
1200.000000 137.361295 -2.885416 -36485.493016
1201.000000 137.361517 -0.839064 -5114.444265
1202.000000 137.367010 -1.450607 -18003.690655
1203.000000 137.369082 -2.295181 -29636.056347
1204.000000 137.378750 -3.244763 -42924.660400
1205.000000 137.386372 -1.330841 -15276.025377
1206.000000 137.392356 -2.533125 -32305.459569
1207.000000 137.392556 -1.817052 -23948.533740
1208.000000 137.402125 -0.597233 -1704.814755
1209.000000 137.402449 -2.178804 -28431.188222
1210.000000 137.405733 -1.211074 -12548.360099
1211.000000 137.405751 -2.772832 -35021.099006
1212.000000 137.425094 -1.091308 -9820.694822
1213.000000 137.433875 -3.013997 -38560.832616
1214.000000 137.435817 -2.062426 -27226.320097
1215.000000 137.443639 -1.579603 -20076.608886
1216.000000 137.447999 -0.974888 -6976.813969
1217.000000 137.450206 -2.660248 -33556.704995
1218.000000 137.451330 -3.373344 -45000.000000
1219.000000 137.468303 -0.853973 -5271.999214
1220.000000 137.469185 -1.946049 -26021.451972
1221.000000 137.470179 -2.304163 -29636.197433
1222.000000 137.476728 -3.256621 -42924.660400
1223.000000 137.488607 -0.733057 -3567.184459
1224.000000 137.489614 -1.342403 -15549.795900
1225.000000 137.493653 -1.826034 -23948.674826
1226.000000 137.494662 -2.547663 -32092.310984
1227.000000 137.506454 -3.142578 -40636.172216
1228.000000 137.508057 -2.787370 -34807.950421
1229.000000 137.508911 -0.612142 -1862.369704
1230.000000 137.520267 -1.708600 -22149.527118
1231.000000 137.531479 -2.434165 -30566.576432
1232.000000 137.531709 -0.494351 -0.000000
1233.000000 137.531880 -1.106217 -9978.249770
1234.000000 137.536181 -3.028535 -38347.684031
1235.000000 137.536914 -2.071408 -27226.461182
1236.000000 137.546881 -1.591166 -20350.379409
1237.000000 137.564846 -2.317787 -29361.708307
1238.000000 137.565908 -2.914493 -36059.195847
1239.000000 137.573495 -1.473732 -18551.231701
1240.000000 137.575089 -0.868882 -5429.554162
1241.000000 137.579034 -3.271159 -42711.511816
1242.000000 137.589329 -2.561287 -31817.821859
1243.000000 137.592856 -1.353965 -15823.566423
1244.000000 137.596896 -1.837596 -24222.445349
1245.000000 137.598214 -2.201409 -28156.840182
1246.000000 137.610363 -2.801908 -34594.801836
1247.000000 137.615761 -1.237546 -12979.685571
1248.000000 137.618191 -0.630176 -1862.369704
1249.000000 137.631582 -2.085032 -26951.972057
1250.000000 137.638487 -3.043073 -38134.535447
1251.000000 137.638666 -1.121126 -10135.804719
1252.000000 137.646156 -3.402311 -45000.000000
1253.000000 137.647180 -2.688410 -33069.067285
1254.000000 137.650123 -1.602728 -20624.149933
1255.000000 137.659514 -2.331411 -29087.219182
1256.000000 137.661571 -1.004707 -7291.923866
1257.000000 137.667665 -1.970953 -25902.354889
1258.000000 137.675882 -3.288268 -42711.511816
1259.000000 137.681875 -0.883791 -5587.109111
1260.000000 137.683997 -2.574911 -31543.332733
1261.000000 137.694279 -1.853518 -24103.207181
1262.000000 137.699642 -1.368875 -15981.121372
1263.000000 137.704673 -0.766001 -3724.739407
1264.000000 137.705031 -2.815532 -34320.312711
1265.000000 137.705609 -3.174226 -40423.023631
1266.000000 137.720814 -2.461412 -30017.598182
1267.000000 137.720892 -1.736084 -22304.059473
1268.000000 137.727472 -0.648210 -1862.369704
1269.000000 137.728965 -2.100954 -26832.733889
1270.000000 137.735336 -3.060183 -38134.535447
1271.000000 137.745452 -1.136035 -10293.359667
1272.000000 137.747506 -1.618650 -20504.911765
1273.000000 137.750270 -0.530419 -0.000000
1274.000000 137.754181 -2.345035 -28812.730057
1275.000000 137.768184 -2.949474 -35833.961833
1276.000000 137.772731 -3.305378 -42711.511816
1277.000000 137.778664 -2.588535 -31268.843608
1278.000000 137.779716 -1.504166 -18854.573250
1279.000000 137.790265 -2.230955 -27763.112889
1280.000000 137.791155 -0.901825 -5587.109111
1281.000000 137.791662 -1.869441 -23983.969013
1282.000000 137.802621 -1.387746 -16010.692398
1283.000000 137.805001 -2.835976 -34308.227281
1284.000000 137.825526 -1.271327 -13166.811546
1285.000000 137.826348 -2.116876 -26713.495721
1286.000000 137.835306 -3.080627 -38122.450017
1287.000000 137.836752 -0.666244 -1862.369704
1288.000000 137.839852 -3.436531 -45000.000000
1289.000000 137.841818 -2.722477 -32782.492730
1290.000000 137.848431 -1.154907 -10322.930693
1291.000000 137.850486 -1.637522 -20534.482791
1292.000000 137.851564 -2.360957 -28693.491889
1293.000000 137.862431 -2.002797 -25663.878554
1294.000000 137.869579 -3.322488 -42711.511816
1295.000000 137.875327 -1.041012 -7508.773409
1296.000000 137.878635 -2.608978 -31256.758178
1297.000000 137.889045 -1.885363 -23864.730845
1298.000000 137.898126 -0.923221 -5646.403706
1299.000000 137.902428 -3.211779 -40410.938201
1300.000000 137.904972 -2.856419 -34296.141851
1301.000000 137.905601 -1.406618 -16040.263424
1302.000000 137.912136 -2.496870 -29844.410601
1303.000000 137.920924 -0.805430 -3784.034002
1304.000000 137.921255 -1.770878 -22214.392331
1305.000000 137.923731 -2.132799 -26594.257553
1306.000000 137.935276 -3.101071 -38110.364587
1307.000000 137.943723 -0.687639 -1921.664298
1308.000000 137.948220 -2.382791 -28794.793434
1309.000000 137.953465 -1.656394 -20564.053817
1310.000000 137.955402 -1.176303 -10382.225288
1311.000000 137.968125 -2.990362 -35809.790973
1312.000000 137.969549 -3.342932 -42699.426386
1313.000000 137.973454 -0.573215 -0.000000
1314.000000 137.975290 -2.630812 -31358.059723
1315.000000 137.984303 -2.268712 -27745.176266
1316.000000 137.985676 -1.541909 -18913.715303
1317.000000 137.992025 -1.904235 -23894.301872
1318.000000 138.004942 -2.876863 -34284.056422
1319.000000 138.005096 -0.944617 -5705.698300
1320.000000 138.008580 -1.425489 -16069.834450
1321.000000 138.020386 -2.154633 -26695.559098
1322.000000 138.032185 -3.472036 -45000.000000
1323.000000 138.035247 -3.121514 -38098.279157
1324.000000 138.035476 -1.311594 -13255.677166
1325.000000 138.038443 -2.764755 -32871.708845
1326.000000 138.044875 -2.404625 -28896.094979
1327.000000 138.052459 -2.041899 -25579.091851
1328.000000 138.056445 -1.675265 -20593.624843
1329.000000 138.057627 -0.712401 -1921.664298
1330.000000 138.062372 -1.197698 -10441.519882
1331.000000 138.065034 -3.361328 -42699.426386
1332.000000 138.071945 -2.652646 -31459.361268
1333.000000 138.084669 -1.927414 -23928.753337
1334.000000 138.089268 -1.083803 -7627.362599
1335.000000 138.097883 -3.250619 -40398.852772
1336.000000 138.101597 -2.898697 -34385.357966
1337.000000 138.105446 -2.540538 -30047.013691
1338.000000 138.112067 -0.966012 -5764.992895
1339.000000 138.113031 -2.177812 -26730.010564
1340.000000 138.115551 -1.446885 -16129.129045
1341.000000 138.116879 -1.812930 -22278.414823
1342.000000 138.130731 -3.139910 -38098.279157
1343.000000 138.141530 -2.426459 -28997.396524
1344.000000 138.141799 -0.851588 -3843.328597
1345.000000 138.149090 -1.698445 -20628.076308
1346.000000 138.160518 -3.379723 -42699.426386
1347.000000 138.164327 -3.030897 -35952.914182
1348.000000 138.168600 -2.674480 -31560.662813
1349.000000 138.169343 -1.219094 -10500.814477
1350.000000 138.171531 -0.737163 -1921.664298
1351.000000 138.173603 -2.313725 -27880.929276
1352.000000 138.177314 -1.950594 -23963.204802
1353.000000 138.186486 -1.588161 -18916.490272
1354.000000 138.197828 -2.918789 -34540.566605
1355.000000 138.201262 -0.622738 -0.000000
1356.000000 138.205675 -2.200992 -26764.462029
1357.000000 138.221852 -1.479003 -16181.306720
1358.000000 138.223154 -3.508828 -45000.000000
1359.000000 138.225971 -0.990774 -5764.992895
1360.000000 138.226962 -3.160002 -38253.487796
1361.000000 138.231329 -2.806680 -33128.219028
1362.000000 138.234174 -2.449639 -29031.847989
1363.000000 138.237748 -2.088259 -25647.994782
1364.000000 138.246920 -1.725826 -20601.280252
1365.000000 138.248748 -1.365107 -13367.149436
1366.000000 138.256003 -3.398119 -42699.426386
1367.000000 138.264831 -2.694572 -31715.871452
1368.000000 138.269958 -1.973774 -23997.656267
1369.000000 138.275644 -1.251212 -10552.992152
1370.000000 138.285434 -0.761925 -1921.664298
1371.000000 138.289598 -3.289106 -40554.061410
1372.000000 138.294059 -2.938880 -34695.775244
1373.000000 138.296166 -2.583684 -30431.514867
1374.000000 138.298320 -2.224172 -26798.913494
1375.000000 138.302540 -1.137316 -7738.834869
1376.000000 138.307355 -1.863490 -22286.070232
1377.000000 138.319682 -1.506384 -16154.510664
1378.000000 138.323193 -3.180093 -38408.696434
1379.000000 138.328239 -2.470951 -29315.047620
1380.000000 138.337334 -1.026886 -5764.992895
1381.000000 138.344751 -1.753206 -20574.484196
1382.000000 138.352234 -3.418211 -42854.635024
1383.000000 138.356789 -3.071080 -36263.331459
1384.000000 138.358896 -2.715884 -31999.071082
1385.000000 138.360312 -2.358217 -28198.580372
1386.000000 138.367066 -0.912462 -3843.328597
1387.000000 138.367789 -2.001155 -23970.860211
1388.000000 138.381944 -1.283330 -10605.169828
1389.000000 138.382147 -1.642922 -18862.898160
1390.000000 138.390290 -2.958972 -34850.983882
1391.000000 138.392385 -2.245484 -27082.113125
1392.000000 138.396798 -0.798037 -1921.664298
1393.000000 138.407547 -3.552361 -45000.000000
1394.000000 138.417513 -1.533764 -16127.714608
1395.000000 138.419424 -3.200185 -38563.905073
1396.000000 138.421626 -2.848084 -33566.627297
1397.000000 138.422304 -2.492263 -29598.247250
1398.000000 138.426530 -0.683612 -0.000000
1399.000000 138.427463 -2.135811 -25763.434140
1400.000000 138.441142 -3.443348 -42854.635024
1401.000000 138.442581 -1.780587 -20547.688140
1402.000000 138.443635 -1.059004 -5817.170570
1403.000000 138.452879 -1.424606 -13392.531055
1404.000000 138.452961 -2.737196 -32282.270713
1405.000000 138.464859 -2.025527 -24051.848105
1406.000000 138.474738 -3.334335 -40709.270049
1407.000000 138.484297 -2.626308 -30997.914128
1408.000000 138.484355 -2.980284 -35134.183513
1409.000000 138.488245 -1.315448 -10657.347503
1410.000000 138.489455 -2.269856 -27163.101018
1411.000000 138.502255 -1.915243 -22340.262069
1412.000000 138.508162 -0.834150 -1921.664298
1413.000000 138.508333 -3.225322 -38563.905073
1414.000000 138.515141 -1.201552 -7843.190219
1415.000000 138.515343 -1.561145 -16100.918551
1416.000000 138.516370 -2.513575 -29881.446881
1417.000000 138.530051 -3.468486 -42854.635024
1418.000000 138.539651 -1.804959 -20628.676033
1419.000000 138.547026 -2.758508 -32565.470343
1420.000000 138.548346 -3.118607 -36525.483803
1421.000000 138.549936 -1.091122 -5869.348246
1422.000000 138.551447 -2.403902 -28562.767896
1423.000000 138.561929 -2.049899 -24132.835998
1424.000000 138.579682 -3.007719 -35241.127218
1425.000000 138.581099 -1.698513 -18636.232970
1426.000000 138.584731 -0.980692 -3895.506272
1427.000000 138.585365 -3.602636 -45000.000000
1428.000000 138.586076 -1.342828 -10630.551447
1429.000000 138.586525 -2.294228 -27244.088912
1430.000000 138.603660 -3.252757 -38670.848779
1431.000000 138.611017 -2.896831 -33956.770634
1432.000000 138.613439 -2.537947 -29962.434774
1433.000000 138.616465 -1.589355 -15901.049417
1434.000000 138.618960 -3.493623 -42854.635024
1435.000000 138.619525 -0.870262 -1921.664298
1436.000000 138.621603 -2.184555 -25925.409927
1437.000000 138.640773 -1.833169 -20428.806899
1438.000000 138.642353 -2.785943 -32672.414049
1439.000000 138.649257 -0.755837 -0.000000
1440.000000 138.651831 -1.480197 -13165.865865
1441.000000 138.656236 -1.123240 -5921.525921
1442.000000 138.658973 -3.386907 -40816.213755
1443.000000 138.658999 -2.074271 -24213.823891
1444.000000 138.675008 -3.035153 -35348.070924
1445.000000 138.675403 -2.676065 -31372.622800
1446.000000 138.683595 -2.318600 -27325.076805
1447.000000 138.687197 -1.371039 -10430.682313
1448.000000 138.698986 -3.280192 -38777.792485
1449.000000 138.700447 -1.967825 -22221.380828
1450.000000 138.710481 -2.566392 -30053.943815
1451.000000 138.714287 -3.521058 -42961.578730
1452.000000 138.717587 -1.617565 -15701.180283
1453.000000 138.725826 -0.902380 -1973.841974
1454.000000 138.727970 -1.265687 -7754.619491
1455.000000 138.738999 -3.173476 -36739.371215
1456.000000 138.739394 -2.814388 -32763.923090
1457.000000 138.741895 -1.861380 -20228.937765
1458.000000 138.745558 -2.456719 -28735.264831
1459.000000 138.757153 -3.666483 -45000.000000
1460.000000 138.760121 -2.102481 -24013.954757
1461.000000 138.762765 -1.155257 -5780.777518
1462.000000 138.770335 -3.062588 -35455.014630
1463.000000 138.780636 -2.347045 -27416.585846
1464.000000 138.783343 -1.754934 -18236.494701
1465.000000 138.793726 -1.403055 -10289.933910
1466.000000 138.794313 -3.307626 -38884.736191
1467.000000 138.797560 -1.044827 -3806.935544
1468.000000 138.803385 -2.952711 -34155.223381
1469.000000 138.805655 -3.562819 -43002.496107
1470.000000 138.807522 -2.594837 -30145.452857
1471.000000 138.816519 -2.238363 -25906.325344
1472.000000 138.818709 -1.645776 -15501.311149
1473.000000 138.832354 -0.934397 -1833.093570
1474.000000 138.836435 -2.842833 -32855.432132
1475.000000 138.843016 -1.889590 -20029.068631
1476.000000 138.845668 -3.456103 -40964.074837
1477.000000 138.857967 -2.131918 -23913.882280
1478.000000 138.859481 -1.540424 -12825.248328
1479.000000 138.867376 -3.091033 -35546.523672
1480.000000 138.868198 -0.826072 -0.000000
1481.000000 138.869293 -1.187273 -5640.029115
1482.000000 138.869485 -2.732956 -31555.640883
1483.000000 138.878482 -2.376482 -27316.513370
1484.000000 138.885681 -3.349388 -38925.653567
1485.000000 138.888535 -3.601529 -43002.496107
1486.000000 138.899414 -2.025472 -21921.439217
1487.000000 138.900254 -1.435072 -10149.185506
1488.000000 138.904563 -2.623282 -30236.961898
1489.000000 138.922912 -3.743902 -45000.000000
1490.000000 138.925237 -1.677792 -15360.562746
1491.000000 138.925695 -3.242672 -36887.232297
1492.000000 138.933476 -2.871278 -32946.941173
1493.000000 138.939932 -0.968519 -1833.093570
1494.000000 138.940445 -2.514600 -28726.701396
1495.000000 138.940862 -1.919026 -19928.996154
1496.000000 138.941027 -1.329720 -7473.122685
1497.000000 138.955813 -2.161354 -23813.809804
1498.000000 138.966389 -3.134851 -35592.082543
1499.000000 138.971414 -3.640239 -43002.496107
1500.000000 138.975822 -1.219290 -5499.280711
1501.000000 138.976328 -2.405918 -27216.440893
1502.000000 138.977050 -3.391149 -38966.570944
1503.000000 138.986582 -1.815348 -17638.521653
1504.000000 138.999439 -3.024974 -34292.291294
1505.000000 139.002409 -2.652719 -30136.889422
1506.000000 139.006783 -1.467089 -10008.437103
1507.000000 139.011665 -1.110966 -3666.187141
1508.000000 139.012211 -2.297236 -25706.180390
1509.000000 139.019917 -3.536575 -41004.992214
1510.000000 139.027355 -1.709996 -14962.458831
1511.000000 139.032489 -2.915096 -32992.500045
1512.000000 139.042980 -1.951230 -19530.892239
1513.000000 139.047509 -1.002641 -1833.093570
1514.000000 139.053659 -2.190791 -23713.737327
1515.000000 139.054293 -3.678948 -43002.496107
1516.000000 139.057757 -3.176613 -35632.999920
1517.000000 139.065539 -2.805219 -31692.708796
1518.000000 139.068127 -1.604645 -12286.396010
1519.000000 139.068419 -3.432911 -39007.488320
1520.000000 139.074174 -2.435355 -27116.368416
1521.000000 139.083353 -0.894317 -0.000000
1522.000000 139.083399 -1.253412 -5499.280711
1523.000000 139.091016 -3.828129 -45000.000000
1524.000000 139.099378 -2.087113 -21423.262826
1525.000000 139.103612 -2.696896 -30037.958121
1526.000000 139.108432 -3.326195 -36969.067051
1527.000000 139.108900 -1.499293 -9610.333189
1528.000000 139.129472 -1.742201 -14564.354917
1529.000000 139.131502 -2.958914 -33038.058917
1530.000000 139.139495 -2.588214 -28527.697618
1531.000000 139.142998 -3.724156 -42971.614315
1532.000000 139.145097 -1.983434 -19132.788325
1533.000000 139.149126 -3.218374 -35673.917296
1534.000000 139.151298 -3.471620 -39007.488320
1535.000000 139.151324 -1.394850 -7066.892032
1536.000000 139.155087 -1.036763 -1833.093570
1537.000000 139.155776 -2.222995 -23315.633413
1538.000000 139.175377 -2.479532 -27017.437115
1539.000000 139.187167 -1.286525 -5233.798461
1540.000000 139.189820 -3.110553 -34378.767542
1541.000000 139.190817 -1.879756 -16842.313823
1542.000000 139.191500 -3.620492 -40974.110422
1543.000000 139.202625 -2.740714 -30083.516992
1544.000000 139.211260 -2.370850 -25507.176613
1545.000000 139.212668 -1.532406 -9344.850939
1546.000000 139.223011 -1.178201 -3400.704891
1547.000000 139.228223 -3.769673 -42971.614315
1548.000000 139.230514 -3.002732 -33083.617788
1549.000000 139.231589 -1.774405 -14166.251002
1550.000000 139.240002 -3.516828 -38976.606529
1551.000000 139.240495 -3.260136 -35714.834673
1552.000000 139.247215 -2.015639 -18734.684410
1553.000000 139.254794 -2.265959 -23082.465834
1554.000000 139.258855 -1.069877 -1567.611320
1555.000000 139.261466 -3.919163 -45000.000000
1556.000000 139.263564 -2.892855 -31783.826539
1557.000000 139.274013 -1.669962 -11622.809845
1558.000000 139.276581 -2.523710 -26918.505814
1559.000000 139.288505 -3.413164 -36979.102636
1560.000000 139.290936 -1.319639 -4968.316211
1561.000000 139.297803 -0.962755 -0.000000
1562.000000 139.300514 -2.162281 -20791.991333
1563.000000 139.301638 -2.784532 -30129.075864
1564.000000 139.313448 -3.815190 -42971.614315
1565.000000 139.316437 -1.565519 -9079.368688
1566.000000 139.321883 -3.044494 -33124.535165
1567.000000 139.328707 -3.562036 -38945.724738
1568.000000 139.335358 -1.807518 -13900.768752
1569.000000 139.339193 -3.307464 -35779.694224
1570.000000 139.339711 -2.676210 -28474.325189
1571.000000 139.346233 -2.058603 -18501.516832
1572.000000 139.355998 -2.310136 -22983.534534
1573.000000 139.358860 -1.461076 -6535.927531
1574.000000 139.365429 -3.711216 -40943.228631
1575.000000 139.365727 -1.104192 -1567.611320
1576.000000 139.377784 -2.567887 -26819.574514
1577.000000 139.379887 -3.199643 -34484.544470
1578.000000 139.391953 -1.954925 -16211.042331
1579.000000 139.394704 -1.352752 -4702.833961
1580.000000 139.398673 -3.860707 -42971.614315
1581.000000 139.400650 -2.828350 -30174.634735
1582.000000 139.413667 -2.459205 -25309.314011
1583.000000 139.417411 -3.607243 -38914.842946
1584.000000 139.420205 -1.598632 -8813.886438
1585.000000 139.420581 -3.091822 -33189.394716
1586.000000 139.427897 -3.352672 -35748.812432
1587.000000 139.433534 -1.849378 -13821.858422
1588.000000 139.433652 -1.245630 -3135.222641
1589.000000 139.438633 -4.006412 -45000.000000
1590.000000 139.445252 -2.101567 -18268.349254
1591.000000 139.457201 -2.354314 -22884.603233
1592.000000 139.461275 -2.984002 -31894.244961
1593.000000 139.465913 -3.503579 -36917.339053
1594.000000 139.472600 -1.138508 -1567.611320
1595.000000 139.475957 -1.744935 -11278.417265
1596.000000 139.476797 -2.611705 -26865.133385
1597.000000 139.490614 -3.902439 -42971.614315
1598.000000 139.500736 -2.249423 -20459.892454
1599.000000 139.501576 -1.387067 -4702.833961
1600.000000 139.502635 -2.875160 -30314.470892
1601.000000 139.502636 -3.652760 -38914.842946
1602.000000 139.511548 -1.031386 -0.000000
1603.000000 139.516601 -3.397879 -35717.930641
1604.000000 139.518381 -1.640492 -8734.976108
1605.000000 139.519279 -3.139151 -33254.254266
1606.000000 139.532552 -1.892342 -13588.690844
1607.000000 139.540708 -2.766838 -28659.720217
1608.000000 139.542596 -3.798466 -40943.228631
1609.000000 139.544270 -2.144532 -18035.181676
1610.000000 139.558404 -2.398492 -22785.671932
1611.000000 139.560805 -1.536049 -6191.534951
1612.000000 139.567289 -3.292179 -34518.522229
1613.000000 139.578781 -2.658515 -27004.969541
1614.000000 139.579472 -1.172823 -1567.611320
1615.000000 139.582556 -3.944172 -42971.614315
1616.000000 139.589989 -2.040854 -15744.707175
1617.000000 139.594577 -3.694493 -38914.842946
1618.000000 139.601333 -2.922489 -30379.330442
1619.000000 139.603006 -1.429571 -4702.833961
1620.000000 139.605305 -3.443087 -35687.048850
1621.000000 139.616557 -1.682352 -8656.065778
1622.000000 139.616854 -2.550193 -25350.218866
1623.000000 139.617977 -3.186480 -33319.113817
1624.000000 139.622516 -4.089877 -45000.000000
1625.000000 139.631571 -1.935307 -13355.523266
1626.000000 139.641954 -1.322449 -3135.222641
1627.000000 139.644337 -3.587179 -36551.042270
1628.000000 139.645473 -2.188709 -17936.250375
1629.000000 139.656695 -2.442003 -22866.294196
1630.000000 139.658671 -3.078659 -32023.964063
1631.000000 139.673152 -1.829760 -10966.339357
1632.000000 139.674497 -3.985904 -42971.614315
1633.000000 139.680765 -2.705325 -27144.805698
1634.000000 139.680902 -1.215327 -1567.611320
1635.000000 139.684297 -3.732885 -38579.427954
1636.000000 139.695025 -3.481479 -35351.633858
1637.000000 139.700030 -2.969817 -30444.189993
1638.000000 139.700229 -2.337111 -20441.583417
1639.000000 139.701182 -1.471431 -4623.923631
1640.000000 139.706681 -3.231687 -33288.232026
1641.000000 139.714733 -1.724213 -8577.155448
1642.000000 139.719850 -1.108205 -0.000000
1643.000000 139.724257 -3.878591 -40607.813639
1644.000000 139.730589 -1.978271 -13122.355688
1645.000000 139.741390 -2.860976 -28864.415924
1646.000000 139.743764 -2.232220 -18016.872639
1647.000000 139.745713 -3.375779 -34152.225446
1648.000000 139.757157 -1.619770 -6033.714291
1649.000000 139.758679 -2.488813 -23006.130352
1650.000000 139.764217 -4.024296 -42636.199324
1651.000000 139.774016 -3.771277 -38244.012963
1652.000000 139.782332 -1.257831 -1567.611320
1653.000000 139.782749 -2.752135 -27284.641854
1654.000000 139.784744 -3.519871 -35016.218866
1655.000000 139.787298 -2.127329 -15592.161861
1656.000000 139.796401 -3.270079 -32952.817034
1657.000000 139.798728 -3.017146 -30509.049544
1658.000000 139.799358 -1.513291 -4545.013301
1659.000000 139.812065 -4.164990 -45000.000000
1660.000000 139.813751 -1.767177 -8343.987870
1661.000000 139.820823 -2.643812 -25629.891179
1662.000000 139.823776 -3.663963 -35880.212286
1663.000000 139.829180 -2.019972 -13188.890795
1664.000000 139.841560 -1.406813 -3056.312311
1665.000000 139.842054 -2.275731 -18097.494903
1666.000000 139.849914 -3.162512 -32027.348798
1667.000000 139.860663 -2.535622 -23145.966508
1668.000000 139.861824 -4.057677 -42636.199324
1669.000000 139.863736 -3.809669 -37908.597971
1670.000000 139.870762 -1.914425 -10799.706887
1671.000000 139.874464 -3.558263 -34680.803874
1672.000000 139.881447 -2.799464 -27349.501405
1673.000000 139.883762 -1.300335 -1567.611320
1674.000000 139.888945 -3.306604 -32891.342218
1675.000000 139.891273 -3.053670 -30447.574729
1676.000000 139.897534 -1.555152 -4466.102971
1677.000000 139.900504 -2.427432 -20662.041838
1678.000000 139.911584 -3.950363 -40272.398647
1679.000000 139.912343 -1.808878 -8410.522978
1680.000000 139.922710 -1.193213 -0.000000
1681.000000 139.927471 -2.063483 -13269.513059
1682.000000 139.927977 -3.450696 -33755.335639
1683.000000 139.932633 -2.944829 -28867.800659
1684.000000 139.940345 -2.319242 -18178.117167
1685.000000 139.953924 -1.703331 -6021.339069
1686.000000 139.959432 -4.091057 -42636.199324
1687.000000 139.961344 -3.843049 -37908.597971
1688.000000 139.962648 -2.582432 -23285.802664
1689.000000 139.967009 -3.594788 -34619.329059
1690.000000 139.973992 -2.835988 -27288.026589
1691.000000 139.981490 -3.343128 -32829.867403
1692.000000 139.981938 -1.342195 -1488.700990
1693.000000 139.983818 -3.090195 -30386.099913
1694.000000 139.983879 -2.214351 -15753.406389
1695.000000 139.993068 -1.593864 -4466.102971
1696.000000 140.005218 -3.734940 -35342.900804
1697.000000 140.007279 -4.231751 -45000.000000
1698.000000 140.010934 -1.850580 -8477.058085
1699.000000 140.022506 -2.726738 -25931.876629
1700.000000 140.025761 -2.106994 -13350.135324
1701.000000 140.035003 -3.235560 -31904.399167
1702.000000 140.035270 -1.487386 -2977.401981
1703.000000 140.042329 -2.366052 -18317.953323
1704.000000 140.053066 -3.875634 -37706.701481
1705.000000 140.057039 -4.124437 -42636.199324
1706.000000 140.058732 -3.627372 -34417.432568
1707.000000 140.062347 -2.618548 -23447.951958
1708.000000 140.067643 -1.999638 -10946.864258
1709.000000 140.073692 -2.872104 -27450.175883
1710.000000 140.074035 -3.379652 -32768.392587
1711.000000 140.076363 -3.126719 -30324.625098
1712.000000 140.077472 -1.380908 -1488.700990
1713.000000 140.091659 -1.635565 -4532.638079
1714.000000 140.100914 -4.016328 -40070.502157
1715.000000 140.102188 -2.510358 -20964.027288
1716.000000 140.109525 -1.892281 -8543.593193
1717.000000 140.112245 -3.519805 -33491.964333
1718.000000 140.119674 -1.274429 -0.000000
1719.000000 140.124052 -2.150505 -13430.757588
1720.000000 140.124877 -3.017469 -28968.475137
1721.000000 140.142029 -2.402168 -18480.102617
1722.000000 140.144789 -3.908219 -37504.804990
1723.000000 140.148762 -4.157022 -42434.302833
1724.000000 140.150454 -3.659957 -34215.536078
1725.000000 140.151107 -1.786734 -6154.409284
1726.000000 140.162046 -2.654664 -23610.101252
1727.000000 140.165758 -3.412237 -32566.496097
1728.000000 140.173005 -1.419620 -1488.700990
1729.000000 140.173391 -2.908220 -27612.325177
1730.000000 140.176062 -3.162835 -30486.774391
1731.000000 140.183011 -2.291494 -15980.520396
1732.000000 140.188664 -3.800110 -34939.107823
1733.000000 140.190251 -1.677267 -4599.173186
1734.000000 140.207816 -1.935792 -8624.215457
1735.000000 140.209288 -4.281029 -45000.000000
1736.000000 140.221320 -3.306393 -31798.659511
1737.000000 140.221905 -2.798970 -26256.175216
1738.000000 140.224893 -2.184137 -13577.249331
1739.000000 140.229395 -1.567800 -3043.937088
1740.000000 140.236512 -3.940804 -37302.908500
1741.000000 140.242177 -3.692542 -34013.639588
1742.000000 140.242870 -2.435800 -18626.594361
1743.000000 140.253163 -4.172920 -42434.302833
1744.000000 140.259530 -3.446545 -32522.231256
1745.000000 140.261746 -2.690780 -23772.250546
1746.000000 140.266775 -2.076780 -11173.978266
1747.000000 140.268539 -1.458333 -1488.700990
1748.000000 140.269834 -3.197143 -30442.509550
1749.000000 140.273090 -2.944335 -27774.474470
1750.000000 140.288842 -1.718968 -4665.708294
1751.000000 140.297038 -4.064811 -39868.605667
1752.000000 140.297739 -3.586698 -33245.803001
1753.000000 140.302728 -2.580105 -21272.668325
1754.000000 140.308657 -1.969424 -8770.707200
1755.000000 140.310741 -1.351854 -0.000000
1756.000000 140.318348 -3.087893 -29086.359590
1757.000000 140.325734 -2.217769 -13723.741074
1758.000000 140.335949 -3.726850 -33969.374747
1759.000000 140.340913 -3.956702 -37302.908500
1760.000000 140.343711 -2.469431 -18773.086104
1761.000000 140.351315 -1.859731 -6179.686138
1762.000000 140.353302 -3.480853 -32477.966415
1763.000000 140.357564 -4.188818 -42434.302833
1764.000000 140.362587 -2.724411 -23918.742289
1765.000000 140.363606 -3.231451 -30398.244709
1766.000000 140.366863 -2.978643 -27730.209629
1767.000000 140.367130 -1.500034 -1555.236098
1768.000000 140.377802 -3.852417 -34757.253481
1769.000000 140.384693 -2.358757 -16273.503883
1770.000000 140.390459 -1.750264 -4624.450041
1771.000000 140.408865 -3.375009 -31710.129828
1772.000000 140.410274 -2.000719 -8729.448947
1773.000000 140.416949 -2.870752 -26533.259039
1774.000000 140.418090 -4.312826 -45000.000000
1775.000000 140.426575 -2.251400 -13870.232818
1776.000000 140.429603 -1.640797 -3069.213943
1777.000000 140.433364 -3.746572 -33989.416895
1778.000000 140.438328 -3.976424 -37322.950648
1779.000000 140.444552 -2.503063 -18919.577847
1780.000000 140.447074 -3.515161 -32433.701574
1781.000000 140.457379 -3.265759 -30353.979868
1782.000000 140.457931 -2.760077 -24033.676818
1783.000000 140.461965 -4.204716 -42434.302833
1784.000000 140.462207 -3.014310 -27845.144158
1785.000000 140.468747 -1.531329 -1513.977845
1786.000000 140.469233 -2.141707 -11279.211756
1787.000000 140.488927 -3.640728 -33221.580308
1788.000000 140.492076 -1.781559 -4583.191788
1789.000000 140.498854 -4.100431 -39888.647815
1790.000000 140.498914 -2.649403 -21534.094597
1791.000000 140.507465 -3.157867 -29157.029277
1792.000000 140.511523 -1.420235 -0.000000
1793.000000 140.511891 -2.032015 -8688.190694
1794.000000 140.528192 -2.282696 -13828.974565
1795.000000 140.530779 -3.766295 -34009.459043
1796.000000 140.535743 -3.996146 -37342.992796
1797.000000 140.539896 -2.538729 -19034.512376
1798.000000 140.544489 -3.534884 -32453.743722
1799.000000 140.552723 -3.301425 -30468.914396
1800.000000 140.553276 -2.795743 -24148.611347
1801.000000 140.554549 -1.922322 -6097.169632
1802.000000 140.557551 -3.049976 -27960.078687
1803.000000 140.559380 -4.224439 -42454.344982
1804.000000 140.572632 -3.891861 -34797.337778
1805.000000 140.573996 -1.560998 -1513.977845
1806.000000 140.583786 -2.429622 -16710.144411
1807.000000 140.593693 -1.812855 -4541.933535
1808.000000 140.600405 -3.434486 -31537.507374
1809.000000 140.607638 -2.942084 -26763.128096
1810.000000 140.613508 -2.063310 -8646.932441
1811.000000 140.623795 -4.327024 -45000.000000
1812.000000 140.626444 -2.319929 -14119.123349
1813.000000 140.628194 -3.786017 -34029.501191
1814.000000 140.633158 -4.015868 -37363.034945
1815.000000 140.636469 -1.701761 -3027.955690
1816.000000 140.638147 -2.575962 -19324.661160
1817.000000 140.642257 -3.560052 -32325.386109
1818.000000 140.648620 -2.831409 -24263.545875
1819.000000 140.650491 -3.326594 -30340.556783
1820.000000 140.652896 -3.085642 -28075.013215
1821.000000 140.660684 -4.222739 -42454.344982
1822.000000 140.669102 -2.210236 -11528.102287
1823.000000 140.679245 -1.590667 -1513.977845
1824.000000 140.684110 -3.685619 -33113.264843
1825.000000 140.692509 -2.722302 -21939.177910
1826.000000 140.697573 -4.118454 -39908.689963
1827.000000 140.698942 -1.842523 -4541.933535
1828.000000 140.700577 -3.218702 -29143.606193
1829.000000 140.711759 -2.100543 -8937.081226
1830.000000 140.722020 -1.479572 -0.000000
1831.000000 140.724695 -2.357162 -14409.272133
1832.000000 140.725962 -3.811185 -33901.143578
1833.000000 140.734462 -4.014169 -37363.034945
1834.000000 140.736399 -2.613195 -19614.809945
1835.000000 140.740025 -3.585221 -32197.028495
1836.000000 140.746871 -2.868643 -24553.694660
1837.000000 140.748259 -3.351762 -30212.199170
1838.000000 140.750664 -3.110810 -27946.655602
1839.000000 140.757036 -1.993021 -6186.650639
1840.000000 140.761989 -4.221040 -42454.344982
1841.000000 140.766456 -3.916068 -34925.549220
1842.000000 140.780288 -2.504088 -17290.441979
1843.000000 140.784493 -1.620335 -1513.977845
1844.000000 140.795941 -3.484823 -31280.792147
1845.000000 140.799811 -1.881927 -4672.672794
1846.000000 140.800090 -3.007515 -26749.247779
1847.000000 140.812629 -2.139947 -9067.820485
1848.000000 140.822372 -3.815670 -34009.312872
1849.000000 140.822946 -2.394395 -14699.420917
1850.000000 140.826404 -4.323626 -45000.000000
1851.000000 140.830871 -4.018654 -37471.204238
1852.000000 140.834650 -2.650428 -19904.958729
1853.000000 140.837793 -3.610389 -32068.670882
1854.000000 140.842587 -1.770833 -3158.694949
1855.000000 140.843980 -2.898407 -24424.879814
1856.000000 140.846027 -3.376931 -30083.841557
1857.000000 140.847772 -3.140575 -27817.840757
1858.000000 140.863293 -4.219341 -42454.344982
1859.000000 140.868222 -2.286873 -11948.990331
1860.000000 140.878287 -3.715272 -33093.076524
1861.000000 140.885362 -1.659739 -1644.717104
1862.000000 140.887869 -2.789300 -22100.511849
1863.000000 140.895287 -4.121240 -40016.859257
1864.000000 140.895454 -3.273635 -28886.433734
1865.000000 140.900681 -1.921330 -4803.412054
1866.000000 140.913498 -2.179350 -9198.559744
1867.000000 140.918781 -3.820155 -34117.482165
1868.000000 140.923815 -2.433799 -14830.160177
1869.000000 140.927281 -4.023139 -37579.373532
1870.000000 140.930740 -1.550630 -0.000000
1871.000000 140.931758 -2.680193 -19776.143883
1872.000000 140.934203 -3.614874 -32176.840176
1873.000000 140.941088 -2.928172 -24296.064968
1874.000000 140.943136 -3.406695 -29955.026711
1875.000000 140.944881 -3.170340 -27689.025911
1876.000000 140.958774 -2.071828 -6448.129158
1877.000000 140.959274 -3.925039 -35141.887807
1878.000000 140.959702 -4.223826 -42562.514275
1879.000000 140.977894 -2.576563 -17729.329446
1880.000000 140.988834 -1.701127 -1644.717104
1881.000000 140.994308 -3.067044 -26491.618088
1882.000000 140.995642 -3.525199 -31086.668150
1883.000000 141.001550 -1.960734 -4934.151313
1884.000000 141.014367 -2.218754 -9329.299004
1885.000000 141.015190 -3.824641 -34225.651459
1886.000000 141.015414 -4.317849 -45000.000000
1887.000000 141.023170 -2.469041 -14978.898859
1888.000000 141.023690 -4.027625 -37687.542825
1889.000000 141.031113 -2.715435 -19924.882565
1890.000000 141.036135 -3.630082 -32111.073792
1891.000000 141.038197 -2.957937 -24167.250123
1892.000000 141.041990 -3.200104 -27560.211065
1893.000000 141.045069 -3.421903 -29889.260327
1894.000000 141.046928 -1.851625 -3289.434209
1895.000000 141.047408 -4.219748 -42562.514275
1896.000000 141.068446 -2.361518 -12228.468273
1897.000000 141.076629 -3.734965 -33135.479433
1898.000000 141.079402 -4.121647 -40125.028550
1899.000000 141.084332 -2.854307 -22120.435685
1900.000000 141.092306 -1.742516 -1644.717104
1901.000000 141.094495 -3.318608 -28691.852504
1902.000000 141.105021 -2.002122 -4934.151313
1903.000000 141.111395 -4.023547 -37687.542825
1904.000000 141.113722 -2.253996 -9478.037686
1905.000000 141.117123 -3.839848 -34159.885075
1906.000000 141.122524 -2.504283 -15127.637541
1907.000000 141.130468 -2.750678 -20073.621248
1908.000000 141.135114 -4.215670 -42562.514275
1909.000000 141.137552 -2.993179 -24315.988805
1910.000000 141.137684 -1.633407 -0.000000
1911.000000 141.138068 -3.645290 -32045.307408
1912.000000 141.143922 -3.215312 -27494.444682
1913.000000 141.147001 -3.437111 -29823.493943
1914.000000 141.150418 -3.936728 -35497.578486
1915.000000 141.160221 -2.152032 -6725.642832
1916.000000 141.176603 -2.647048 -18026.806810
1917.000000 141.190181 -3.117602 -26250.606789
1918.000000 141.190826 -4.309693 -45000.000000
1919.000000 141.195777 -1.783905 -1644.717104
1920.000000 141.199507 -3.555614 -30955.135382
1921.000000 141.205599 -2.042923 -5080.925728
1922.000000 141.206130 -4.030751 -37935.064211
1923.000000 141.211857 -3.847053 -34407.406461
1924.000000 141.214299 -2.294797 -9624.812101
1925.000000 141.221879 -2.539525 -15276.376224
1926.000000 141.222819 -4.211593 -42562.514275
1927.000000 141.229822 -2.785920 -20222.359930
1928.000000 141.236316 -3.013973 -24203.792352
1929.000000 141.240001 -3.660497 -31979.541024
1930.000000 141.242687 -3.236106 -27382.248228
1931.000000 141.248934 -3.452319 -29757.727560
1932.000000 141.250977 -1.933814 -3436.208624
1933.000000 141.261842 -4.124774 -40372.549936
1934.000000 141.268378 -2.437562 -12523.981370
1935.000000 141.273296 -3.757377 -33317.234435
1936.000000 141.282452 -2.910343 -22156.977914
1937.000000 141.295193 -3.354609 -28513.889667
1938.000000 141.296355 -1.824706 -1791.491519
1939.000000 141.300864 -4.037956 -38182.585597
1940.000000 141.306176 -2.083724 -5227.700143
1941.000000 141.306591 -3.854258 -34654.927846
1942.000000 141.314877 -2.335598 -9771.586516
1943.000000 141.317554 -4.218797 -42810.035661
1944.000000 141.322456 -2.580326 -15423.150638
1945.000000 141.328587 -2.806713 -20110.163477
1946.000000 141.334735 -3.667702 -32227.062410
1947.000000 141.335081 -3.034766 -24091.595898
1948.000000 141.339887 -3.951138 -35992.621257
1949.000000 141.341452 -3.256899 -27270.051775
1950.000000 141.343874 -1.721694 -0.000000
1951.000000 141.345561 -4.317549 -45000.000000
1952.000000 141.347699 -3.473112 -29645.531106
1953.000000 141.361376 -2.233634 -7019.191662
1954.000000 141.378371 -2.711988 -17961.127078
1955.000000 141.384584 -4.230730 -42810.035661
1956.000000 141.387711 -3.159189 -26026.213883
1957.000000 141.391497 -3.586843 -31106.424421
1958.000000 141.395599 -4.045161 -38430.106982
1959.000000 141.399074 -1.871604 -1791.491519
1960.000000 141.401326 -3.861462 -34902.449232
1961.000000 141.406754 -2.124525 -5374.474557
1962.000000 141.415454 -2.376399 -9918.360931
1963.000000 141.423606 -4.143912 -40620.071321
1964.000000 141.424792 -3.683723 -32444.117832
1965.000000 141.424870 -2.610025 -15208.732224
1966.000000 141.431000 -2.836411 -19895.745062
1967.000000 141.433846 -3.055560 -23979.399445
1968.000000 141.437756 -3.489133 -29862.586529
1969.000000 141.440217 -3.277693 -27157.855322
1970.000000 141.451614 -4.242664 -42810.035661
1971.000000 141.454273 -2.021514 -3582.983038
1972.000000 141.458088 -3.780603 -33781.811243
1973.000000 141.462629 -4.057094 -38430.106982
1974.000000 141.471369 -2.508061 -12456.337370
1975.000000 141.479621 -4.341415 -45000.000000
1976.000000 141.483630 -2.960835 -21830.363047
1977.000000 141.484015 -3.391423 -28618.748637
1978.000000 141.491383 -3.877483 -35119.504654
1979.000000 141.501792 -1.918502 -1791.491519
1980.000000 141.509472 -2.171424 -5374.474557
1981.000000 141.514850 -3.699744 -32661.173255
1982.000000 141.517244 -3.982827 -36464.389788
1983.000000 141.517868 -2.406097 -9703.942516
1984.000000 141.518644 -4.254597 -42810.035661
1985.000000 141.527283 -2.639723 -14994.313810
1986.000000 141.527813 -3.505154 -30079.641951
1987.000000 141.530274 -3.293713 -27374.910744
1988.000000 141.533414 -2.866110 -19681.326648
1989.000000 141.536260 -3.085258 -23764.981031
1990.000000 141.545251 -4.081579 -38654.354127
1991.000000 141.549312 -1.815491 -0.000000
1992.000000 141.567127 -2.312332 -6968.769504
1993.000000 141.571612 -3.618885 -31540.535266
1994.000000 141.573259 -4.180330 -40844.318466
1995.000000 141.574006 -3.901968 -35343.751799
1996.000000 141.580386 -3.209229 -26031.098916
1997.000000 141.583198 -2.771385 -17532.290250
1998.000000 141.601266 -4.279082 -43034.282806
1999.000000 141.604511 -1.965400 -1791.491519
2000.000000 141.604907 -3.715765 -32878.228677
2001.000000 141.614647 -2.209320 -5177.277985
2002.000000 141.617871 -3.521175 -30296.697374
2003.000000 141.623042 -2.443993 -9506.745943
2004.000000 141.624184 -3.322959 -27491.992231
2005.000000 141.627874 -4.106064 -38878.601272
2006.000000 141.629697 -2.669421 -14779.895396
2007.000000 141.630170 -3.114504 -23882.062517
2008.000000 141.630768 -3.821109 -34223.113811
2009.000000 141.635828 -2.895808 -19466.908234
2010.000000 141.656628 -3.926453 -35567.998944
2011.000000 141.662166 -2.106308 -3385.786465
2012.000000 141.667983 -3.436690 -28952.885546
2013.000000 141.678957 -2.575655 -12044.722383
2014.000000 141.679954 -3.019779 -21733.026119
2015.000000 141.682489 -4.031797 -36912.884077
2016.000000 141.687530 -3.740250 -33102.475822
2017.000000 141.709686 -2.003297 -1594.294946
2018.000000 141.710496 -4.130548 -39102.848417
2019.000000 141.711781 -3.550421 -30413.778860
2020.000000 141.718095 -3.352205 -27609.073717
2021.000000 141.719821 -2.247216 -4980.081412
2022.000000 141.724081 -3.143749 -23999.144004
2023.000000 141.728217 -2.481890 -9309.549371
2024.000000 141.729738 -2.925054 -19583.989720
2025.000000 141.734871 -2.707317 -14582.698823
2026.000000 141.739251 -3.950938 -35792.246089
2027.000000 141.742643 -3.665043 -31830.643170
2028.000000 141.761116 -1.908777 -0.000000
2029.000000 141.768207 -3.267720 -26265.261888
2030.000000 141.768504 -3.770387 -33175.528303
2031.000000 141.777476 -2.388124 -6574.376358
2032.000000 141.782540 -2.844217 -17287.566240
2033.000000 141.792756 -3.580558 -30486.831341
2034.000000 141.794365 -3.875731 -34520.413436
2035.000000 141.812005 -3.381451 -27726.155203
2036.000000 141.817991 -3.172995 -24116.225490
2037.000000 141.818771 -2.049685 -1594.294946
2038.000000 141.820225 -3.981075 -35865.298570
2039.000000 141.824996 -2.285112 -4782.884839
2040.000000 141.826666 -2.968188 -19553.684125
2041.000000 141.831800 -2.750452 -14552.393228
2042.000000 141.833391 -2.519786 -9112.352798
2043.000000 141.842868 -3.496073 -29143.019513
2044.000000 141.849478 -3.800525 -33248.580784
2045.000000 141.870793 -3.092159 -21819.802010
2046.000000 141.873730 -3.610696 -30559.883822
2047.000000 141.876426 -2.190593 -3188.589893
2048.000000 141.881059 -2.656686 -11817.220215
2049.000000 141.892980 -3.411589 -27799.207684
2050.000000 141.904592 -3.725319 -31976.748131
2051.000000 141.914919 -3.216129 -24085.919895
2052.000000 141.923594 -3.011322 -19523.378530
2053.000000 141.927857 -2.096073 -1594.294946
2054.000000 141.928728 -2.793586 -14522.087633
2055.000000 141.930319 -2.562920 -9082.047203
2056.000000 141.930453 -3.830663 -33321.633265
2057.000000 141.934081 -2.331501 -4782.884839
2058.000000 141.947632 -3.336535 -26272.080071
2059.000000 141.954704 -3.640834 -30632.936303
2060.000000 141.976396 -2.930486 -17226.955051
2061.000000 141.978494 -3.451158 -27688.944381
2062.000000 141.979287 -2.001553 -0.000000
2063.000000 141.981890 -2.481968 -6435.012712
2064.000000 142.000434 -3.255699 -23975.656592
2065.000000 142.009357 -3.565781 -29105.808690
2066.000000 142.020523 -3.054457 -19493.072935
2067.000000 142.025656 -2.836721 -14491.782038
2068.000000 142.029558 -2.618868 -9139.880130
2069.000000 142.035191 -2.400142 -4782.884839
2070.000000 142.036943 -2.142461 -1594.294946
2071.000000 142.040219 -3.680404 -30522.672999
2072.000000 142.053235 -3.174863 -21679.233112
2073.000000 142.064009 -3.490728 -27578.681078
2074.000000 142.077227 -2.755768 -11844.747548
2075.000000 142.085948 -3.295269 -23865.393288
2076.000000 142.086621 -2.305622 -3188.589893
2077.000000 142.106037 -3.094026 -19382.809632
2078.000000 142.118661 -3.415674 -26051.553465
2079.000000 142.124895 -2.892668 -14549.614965
2080.000000 142.128798 -2.674816 -9197.713057
2081.000000 142.134430 -2.456089 -4840.717766
2082.000000 142.138052 -2.211102 -1594.294946
2083.000000 142.149524 -3.530297 -27468.417774
2084.000000 142.164417 -3.024420 -17010.322683
2085.000000 142.171463 -3.334838 -23755.129985
2086.000000 142.180369 -2.593864 -6550.678566
2087.000000 142.189482 -2.116583 -0.000000
2088.000000 142.197130 -3.144826 -19196.482860
2089.000000 142.215988 -2.943468 -14363.288193
2090.000000 142.228037 -2.730764 -9255.545984
2091.000000 142.229843 -3.265232 -21382.643036
2092.000000 142.233669 -2.512037 -4898.550693
2093.000000 142.239161 -2.279743 -1594.294946
2094.000000 142.262556 -3.385638 -23568.803213
2095.000000 142.267559 -2.862516 -11716.253702
2096.000000 142.286970 -2.430211 -3246.422820
2097.000000 142.288223 -3.195626 -19010.156087
2098.000000 142.307081 -2.994268 -14176.961420
2099.000000 142.319130 -2.781564 -9069.219212
2100.000000 142.332908 -2.567985 -4956.383620
2101.000000 142.340270 -2.348384 -1594.294946
2102.000000 142.346603 -3.126020 -16637.669138
2103.000000 142.373964 -2.709615 -6576.326552
2104.000000 142.379316 -3.246426 -18823.829315
2105.000000 142.391701 -2.253864 -0.000000
2106.000000 142.398174 -3.045068 -13990.634648
2107.000000 142.413486 -2.841367 -9037.034270
2108.000000 142.427265 -2.627788 -4924.198679
2109.000000 142.439510 -2.404332 -1652.127873
2110.000000 142.453008 -2.973119 -11497.741988
2111.000000 142.480565 -2.545961 -3272.070806
2112.000000 142.492530 -3.104871 -13958.449707
2113.000000 142.507842 -2.901170 -9004.849329
2114.000000 142.521621 -2.687591 -4892.013738
2115.000000 142.533866 -2.464135 -1619.942932
2116.000000 142.562676 -2.829220 -6511.956670
2117.000000 142.588358 -2.389796 -0.000000
2118.000000 142.602199 -2.960972 -8972.664388
2119.000000 142.615977 -2.747394 -4859.828796
2120.000000 142.629413 -2.531425 -1619.942932
2121.000000 142.670469 -2.673055 -3239.885864
2122.000000 142.711524 -2.814684 -4859.828796
2123.000000 142.724961 -2.598715 -1619.942932
2124.000000 142.779453 -2.524376 -0.000000
2125.000000 142.820508 -2.666006 -1619.942932
