1 28 604 611
2 29 569 549
3 31 629 636
4 41 686 667
5 41 667 663
6 35 609 615
7 55 872 873
8 32 580 591
9 65 833 846
10 38 664 656
11 25 618 597
12 56 782 785
13 14 428 426
14 11 424 403
15 23 525 518
16 17 452 459
17 17 445 452
18 16 494 502
19 65 828 833
20 38 656 643
21 49 863 837
22 44 697 690
23 55 873 878
24 44 714 697
25 71 915 922
26 77 990 1002
27 80 1007 1020
28 79 1036 1041
29 92 1115 1120
30 81 993 999
31 99 1087 1103
32 85 1110 1121
33 98 1148 1163
34 51 694 702
35 48 668 679
36 53 788 774
37 56 780 782
38 60 734 757
39 56 785 805
40 51 702 696
41 53 814 788
42 48 679 661
43 50 793 753
44 47 720 706
45 47 748 720
46 46 834 815
47 40 742 768
48 26 561 562
49 45 660 648
50 40 746 730
51 34 666 662
52 38 639 645
53 38 643 639
54 36 574 563
55 31 635 629
56 33 551 544
57 30 516 500
58 30 513 516
59 5 369 383
60 11 416 424
61 9 359 355
62 9 356 362
63 9 362 359
64 12 375 377
65 6 341 344
66 3 336 339
67 7 430 451
68 2 352 358
69 2 345 352
70 1 386 398
71 20 489 485
72 14 426 442
73 4 404 427
74 10 460 474
75 20 503 489
76 13 477 498
77 19 543 552
78 19 546 543
79 26 542 528
80 20 485 491
81 27 504 484
82 22 595 586
83 29 549 536
84 25 597 603
85 64 910 913
86 59 796 819
87 69 864 850
88 64 913 919
89 62 813 838
90 74 964 960
91 52 883 866
92 53 774 798
93 55 893 872
94 62 853 830
95 64 919 930
96 65 846 862
97 55 878 898
98 58 890 911
99 61 899 918
100 71 939 934
101 67 932 937
102 77 987 980
103 75 935 928
104 74 960 951
105 77 995 987
106 75 943 935
107 75 945 943
108 79 1037 1028
109 83 1032 1039
110 89 1093 1116
111 89 1094 1093
112 85 1113 1110
113 91 1172 1178
114 88 1156 1154
115 78 971 963
116 78 976 971
117 78 972 976
118 86 1058 1064
119 86 1059 1058
120 82 1063 1070
121 82 1066 1063
122 92 1142 1153
123 92 1120 1124
124 96 1090 1109
125 92 1124 1142
126 99 1103 1105
127 95 1149 1165
128 95 1137 1149
129 89 1134 1125
130 92 1153 1152
131 98 1163 1168
132 95 1165 1164
133 29 559 569
134 28 600 604
135 32 591 596
136 37 698 704
137 38 645 655
138 36 579 583
139 53 798 820
140 36 583 574
141 66 787 794
142 37 705 698
143 22 586 613
144 57 722 740
145 11 407 416
146 10 448 454
147 20 491 507
148 18 429 434
149 15 402 411
150 14 442 455
151 63 754 777
152 34 662 669
153 46 815 851
154 41 671 683
155 56 805 827
156 40 730 742
157 69 847 864
158 80 1021 1005
159 81 999 996
160 80 1020 1021
161 90 1065 1074
162 84 1017 1003
163 102 1097 1082
164 86 1073 1075
165 101 1157 1147
166 54 726 708
167 51 696 681
168 50 750 770
169 54 715 733
170 63 771 744
171 60 751 749
172 50 753 741
173 49 844 852
174 47 706 711
175 49 837 844
176 44 690 709
177 43 773 783
178 43 783 811
179 44 723 714
180 28 620 600
181 41 663 671
182 37 704 725
183 31 636 649
184 39 610 614
185 35 615 630
186 32 572 580
187 28 611 627
188 32 575 572
189 29 536 540
190 33 544 531
191 8 401 381
192 14 444 428
193 8 381 376
194 12 377 365
195 11 403 392
196 15 400 388
197 9 355 349
198 6 344 338
199 8 406 401
200 5 372 360
201 3 339 337
202 5 378 372
203 17 459 471
204 15 411 405
205 5 383 378
206 14 450 444
207 16 502 511
208 14 455 450
209 20 507 515
210 16 511 527
211 23 518 537
212 21 457 462
213 26 528 530
214 19 552 571
215 26 530 545
216 23 537 553
217 62 838 860
218 60 757 751
219 71 924 915
220 65 862 874
221 63 777 771
222 73 981 977
223 49 852 875
224 54 733 732
225 52 866 889
226 58 888 890
227 68 912 906
228 69 850 839
229 59 841 836
230 62 856 853
231 62 860 856
232 70 957 955
233 68 909 912
234 73 977 986
235 71 922 933
236 70 955 962
237 76 1009 1011
238 74 951 953
239 78 963 959
240 76 1011 1024
241 84 1016 1017
242 90 1074 1068
243 86 1064 1073
244 82 1070 1083
245 89 1116 1134
246 85 1121 1141
247 77 980 982
248 80 1005 1000
249 81 996 983
250 87 1042 1043
251 83 1039 1046
252 83 1046 1047
253 79 1041 1052
254 95 1164 1145
255 93 1078 1089
256 99 1105 1088
257 96 1108 1102
258 101 1147 1130
259 98 1168 1150
260 96 1109 1108
261 91 1182 1172
262 94 1193 1181
263 100 1194 1184
264 97 1197 1190
265 171 576 592
266 171 582 567
267 177 608 623
268 200 688 678
269 191 651 658
270 173 588 605
271 240 824 849
272 167 585 587
273 232 808 829
274 196 689 674
275 178 589 594
276 218 743 763
277 126 414 420
278 131 432 418
279 151 501 509
280 132 440 449
281 128 419 435
282 140 461 481
283 229 781 807
284 192 654 650
285 243 823 832
286 198 677 684
287 241 831 854
288 209 718 707
289 253 879 903
290 281 1014 1008
291 282 1006 1013
292 290 1027 1035
293 308 1077 1096
294 280 1012 1004
295 305 1099 1101
296 307 1084 1104
297 321 1160 1161
298 202 717 710
299 194 691 685
300 223 759 767
301 216 735 760
302 212 766 761
303 220 769 790
304 207 731 712
305 236 826 806
306 199 692 676
307 233 810 784
308 205 695 701
309 219 756 739
310 234 795 804
311 209 737 752
312 168 601 581
313 193 659 653
314 210 713 721
315 189 644 652
316 181 624 633
317 184 625 632
318 167 570 568
319 182 616 622
320 163 564 554
321 155 523 512
322 154 535 526
323 114 394 389
324 126 437 431
325 111 371 363
326 110 373 367
327 113 387 370
328 116 391 385
329 105 351 346
330 103 342 340
331 124 421 436
332 108 368 364
333 104 343 348
334 115 384 390
335 141 467 476
336 125 422 433
337 118 396 410
338 134 458 465
339 149 497 493
340 138 470 482
341 156 522 539
342 157 521 532
343 158 520 524
344 139 466 479
345 152 514 499
346 170 565 577
347 161 533 534
348 166 556 578
349 251 865 892
350 221 778 800
351 253 907 880
352 254 886 904
353 226 799 816
354 273 974 966
355 249 857 861
356 215 755 776
357 252 867 870
358 247 868 848
359 257 917 923
360 238 855 858
361 242 859 881
362 247 877 894
363 250 884 901
364 267 949 942
365 262 920 931
366 278 978 979
367 264 925 926
368 271 954 952
369 284 1001 994
370 268 948 941
371 270 958 950
372 291 1015 1023
373 288 1025 1031
374 302 1085 1100
375 304 1071 1080
376 309 1079 1092
377 324 1143 1159
378 322 1133 1144
379 276 975 970
380 279 997 984
381 277 989 985
382 295 1050 1057
383 296 1045 1051
384 297 1053 1061
385 298 1049 1056
386 319 1158 1155
387 310 1091 1112
388 306 1106 1107
389 311 1118 1126
390 314 1132 1119
391 323 1167 1166
392 316 1123 1138
393 324 1170 1151
394 326 1180 1169
395 328 1186 1175
396 330 1189 1176
397 164 575 584
398 168 561 566
399 175 612 617
400 196 664 673
401 185 637 646
402 172 593 599
403 227 802 825
404 173 609 598
405 230 817 822
406 201 687 680
407 165 550 573
408 208 727 747
409 121 400 409
410 127 406 412
411 144 480 495
412 130 443 447
413 123 415 425
414 133 456 469
415 217 764 786
416 187 634 641
417 225 758 797
418 193 660 672
419 231 812 835
420 204 693 699
421 244 876 891
422 290 1036 1022
423 285 1026 1019
424 289 1033 1034
425 300 1072 1081
426 288 1032 1018
427 312 1129 1117
428 304 1094 1098
429 327 1183 1174
430 211 750 728
431 203 716 700
432 211 726 745
433 206 719 738
434 226 813 789
435 221 796 792
436 213 736 724
437 233 793 801
438 197 670 675
439 228 765 772
440 195 665 682
441 214 723 729
442 219 748 775
443 214 773 762
444 180 621 602
445 188 642 647
446 200 686 703
447 183 628 640
448 179 626 631
449 176 606 619
450 163 551 558
451 174 590 607
452 164 559 555
453 153 505 508
454 160 548 538
455 124 430 408
456 134 460 446
457 114 369 366
458 117 399 382
459 119 393 380
460 121 407 395
461 109 361 353
462 107 357 347
463 127 448 441
464 115 386 374
465 106 354 350
466 118 404 397
467 135 453 464
468 128 445 438
469 120 423 417
470 138 477 472
471 145 475 483
472 140 494 488
473 151 525 529
474 149 503 517
475 147 487 506
476 137 468 473
477 150 490 496
478 159 541 557
479 152 504 519
480 158 542 560
481 237 845 869
482 224 809 803
483 259 909 895
484 248 887 896
485 229 828 821
486 275 969 967
487 236 814 840
488 216 780 779
489 239 818 843
490 245 841 842
491 262 932 929
492 246 882 871
493 245 888 885
494 250 899 897
495 251 910 908
496 269 946 944
497 259 924 927
498 273 964 973
499 258 900 916
500 267 939 947
501 283 991 992
502 266 938 940
503 272 961 956
504 284 995 1010
505 287 1029 1030
506 308 1115 1111
507 299 1062 1069
508 301 1067 1076
509 318 1127 1146
510 313 1114 1128
511 274 965 968
512 281 990 988
513 282 1007 998
514 294 1054 1055
515 292 1038 1044
516 296 1059 1060
517 293 1040 1048
518 329 1185 1171
519 303 1086 1095
520 315 1136 1122
521 316 1137 1131
522 321 1148 1135
523 331 1191 1177
524 317 1140 1139
525 332 1173 1162
526 333 1192 1179
527 334 1196 1188
528 335 1195 1187
529 171 592 604
530 171 567 569
531 177 623 629
532 200 678 686
533 191 658 667
534 173 605 609
535 240 849 872
536 167 587 580
537 232 829 833
538 196 674 664
539 178 594 618
540 218 763 782
541 126 420 428
542 131 418 424
543 151 509 525
544 132 449 452
545 128 435 445
546 140 481 494
547 229 807 828
548 192 650 656
549 243 832 863
550 198 684 697
551 241 854 873
552 209 707 714
553 253 903 915
554 281 1008 990
555 282 1013 1007
556 290 1035 1036
557 308 1096 1115
558 280 1004 993
559 305 1101 1087
560 307 1104 1110
561 321 1161 1148
562 202 710 694
563 194 685 668
564 223 767 788
565 216 760 780
566 212 761 734
567 220 790 785
568 207 712 702
569 236 806 814
570 199 676 679
571 233 784 793
572 205 701 720
573 219 739 748
574 234 804 834
575 209 752 742
576 168 581 561
577 193 653 660
578 210 721 746
579 189 652 666
580 181 633 639
581 184 632 643
582 167 568 574
583 182 622 635
584 163 554 551
585 155 512 516
586 154 526 513
587 114 389 369
588 126 431 416
589 111 363 359
590 110 367 356
591 113 370 362
592 116 385 375
593 105 346 341
594 103 340 336
595 124 436 430
596 108 364 352
597 104 348 345
598 115 390 386
599 141 476 489
600 125 433 426
601 118 410 404
602 134 465 460
603 149 493 503
604 138 482 477
605 156 539 543
606 157 532 546
607 158 524 542
608 139 479 485
609 152 499 504
610 170 577 595
611 161 534 549
612 166 578 597
613 251 892 910
614 221 800 796
615 253 880 864
616 254 904 913
617 226 816 813
618 273 966 964
619 249 861 883
620 215 776 774
621 252 870 893
622 247 848 853
623 257 923 919
624 238 858 846
625 242 881 878
626 247 894 890
627 250 901 899
628 267 942 939
629 262 931 932
630 278 979 987
631 264 926 935
632 271 952 960
633 284 994 995
634 268 941 943
635 270 950 945
636 291 1023 1037
637 288 1031 1032
638 302 1100 1093
639 304 1080 1094
640 309 1092 1113
641 324 1159 1172
642 322 1144 1156
643 276 970 971
644 279 984 976
645 277 985 972
646 295 1057 1058
647 296 1051 1059
648 297 1061 1063
649 298 1056 1066
650 319 1155 1142
651 310 1112 1120
652 306 1107 1090
653 311 1126 1124
654 314 1119 1103
655 323 1166 1149
656 316 1138 1137
657 324 1151 1134
658 326 1169 1153
659 328 1175 1163
660 330 1176 1165
661 164 576 559
662 168 582 600
663 175 608 591
664 196 688 698
665 185 651 645
666 172 588 579
667 227 824 798
668 173 585 583
669 230 808 787
670 201 689 705
671 165 589 586
672 208 743 722
673 121 414 407
674 127 432 448
675 144 501 491
676 130 440 429
677 123 419 402
678 133 461 442
679 217 781 754
680 187 654 662
681 225 823 815
682 193 677 671
683 231 831 805
684 204 718 730
685 244 879 847
686 290 1014 1021
687 285 1006 999
688 289 1027 1020
689 300 1077 1065
690 288 1012 1017
691 312 1099 1097
692 304 1084 1073
693 327 1160 1157
694 211 717 726
695 203 691 696
696 211 759 750
697 206 735 715
698 226 766 771
699 221 769 751
700 213 731 753
701 233 826 844
702 197 692 706
703 228 810 837
704 195 695 690
705 214 756 773
706 219 795 783
707 214 737 723
708 180 601 620
709 188 659 663
710 200 713 704
711 183 644 636
712 179 624 610
713 176 625 615
714 163 570 572
715 174 616 611
716 164 564 575
717 153 523 536
718 160 535 544
719 124 394 401
720 134 437 444
721 114 371 381
722 117 373 377
723 119 387 403
724 121 391 400
725 109 351 355
726 107 342 344
727 127 421 406
728 115 368 372
729 106 343 339
730 118 384 378
731 135 467 459
732 128 422 411
733 120 396 383
734 138 458 450
735 145 497 502
736 140 470 455
737 151 522 507
738 149 521 511
739 147 520 518
740 137 466 457
741 150 514 528
742 159 565 552
743 152 533 530
744 158 556 537
745 237 865 838
746 224 778 757
747 259 907 924
748 248 886 862
749 229 799 777
750 275 974 981
751 236 857 852
752 216 755 733
753 239 867 866
754 245 868 888
755 262 917 912
756 246 855 850
757 245 859 841
758 250 877 856
759 251 884 860
760 269 949 957
761 259 920 909
762 273 978 977
763 258 925 922
764 267 954 955
765 283 1001 1009
766 266 948 951
767 272 958 963
768 284 1015 1011
769 287 1025 1016
770 308 1085 1074
771 299 1071 1064
772 301 1079 1070
773 318 1143 1116
774 313 1133 1121
775 274 975 980
776 281 997 1005
777 282 989 996
778 294 1050 1042
779 292 1045 1039
780 296 1053 1046
781 293 1049 1041
782 329 1158 1164
783 303 1091 1078
784 315 1106 1105
785 316 1118 1108
786 321 1132 1147
787 331 1167 1168
788 317 1123 1109
789 332 1170 1182
790 333 1180 1193
791 334 1186 1194
792 335 1189 1197
793 164 584 576
794 168 566 582
795 175 617 608
796 196 673 688
797 185 646 651
798 172 599 588
799 227 825 824
800 173 598 585
801 230 822 808
802 201 680 689
803 165 573 589
804 208 747 743
805 121 409 414
806 127 412 432
807 144 495 501
808 130 447 440
809 123 425 419
810 133 469 461
811 217 786 781
812 187 641 654
813 225 797 823
814 193 672 677
815 231 835 831
816 204 699 718
817 244 891 879
818 290 1022 1014
819 285 1019 1006
820 289 1034 1027
821 300 1081 1077
822 288 1018 1012
823 312 1117 1099
824 304 1098 1084
825 327 1174 1160
826 211 728 717
827 203 700 691
828 211 745 759
829 206 738 735
830 226 789 766
831 221 792 769
832 213 724 731
833 233 801 826
834 197 675 692
835 228 772 810
836 195 682 695
837 214 729 756
838 219 775 795
839 214 762 737
840 180 602 601
841 188 647 659
842 200 703 713
843 183 640 644
844 179 631 624
845 176 619 625
846 163 558 570
847 174 607 616
848 164 555 564
849 153 508 523
850 160 538 535
851 124 408 394
852 134 446 437
853 114 366 371
854 117 382 373
855 119 380 387
856 121 395 391
857 109 353 351
858 107 347 342
859 127 441 421
860 115 374 368
861 106 350 343
862 118 397 384
863 135 464 467
864 128 438 422
865 120 417 396
866 138 472 458
867 145 483 497
868 140 488 470
869 151 529 522
870 149 517 521
871 147 506 520
872 137 473 466
873 150 496 514
874 159 557 565
875 152 519 533
876 158 560 556
877 237 869 865
878 224 803 778
879 259 895 907
880 248 896 886
881 229 821 799
882 275 967 974
883 236 840 857
884 216 779 755
885 239 843 867
886 245 842 868
887 262 929 917
888 246 871 855
889 245 885 859
890 250 897 877
891 251 908 884
892 269 944 949
893 259 927 920
894 273 973 978
895 258 916 925
896 267 947 954
897 283 992 1001
898 266 940 948
899 272 956 958
900 284 1010 1015
901 287 1030 1025
902 308 1111 1085
903 299 1069 1071
904 301 1076 1079
905 318 1146 1143
906 313 1128 1133
907 274 968 975
908 281 988 997
909 282 998 989
910 294 1055 1050
911 292 1044 1045
912 296 1060 1053
913 293 1048 1049
914 329 1171 1158
915 303 1095 1091
916 315 1122 1106
917 316 1131 1118
918 321 1135 1132
919 331 1177 1167
920 317 1139 1123
921 332 1162 1170
922 333 1179 1180
923 334 1188 1186
924 335 1187 1189
925 32 590 575
926 26 545 561
927 35 628 612
928 38 655 664
929 42 642 637
930 39 606 593
931 56 827 802
932 35 612 609
933 69 839 817
934 34 669 687
935 23 553 550
936 60 749 727
937 15 405 400
938 8 393 406
939 24 487 480
940 21 453 443
941 18 434 415
942 17 475 456
943 66 794 764
944 35 630 634
945 47 765 758
946 45 665 660
947 59 836 812
948 41 683 693
949 72 900 876
950 79 1028 1036
951 83 1033 1026
952 83 1040 1033
953 93 1089 1072
954 83 1026 1032
955 101 1130 1129
956 89 1114 1094
957 100 1184 1183
958 50 741 750
959 47 711 716
960 54 732 726
961 57 740 719
962 62 809 813
963 59 812 796
964 47 716 736
965 50 770 793
966 45 657 670
967 47 736 765
968 45 670 665
969 44 709 723
970 47 758 748
971 43 791 773
972 25 603 621
973 42 638 642
974 41 693 686
975 35 634 628
976 42 637 626
977 39 614 606
978 33 547 551
979 32 596 590
980 29 548 559
981 27 492 505
982 29 540 548
983 7 423 430
984 10 454 460
985 5 361 369
986 11 392 399
987 8 376 393
988 11 399 407
989 5 357 361
990 5 354 357
991 10 463 448
992 1 379 386
993 5 360 354
994 4 413 404
995 21 462 453
996 17 456 445
997 7 439 423
998 13 486 477
999 17 471 475
1000 16 510 494
1001 23 541 525
1002 20 515 503
1003 24 490 487
1004 24 480 468
1005 24 478 490
1006 23 550 541
1007 27 505 504
1008 26 562 542
1009 65 874 845
1010 62 830 809
1011 68 882 909
1012 68 906 887
1013 65 845 828
1014 70 962 969
1015 53 818 814
1016 56 802 780
1017 53 820 818
1018 59 819 841
1019 67 936 932
1020 68 887 882
1021 58 902 888
1022 61 914 899
1023 64 921 910
1024 67 937 946
1025 71 934 924
1026 74 965 964
1027 72 905 900
1028 71 938 939
1029 73 986 991
1030 71 933 938
1031 74 953 961
1032 77 1002 995
1033 87 1038 1029
1034 92 1127 1115
1035 90 1068 1062
1036 86 1075 1067
1037 92 1152 1127
1038 89 1125 1114
1039 74 961 965
1040 77 982 990
1041 80 1000 1007
1042 90 1062 1054
1043 87 1043 1038
1044 86 1067 1059
1045 83 1047 1040
1046 94 1181 1185
1047 96 1102 1086
1048 98 1140 1136
1049 95 1145 1137
1050 98 1136 1148
1051 97 1190 1191
1052 98 1150 1140
1053 88 1154 1173
1054 91 1178 1192
1055 97 1191 1196
1056 94 1185 1195
1057 604 592 611
1058 569 567 549
1059 629 623 636
1060 686 678 667
1061 667 658 663
1062 609 605 615
1063 872 849 873
1064 580 587 591
1065 833 829 846
1066 664 674 656
1067 618 594 597
1068 782 763 785
1069 428 420 426
1070 424 418 403
1071 525 509 518
1072 452 449 459
1073 445 435 452
1074 494 481 502
1075 828 807 833
1076 656 650 643
1077 863 832 837
1078 697 684 690
1079 873 854 878
1080 714 707 697
1081 915 903 922
1082 990 1008 1002
1083 1007 1013 1020
1084 1036 1035 1041
1085 1115 1096 1120
1086 993 1004 999
1087 1087 1101 1103
1088 1110 1104 1121
1089 1148 1161 1163
1090 694 710 702
1091 668 685 679
1092 788 767 774
1093 780 760 782
1094 734 761 757
1095 785 790 805
1096 702 712 696
1097 814 806 788
1098 679 676 661
1099 793 784 753
1100 720 701 706
1101 748 739 720
1102 834 804 815
1103 742 752 768
1104 561 581 562
1105 660 653 648
1106 746 721 730
1107 666 652 662
1108 639 633 645
1109 643 632 639
1110 574 568 563
1111 635 622 629
1112 551 554 544
1113 516 512 500
1114 513 526 516
1115 369 389 383
1116 416 431 424
1117 359 363 355
1118 356 367 362
1119 362 370 359
1120 375 385 377
1121 341 346 344
1122 336 340 339
1123 430 436 451
1124 352 364 358
1125 345 348 352
1126 386 390 398
1127 489 476 485
1128 426 433 442
1129 404 410 427
1130 460 465 474
1131 503 493 489
1132 477 482 498
1133 543 539 552
1134 546 532 543
1135 542 524 528
1136 485 479 491
1137 504 499 484
1138 595 577 586
1139 549 534 536
1140 597 578 603
1141 910 892 913
1142 796 800 819
1143 864 880 850
1144 913 904 919
1145 813 816 838
1146 964 966 960
1147 883 861 866
1148 774 776 798
1149 893 870 872
1150 853 848 830
1151 919 923 930
1152 846 858 862
1153 878 881 898
1154 890 894 911
1155 899 901 918
1156 939 942 934
1157 932 931 937
1158 987 979 980
1159 935 926 928
1160 960 952 951
1161 995 994 987
1162 943 941 935
1163 945 950 943
1164 1037 1023 1028
1165 1032 1031 1039
1166 1093 1100 1116
1167 1094 1080 1093
1168 1113 1092 1110
1169 1172 1159 1178
1170 1156 1144 1154
1171 971 970 963
1172 976 984 971
1173 972 985 976
1174 1058 1057 1064
1175 1059 1051 1058
1176 1063 1061 1070
1177 1066 1056 1063
1178 1142 1155 1153
1179 1120 1112 1124
1180 1090 1107 1109
1181 1124 1126 1142
1182 1103 1119 1105
1183 1149 1166 1165
1184 1137 1138 1149
1185 1134 1151 1125
1186 1153 1169 1152
1187 1163 1175 1168
1188 1165 1176 1164
1189 559 576 569
1190 600 582 604
1191 591 608 596
1192 698 688 704
1193 645 651 655
1194 579 588 583
1195 798 824 820
1196 583 585 574
1197 787 808 794
1198 705 689 698
1199 586 589 613
1200 722 743 740
1201 407 414 416
1202 448 432 454
1203 491 501 507
1204 429 440 434
1205 402 419 411
1206 442 461 455
1207 754 781 777
1208 662 654 669
1209 815 823 851
1210 671 677 683
1211 805 831 827
1212 730 718 742
1213 847 879 864
1214 1021 1014 1005
1215 999 1006 996
1216 1020 1027 1021
1217 1065 1077 1074
1218 1017 1012 1003
1219 1097 1099 1082
1220 1073 1084 1075
1221 1157 1160 1147
1222 726 717 708
1223 696 691 681
1224 750 759 770
1225 715 735 733
1226 771 766 744
1227 751 769 749
1228 753 731 741
1229 844 826 852
1230 706 692 711
1231 837 810 844
1232 690 695 709
1233 773 756 783
1234 783 795 811
1235 723 737 714
1236 620 601 600
1237 663 659 671
1238 704 713 725
1239 636 644 649
1240 610 624 614
1241 615 625 630
1242 572 570 580
1243 611 616 627
1244 575 564 572
1245 536 523 540
1246 544 535 531
1247 401 394 381
1248 444 437 428
1249 381 371 376
1250 377 373 365
1251 403 387 392
1252 400 391 388
1253 355 351 349
1254 344 342 338
1255 406 421 401
1256 372 368 360
1257 339 343 337
1258 378 384 372
1259 459 467 471
1260 411 422 405
1261 383 396 378
1262 450 458 444
1263 502 497 511
1264 455 470 450
1265 507 522 515
1266 511 521 527
1267 518 520 537
1268 457 466 462
1269 528 514 530
1270 552 565 571
1271 530 533 545
1272 537 556 553
1273 838 865 860
1274 757 778 751
1275 924 907 915
1276 862 886 874
1277 777 799 771
1278 981 974 977
1279 852 857 875
1280 733 755 732
1281 866 867 889
1282 888 868 890
1283 912 917 906
1284 850 855 839
1285 841 859 836
1286 856 877 853
1287 860 884 856
1288 957 949 955
1289 909 920 912
1290 977 978 986
1291 922 925 933
1292 955 954 962
1293 1009 1001 1011
1294 951 948 953
1295 963 958 959
1296 1011 1015 1024
1297 1016 1025 1017
1298 1074 1085 1068
1299 1064 1071 1073
1300 1070 1079 1083
1301 1116 1143 1134
1302 1121 1133 1141
1303 980 975 982
1304 1005 997 1000
1305 996 989 983
1306 1042 1050 1043
1307 1039 1045 1046
1308 1046 1053 1047
1309 1041 1049 1052
1310 1164 1158 1145
1311 1078 1091 1089
1312 1105 1106 1088
1313 1108 1118 1102
1314 1147 1132 1130
1315 1168 1167 1150
1316 1109 1123 1108
1317 1182 1170 1172
1318 1193 1180 1181
1319 1194 1186 1184
1320 1197 1189 1190
1321 576 584 592
1322 582 566 567
1323 608 617 623
1324 688 673 678
1325 651 646 658
1326 588 599 605
1327 824 825 849
1328 585 598 587
1329 808 822 829
1330 689 680 674
1331 589 573 594
1332 743 747 763
1333 414 409 420
1334 432 412 418
1335 501 495 509
1336 440 447 449
1337 419 425 435
1338 461 469 481
1339 781 786 807
1340 654 641 650
1341 823 797 832
1342 677 672 684
1343 831 835 854
1344 718 699 707
1345 879 891 903
1346 1014 1022 1008
1347 1006 1019 1013
1348 1027 1034 1035
1349 1077 1081 1096
1350 1012 1018 1004
1351 1099 1117 1101
1352 1084 1098 1104
1353 1160 1174 1161
1354 717 728 710
1355 691 700 685
1356 759 745 767
1357 735 738 760
1358 766 789 761
1359 769 792 790
1360 731 724 712
1361 826 801 806
1362 692 675 676
1363 810 772 784
1364 695 682 701
1365 756 729 739
1366 795 775 804
1367 737 762 752
1368 601 602 581
1369 659 647 653
1370 713 703 721
1371 644 640 652
1372 624 631 633
1373 625 619 632
1374 570 558 568
1375 616 607 622
1376 564 555 554
1377 523 508 512
1378 535 538 526
1379 394 408 389
1380 437 446 431
1381 371 366 363
1382 373 382 367
1383 387 380 370
1384 391 395 385
1385 351 353 346
1386 342 347 340
1387 421 441 436
1388 368 374 364
1389 343 350 348
1390 384 397 390
1391 467 464 476
1392 422 438 433
1393 396 417 410
1394 458 472 465
1395 497 483 493
1396 470 488 482
1397 522 529 539
1398 521 517 532
1399 520 506 524
1400 466 473 479
1401 514 496 499
1402 565 557 577
1403 533 519 534
1404 556 560 578
1405 865 869 892
1406 778 803 800
1407 907 895 880
1408 886 896 904
1409 799 821 816
1410 974 967 966
1411 857 840 861
1412 755 779 776
1413 867 843 870
1414 868 842 848
1415 917 929 923
1416 855 871 858
1417 859 885 881
1418 877 897 894
1419 884 908 901
1420 949 944 942
1421 920 927 931
1422 978 973 979
1423 925 916 926
1424 954 947 952
1425 1001 992 994
1426 948 940 941
1427 958 956 950
1428 1015 1010 1023
1429 1025 1030 1031
1430 1085 1111 1100
1431 1071 1069 1080
1432 1079 1076 1092
1433 1143 1146 1159
1434 1133 1128 1144
1435 975 968 970
1436 997 988 984
1437 989 998 985
1438 1050 1055 1057
1439 1045 1044 1051
1440 1053 1060 1061
1441 1049 1048 1056
1442 1158 1171 1155
1443 1091 1095 1112
1444 1106 1122 1107
1445 1118 1131 1126
1446 1132 1135 1119
1447 1167 1177 1166
1448 1123 1139 1138
1449 1170 1162 1151
1450 1180 1179 1169
1451 1186 1188 1175
1452 1189 1187 1176
1453 575 590 584
1454 561 545 566
1455 612 628 617
1456 664 655 673
1457 637 642 646
1458 593 606 599
1459 802 827 825
1460 609 612 598
1461 817 839 822
1462 687 669 680
1463 550 553 573
1464 727 749 747
1465 400 405 409
1466 406 393 412
1467 480 487 495
1468 443 453 447
1469 415 434 425
1470 456 475 469
1471 764 794 786
1472 634 630 641
1473 758 765 797
1474 660 665 672
1475 812 836 835
1476 693 683 699
1477 876 900 891
1478 1036 1028 1022
1479 1026 1033 1019
1480 1033 1040 1034
1481 1072 1089 1081
1482 1032 1026 1018
1483 1129 1130 1117
1484 1094 1114 1098
1485 1183 1184 1174
1486 750 741 728
1487 716 711 700
1488 726 732 745
1489 719 740 738
1490 813 809 789
1491 796 812 792
1492 736 716 724
1493 793 770 801
1494 670 657 675
1495 765 736 772
1496 665 670 682
1497 723 709 729
1498 748 758 775
1499 773 791 762
1500 621 603 602
1501 642 638 647
1502 686 693 703
1503 628 634 640
1504 626 637 631
1505 606 614 619
1506 551 547 558
1507 590 596 607
1508 559 548 555
1509 505 492 508
1510 548 540 538
1511 430 423 408
1512 460 454 446
1513 369 361 366
1514 399 392 382
1515 393 376 380
1516 407 399 395
1517 361 357 353
1518 357 354 347
1519 448 463 441
1520 386 379 374
1521 354 360 350
1522 404 413 397
1523 453 462 464
1524 445 456 438
1525 423 439 417
1526 477 486 472
1527 475 471 483
1528 494 510 488
1529 525 541 529
1530 503 515 517
1531 487 490 506
1532 468 480 473
1533 490 478 496
1534 541 550 557
1535 504 505 519
1536 542 562 560
1537 845 874 869
1538 809 830 803
1539 909 882 895
1540 887 906 896
1541 828 845 821
1542 969 962 967
1543 814 818 840
1544 780 802 779
1545 818 820 843
1546 841 819 842
1547 932 936 929
1548 882 887 871
1549 888 902 885
1550 899 914 897
1551 910 921 908
1552 946 937 944
1553 924 934 927
1554 964 965 973
1555 900 905 916
1556 939 938 947
1557 991 986 992
1558 938 933 940
1559 961 953 956
1560 995 1002 1010
1561 1029 1038 1030
1562 1115 1127 1111
1563 1062 1068 1069
1564 1067 1075 1076
1565 1127 1152 1146
1566 1114 1125 1128
1567 965 961 968
1568 990 982 988
1569 1007 1000 998
1570 1054 1062 1055
1571 1038 1043 1044
1572 1059 1067 1060
1573 1040 1047 1048
1574 1185 1181 1171
1575 1086 1102 1095
1576 1136 1140 1122
1577 1137 1145 1131
1578 1148 1136 1135
1579 1191 1190 1177
1580 1140 1150 1139
1581 1173 1154 1162
1582 1192 1178 1179
1583 1196 1191 1188
1584 1195 1185 1187
1585 592 174 611
1586 567 161 549
1587 623 183 636
1588 678 191 667
1589 658 188 663
1590 605 176 615
1591 849 241 873
1592 587 175 591
1593 829 238 846
1594 674 192 656
1595 594 166 597
1596 763 220 785
1597 420 125 426
1598 418 119 403
1599 509 147 518
1600 449 135 459
1601 435 132 452
1602 481 145 502
1603 807 232 833
1604 650 184 643
1605 832 228 837
1606 684 195 690
1607 854 242 878
1608 707 198 697
1609 903 258 922
1610 1008 286 1002
1611 1013 289 1020
1612 1035 293 1041
1613 1096 310 1120
1614 1004 285 999
1615 1101 314 1103
1616 1104 313 1121
1617 1161 328 1163
1618 710 207 702
1619 685 199 679
1620 767 215 774
1621 760 218 782
1622 761 224 757
1623 790 231 805
1624 712 203 696
1625 806 223 788
1626 676 190 661
1627 784 213 753
1628 701 197 706
1629 739 205 720
1630 804 225 815
1631 752 222 768
1632 581 169 562
1633 653 186 648
1634 721 204 730
1635 652 187 662
1636 633 185 645
1637 632 181 639
1638 568 162 563
1639 622 177 629
1640 554 160 544
1641 512 146 500
1642 526 155 516
1643 389 120 383
1644 431 131 424
1645 363 109 355
1646 367 113 362
1647 370 111 359
1648 385 117 377
1649 346 107 344
1650 340 106 339
1651 436 136 451
1652 364 112 358
1653 348 108 352
1654 390 122 398
1655 476 139 485
1656 433 133 442
1657 410 129 427
1658 465 142 474
1659 493 141 489
1660 482 148 498
1661 539 159 552
1662 532 156 543
1663 524 150 528
1664 479 144 491
1665 499 143 484
1666 577 165 586
1667 534 153 536
1668 578 169 603
1669 892 254 913
1670 800 235 819
1671 880 246 850
1672 904 257 919
1673 816 237 838
1674 966 271 960
1675 861 239 866
1676 776 227 798
1677 870 240 872
1678 848 235 830
1679 923 263 930
1680 858 248 862
1681 881 255 898
1682 894 256 911
1683 901 261 918
1684 942 265 934
1685 931 265 937
1686 979 274 980
1687 926 260 928
1688 952 266 951
1689 994 278 987
1690 941 264 935
1691 950 268 943
1692 1023 286 1028
1693 1031 292 1039
1694 1100 318 1116
1695 1080 302 1093
1696 1092 307 1110
1697 1159 325 1178
1698 1144 320 1154
1699 970 272 963
1700 984 276 971
1701 985 279 976
1702 1057 299 1064
1703 1051 295 1058
1704 1061 301 1070
1705 1056 297 1063
1706 1155 326 1153
1707 1112 311 1124
1708 1107 317 1109
1709 1126 319 1142
1710 1119 315 1105
1711 1166 330 1165
1712 1138 323 1149
1713 1151 320 1125
1714 1169 325 1152
1715 1175 331 1168
1716 1176 329 1164
1717 576 171 569
1718 582 171 604
1719 608 177 596
1720 688 200 704
1721 651 191 655
1722 588 173 583
1723 824 240 820
1724 585 167 574
1725 808 232 794
1726 689 196 698
1727 589 178 613
1728 743 218 740
1729 414 126 416
1730 432 131 454
1731 501 151 507
1732 440 132 434
1733 419 128 411
1734 461 140 455
1735 781 229 777
1736 654 192 669
1737 823 243 851
1738 677 198 683
1739 831 241 827
1740 718 209 742
1741 879 253 864
1742 1014 281 1005
1743 1006 282 996
1744 1027 290 1021
1745 1077 308 1074
1746 1012 280 1003
1747 1099 305 1082
1748 1084 307 1075
1749 1160 321 1147
1750 717 202 708
1751 691 194 681
1752 759 223 770
1753 735 216 733
1754 766 212 744
1755 769 220 749
1756 731 207 741
1757 826 236 852
1758 692 199 711
1759 810 233 844
1760 695 205 709
1761 756 219 783
1762 795 234 811
1763 737 209 714
1764 601 168 600
1765 659 193 671
1766 713 210 725
1767 644 189 649
1768 624 181 614
1769 625 184 630
1770 570 167 580
1771 616 182 627
1772 564 163 572
1773 523 155 540
1774 535 154 531
1775 394 114 381
1776 437 126 428
1777 371 111 376
1778 373 110 365
1779 387 113 392
1780 391 116 388
1781 351 105 349
1782 342 103 338
1783 421 124 401
1784 368 108 360
1785 343 104 337
1786 384 115 372
1787 467 141 471
1788 422 125 405
1789 396 118 378
1790 458 134 444
1791 497 149 511
1792 470 138 450
1793 522 156 515
1794 521 157 527
1795 520 158 537
1796 466 139 462
1797 514 152 530
1798 565 170 571
1799 533 161 545
1800 556 166 553
1801 865 251 860
1802 778 221 751
1803 907 253 915
1804 886 254 874
1805 799 226 771
1806 974 273 977
1807 857 249 875
1808 755 215 732
1809 867 252 889
1810 868 247 890
1811 917 257 906
1812 855 238 839
1813 859 242 836
1814 877 247 853
1815 884 250 856
1816 949 267 955
1817 920 262 912
1818 978 278 986
1819 925 264 933
1820 954 271 962
1821 1001 284 1011
1822 948 268 953
1823 958 270 959
1824 1015 291 1024
1825 1025 288 1017
1826 1085 302 1068
1827 1071 304 1073
1828 1079 309 1083
1829 1143 324 1134
1830 1133 322 1141
1831 975 276 982
1832 997 279 1000
1833 989 277 983
1834 1050 295 1043
1835 1045 296 1046
1836 1053 297 1047
1837 1049 298 1052
1838 1158 319 1145
1839 1091 310 1089
1840 1106 306 1088
1841 1118 311 1102
1842 1132 314 1130
1843 1167 323 1150
1844 1123 316 1108
1845 1170 324 1172
1846 1180 326 1181
1847 1186 328 1184
1848 1189 330 1190
1849 584 174 592
1850 566 161 567
1851 617 183 623
1852 673 191 678
1853 646 188 658
1854 599 176 605
1855 825 241 849
1856 598 175 587
1857 822 238 829
1858 680 192 674
1859 573 166 594
1860 747 220 763
1861 409 125 420
1862 412 119 418
1863 495 147 509
1864 447 135 449
1865 425 132 435
1866 469 145 481
1867 786 232 807
1868 641 184 650
1869 797 228 832
1870 672 195 684
1871 835 242 854
1872 699 198 707
1873 891 258 903
1874 1022 286 1008
1875 1019 289 1013
1876 1034 293 1035
1877 1081 310 1096
1878 1018 285 1004
1879 1117 314 1101
1880 1098 313 1104
1881 1174 328 1161
1882 728 207 710
1883 700 199 685
1884 745 215 767
1885 738 218 760
1886 789 224 761
1887 792 231 790
1888 724 203 712
1889 801 223 806
1890 675 190 676
1891 772 213 784
1892 682 197 701
1893 729 205 739
1894 775 225 804
1895 762 222 752
1896 602 169 581
1897 647 186 653
1898 703 204 721
1899 640 187 652
1900 631 185 633
1901 619 181 632
1902 558 162 568
1903 607 177 622
1904 555 160 554
1905 508 146 512
1906 538 155 526
1907 408 120 389
1908 446 131 431
1909 366 109 363
1910 382 113 367
1911 380 111 370
1912 395 117 385
1913 353 107 346
1914 347 106 340
1915 441 136 436
1916 374 112 364
1917 350 108 348
1918 397 122 390
1919 464 139 476
1920 438 133 433
1921 417 129 410
1922 472 142 465
1923 483 141 493
1924 488 148 482
1925 529 159 539
1926 517 156 532
1927 506 150 524
1928 473 144 479
1929 496 143 499
1930 557 165 577
1931 519 153 534
1932 560 169 578
1933 869 254 892
1934 803 235 800
1935 895 246 880
1936 896 257 904
1937 821 237 816
1938 967 271 966
1939 840 239 861
1940 779 227 776
1941 843 240 870
1942 842 235 848
1943 929 263 923
1944 871 248 858
1945 885 255 881
1946 897 256 894
1947 908 261 901
1948 944 265 942
1949 927 265 931
1950 973 274 979
1951 916 260 926
1952 947 266 952
1953 992 278 994
1954 940 264 941
1955 956 268 950
1956 1010 286 1023
1957 1030 292 1031
1958 1111 318 1100
1959 1069 302 1080
1960 1076 307 1092
1961 1146 325 1159
1962 1128 320 1144
1963 968 272 970
1964 988 276 984
1965 998 279 985
1966 1055 299 1057
1967 1044 295 1051
1968 1060 301 1061
1969 1048 297 1056
1970 1171 326 1155
1971 1095 311 1112
1972 1122 317 1107
1973 1131 319 1126
1974 1135 315 1119
1975 1177 330 1166
1976 1139 323 1138
1977 1162 320 1151
1978 1179 325 1169
1979 1188 331 1175
1980 1187 329 1176
1981 590 174 584
1982 545 161 566
1983 628 183 617
1984 655 191 673
1985 642 188 646
1986 606 176 599
1987 827 241 825
1988 612 175 598
1989 839 238 822
1990 669 192 680
1991 553 166 573
1992 749 220 747
1993 405 125 409
1994 393 119 412
1995 487 147 495
1996 453 135 447
1997 434 132 425
1998 475 145 469
1999 794 232 786
2000 630 184 641
2001 765 228 797
2002 665 195 672
2003 836 242 835
2004 683 198 699
2005 900 258 891
2006 1028 286 1022
2007 1033 289 1019
2008 1040 293 1034
2009 1089 310 1081
2010 1026 285 1018
2011 1130 314 1117
2012 1114 313 1098
2013 1184 328 1174
2014 741 207 728
2015 711 199 700
2016 732 215 745
2017 740 218 738
2018 809 224 789
2019 812 231 792
2020 716 203 724
2021 770 223 801
2022 657 190 675
2023 736 213 772
2024 670 197 682
2025 709 205 729
2026 758 225 775
2027 791 222 762
2028 603 169 602
2029 638 186 647
2030 693 204 703
2031 634 187 640
2032 637 185 631
2033 614 181 619
2034 547 162 558
2035 596 177 607
2036 548 160 555
2037 492 146 508
2038 540 155 538
2039 423 120 408
2040 454 131 446
2041 361 109 366
2042 392 113 382
2043 376 111 380
2044 399 117 395
2045 357 107 353
2046 354 106 347
2047 463 136 441
2048 379 112 374
2049 360 108 350
2050 413 122 397
2051 462 139 464
2052 456 133 438
2053 439 129 417
2054 486 142 472
2055 471 141 483
2056 510 148 488
2057 541 159 529
2058 515 156 517
2059 490 150 506
2060 480 144 473
2061 478 143 496
2062 550 165 557
2063 505 153 519
2064 562 169 560
2065 874 254 869
2066 830 235 803
2067 882 246 895
2068 906 257 896
2069 845 237 821
2070 962 271 967
2071 818 239 840
2072 802 227 779
2073 820 240 843
2074 819 235 842
2075 936 263 929
2076 887 248 871
2077 902 255 885
2078 914 256 897
2079 921 261 908
2080 937 265 944
2081 934 265 927
2082 965 274 973
2083 905 260 916
2084 938 266 947
2085 986 278 992
2086 933 264 940
2087 953 268 956
2088 1002 286 1010
2089 1038 292 1030
2090 1127 318 1111
2091 1068 302 1069
2092 1075 307 1076
2093 1152 325 1146
2094 1125 320 1128
2095 961 272 968
2096 982 276 988
2097 1000 279 998
2098 1062 299 1055
2099 1043 295 1044
2100 1067 301 1060
2101 1047 297 1048
2102 1181 326 1171
2103 1102 311 1095
2104 1140 317 1122
2105 1145 319 1131
2106 1136 315 1135
2107 1190 330 1177
2108 1150 323 1139
2109 1154 320 1162
2110 1178 325 1179
2111 1191 331 1188
2112 1185 329 1187
