1.000000 124.740164 14.885021 -0.000000
2.000000 124.283708 14.638380 -11709.351780
3.000000 123.870678 14.430678 -40000.000000
4.000000 124.971529 14.487063 -0.000000
5.000000 124.495587 14.240060 -12426.450489
6.000000 124.061346 14.022781 -40000.000000
7.000000 125.166196 14.062469 -0.000000
8.000000 124.702224 13.845601 -11988.048376
9.000000 124.300390 13.633397 -40000.000000
10.000000 125.335102 13.670973 -0.000000
11.000000 124.892445 13.463652 -12771.600174
12.000000 124.517792 13.244153 -40000.000000
13.000000 125.492590 13.270191 -0.000000
14.000000 125.099114 13.089810 -13303.595809
15.000000 124.777237 12.892656 -40000.000000
16.000000 125.635194 12.886350 -0.000000
17.000000 125.291302 12.705170 -14695.636394
18.000000 124.996406 12.536562 -40000.000000
19.000000 125.894246 12.532421 -0.000000
20.000000 125.530081 12.336622 -14329.362951
21.000000 125.202137 12.171147 -40000.000000
22.000000 126.160294 12.062590 -0.000000
23.000000 125.742854 11.932331 -13979.845966
24.000000 125.371296 11.812439 -40000.000000
25.000000 126.215606 11.538070 -0.000000
26.000000 125.816448 11.487810 -14218.159767
27.000000 125.471127 11.415554 -40000.000000
28.000000 126.211321 11.139570 -0.000000
29.000000 125.850795 11.071666 -13740.006413
30.000000 125.561550 10.976410 -40000.000000
31.000000 126.313144 10.804620 -0.000000
32.000000 126.024224 10.687143 -15341.357271
33.000000 125.788617 10.577249 -40000.000000
34.000000 126.501387 10.398586 -0.000000
35.000000 126.212789 10.284837 -16072.831165
36.000000 125.965824 10.187584 -40000.000000
37.000000 126.663719 9.962370 -0.000000
38.000000 126.366273 9.873575 -15412.979157
39.000000 126.119755 9.791500 -40000.000000
40.000000 126.789000 9.528212 -0.000000
41.000000 126.495992 9.451201 -14222.837490
42.000000 126.270193 9.389998 -40000.000000
43.000000 126.920105 9.101073 -0.000000
44.000000 126.613519 9.016371 -12629.892429
45.000000 126.388861 8.974292 -40000.000000
46.000000 127.057313 8.689996 -0.000000
47.000000 126.706563 8.595484 -11755.155277
48.000000 126.440938 8.538833 -40000.000000
49.000000 127.146693 8.250077 -0.000000
50.000000 126.809480 8.180313 -13882.683706
51.000000 126.543261 8.108140 -40000.000000
52.000000 127.201845 7.773758 -0.000000
53.000000 126.906606 7.739860 -16134.394703
54.000000 126.657285 7.697046 -40000.000000
55.000000 127.234403 7.312656 -0.000000
56.000000 126.927541 7.291186 -14937.321252
57.000000 126.678712 7.275114 -40000.000000
58.000000 127.280502 6.890339 -0.000000
59.000000 126.966746 6.857672 -14602.395655
60.000000 126.713295 6.831468 -40000.000000
61.000000 127.332113 6.478753 -0.000000
62.000000 127.023095 6.431487 -14772.831976
63.000000 126.771417 6.390183 -40000.000000
64.000000 127.381543 6.090148 -0.000000
65.000000 127.083795 6.011901 -15808.405638
66.000000 126.831444 5.938120 -40000.000000
67.000000 127.494855 5.721647 -0.000000
68.000000 127.239656 5.614019 -16581.094715
69.000000 127.024200 5.522725 -40000.000000
70.000000 127.687718 5.374635 -0.000000
71.000000 127.425152 5.226675 -15087.605955
72.000000 127.210093 5.110111 -40000.000000
73.000000 127.912514 5.028374 -0.000000
74.000000 127.664810 4.865827 -15445.265872
75.000000 127.462565 4.731278 -40000.000000
76.000000 128.154973 4.642098 -0.000000
77.000000 127.917470 4.496334 -16251.588415
78.000000 127.721019 4.373308 -40000.000000
79.000000 128.389201 4.231287 -0.000000
80.000000 128.137996 4.095652 -16116.145063
81.000000 127.925188 3.985555 -40000.000000
82.000000 128.606699 3.833458 -0.000000
83.000000 128.343274 3.697020 -15592.777284
84.000000 128.125114 3.586630 -40000.000000
85.000000 128.812665 3.440699 -0.000000
86.000000 128.547144 3.308387 -15325.655390
87.000000 128.331346 3.200127 -40000.000000
88.000000 129.026545 3.011076 -0.000000
89.000000 128.752318 2.908904 -15554.045521
90.000000 128.527416 2.826528 -40000.000000
91.000000 129.159456 2.537154 -0.000000
92.000000 128.857207 2.476330 -14610.333847
93.000000 128.615850 2.428023 -40000.000000
94.000000 129.215171 2.065715 -0.000000
95.000000 128.921352 2.043163 -15261.545963
96.000000 128.682990 2.024908 -40000.000000
97.000000 129.234122 1.607603 -0.000000
98.000000 128.922301 1.612136 -14378.663589
99.000000 128.672361 1.617465 -40000.000000
100.000000 129.207348 1.184870 -0.000000
101.000000 128.902510 1.200639 -14987.278908
102.000000 128.651937 1.197031 -40000.000000
103.000000 123.966012 14.226729 -40000.000000
104.000000 124.077193 14.534529 -25854.675890
105.000000 124.180868 13.828089 -40000.000000
106.000000 124.183132 14.335369 -26213.225244
107.000000 124.278467 14.131420 -26213.225244
108.000000 124.389648 14.439220 -12067.901134
109.000000 124.397989 13.936728 -26213.225244
110.000000 124.409091 13.438775 -40000.000000
111.000000 124.501307 13.739499 -25994.024188
112.000000 124.511936 14.761701 -5854.675890
113.000000 124.596418 13.548524 -26385.800087
114.000000 124.598906 14.042830 -12207.249432
115.000000 124.617876 14.562541 -6213.225244
116.000000 124.647515 13.068404 -40000.000000
117.000000 124.705119 13.353902 -26385.800087
118.000000 124.733558 14.363562 -6213.225244
119.000000 124.797335 13.654626 -12379.824275
120.000000 124.830892 14.151265 -6213.225244
121.000000 124.834841 13.178154 -26385.800087
122.000000 124.855847 14.686042 -0.000000
123.000000 124.886822 12.714609 -40000.000000
124.000000 124.934210 13.954035 -5994.024188
125.000000 124.938175 12.991233 -26651.797904
126.000000 124.995779 13.276731 -13037.597991
127.000000 125.018663 13.758287 -5994.024188
128.000000 125.034270 12.798913 -27347.818197
129.000000 125.068863 14.274766 -0.000000
130.000000 125.099272 12.353855 -40000.000000
131.000000 125.113773 13.567312 -6385.800087
132.000000 125.143854 12.620866 -27347.818197
133.000000 125.195208 12.897490 -13999.616101
134.000000 125.217108 13.380392 -6651.797904
135.000000 125.246720 12.438158 -27347.818197
136.000000 125.250649 13.866721 -0.000000
137.000000 125.286717 11.991793 -40000.000000
138.000000 125.295852 13.180000 -6651.797904
139.000000 125.366109 12.253885 -27164.681475
140.000000 125.367154 12.988080 -6651.797904
141.000000 125.410691 12.520896 -14512.499672
142.000000 125.413846 13.470582 -0.000000
143.000000 125.421212 11.613996 -40000.000000
144.000000 125.450689 12.074530 -27164.681475
145.000000 125.463248 12.795760 -7347.818197
146.000000 125.516338 11.195982 -40000.000000
147.000000 125.557075 11.872385 -26989.922983
148.000000 125.563892 13.078270 -0.000000
149.000000 125.582637 12.611486 -7164.681475
150.000000 125.593872 11.650125 -27109.079884
151.000000 125.636467 12.134477 -14154.604458
152.000000 125.643787 11.451682 -27109.079884
153.000000 125.660961 11.243610 -26870.003207
154.000000 125.675083 10.776830 -40000.000000
155.000000 125.706173 11.024038 -26870.003207
156.000000 125.712163 12.434521 -7164.681475
157.000000 125.764720 12.709385 -0.000000
158.000000 125.779651 11.710071 -14099.002867
159.000000 125.818550 12.232376 -6989.922983
160.000000 125.819706 10.824457 -26870.003207
161.000000 125.833622 11.279738 -13979.083090
162.000000 125.877220 10.382416 -40000.000000
163.000000 125.906420 10.632196 -27670.678636
164.000000 125.937510 10.879404 -14540.681842
165.000000 125.951574 11.997461 -6989.922983
166.000000 125.979230 11.735201 -6989.922983
167.000000 125.995024 10.437363 -27670.678636
168.000000 126.013885 11.313690 -7109.079884
169.000000 126.016027 11.512940 -7109.079884
170.000000 126.027270 12.297506 -0.000000
171.000000 126.031058 11.105618 -6870.003207
172.000000 126.042789 9.989542 -40000.000000
173.000000 126.089306 10.236210 -28036.415582
174.000000 126.117773 10.913357 -7670.678636
175.000000 126.118506 10.485990 -15707.094218
176.000000 126.166272 10.038169 -28036.415582
177.000000 126.168684 10.745882 -7670.678636
178.000000 126.187950 11.800330 -0.000000
179.000000 126.194974 9.590749 -40000.000000
180.000000 126.213464 11.338820 -0.000000
181.000000 126.243014 9.832537 -27706.489579
182.000000 126.262233 10.972095 -0.000000
183.000000 126.262966 10.544729 -8036.415582
184.000000 126.289531 10.079206 -15742.905161
185.000000 126.318233 9.631786 -27706.489579
186.000000 126.329527 9.182145 -40000.000000
187.000000 126.357088 10.341711 -8036.415582
188.000000 126.383092 9.420600 -27111.418745
189.000000 126.407266 10.601603 -0.000000
190.000000 126.414899 8.756563 -40000.000000
191.000000 126.431133 9.662388 -14817.908324
192.000000 126.433830 10.136080 -7706.489579
193.000000 126.442427 9.212747 -27111.418745
194.000000 126.492099 8.323486 -40000.000000
195.000000 126.501190 8.995331 -26314.946215
196.000000 126.514996 9.917972 -7706.489579
197.000000 126.547712 8.784888 -25877.577638
198.000000 126.554755 9.233786 -13426.364960
199.000000 126.573750 8.567158 -25877.577638
200.000000 126.579855 9.706786 -7111.418745
201.000000 126.582553 10.180478 -0.000000
202.000000 126.600273 7.902593 -40000.000000
203.000000 126.624912 8.351812 -25877.577638
204.000000 126.642496 9.489707 -7111.418745
205.000000 126.660041 8.805927 -12192.523853
206.000000 126.667998 7.486080 -40000.000000
207.000000 126.676370 8.144226 -26941.341853
208.000000 126.696003 7.053291 -40000.000000
209.000000 126.701259 9.272291 -6314.946215
210.000000 126.726359 9.745291 -0.000000
211.000000 126.733382 7.938680 -26941.341853
212.000000 126.742356 6.610826 -40000.000000
213.000000 126.758021 8.387898 -12818.919491
214.000000 126.766812 9.058722 -6314.946215
215.000000 126.781946 7.718453 -28067.197352
216.000000 126.792413 7.494116 -27468.660626
217.000000 126.801430 6.164151 -40000.000000
218.000000 126.803126 7.283150 -27468.660626
219.000000 126.813334 8.848278 -5877.577638
220.000000 126.820418 7.061327 -27468.660626
221.000000 126.840020 6.844570 -27301.197827
222.000000 126.854552 9.314643 -0.000000
223.000000 126.858043 7.960087 -15008.539205
224.000000 126.868195 6.631477 -27386.415988
225.000000 126.881938 8.642740 -5877.577638
226.000000 126.897256 6.410835 -27386.415988
227.000000 126.917073 7.515523 -15535.857978
228.000000 126.926628 8.422780 -5877.577638
229.000000 126.927606 6.201042 -27904.202819
230.000000 126.927822 5.730422 -40000.000000
231.000000 126.947143 7.074429 -14769.858453
232.000000 126.957619 5.975010 -27904.202819
233.000000 126.978086 8.215195 -6941.341853
234.000000 126.988709 8.895534 -0.000000
235.000000 126.994921 6.644579 -14687.613815
236.000000 127.026649 7.994968 -8067.197352
237.000000 127.053445 6.221694 -15290.618807
238.000000 127.053998 5.767313 -27904.202819
239.000000 127.054226 7.756809 -8067.197352
240.000000 127.070505 7.526258 -8067.197352
241.000000 127.080972 7.301921 -7468.660626
242.000000 127.100575 7.085164 -7301.197827
243.000000 127.102003 8.470036 -0.000000
244.000000 127.117146 5.316418 -40000.000000
245.000000 127.123624 6.874005 -7301.197827
246.000000 127.131928 5.568372 -28290.547357
247.000000 127.151799 6.660913 -7386.415988
248.000000 127.161726 5.812960 -16194.750176
249.000000 127.174269 8.011917 -0.000000
250.000000 127.177604 6.455120 -7386.415988
251.000000 127.202319 6.260818 -7386.415988
252.000000 127.218124 7.543207 -0.000000
253.000000 127.224676 5.374700 -27543.802977
254.000000 127.232669 6.051025 -7904.202819
255.000000 127.257453 7.101497 -0.000000
256.000000 127.306307 6.684546 -0.000000
257.000000 127.310600 5.852083 -8290.547357
258.000000 127.317622 5.168393 -27543.802977
259.000000 127.332404 5.420347 -15834.350335
260.000000 127.336329 4.920695 -40000.000000
261.000000 127.356828 6.284451 -0.000000
262.000000 127.367256 5.667833 -8290.547357
263.000000 127.438199 5.905897 -0.000000
264.000000 127.443859 4.978977 -27543.802977
265.000000 127.460004 5.474161 -7543.802977
266.000000 127.544981 5.046251 -15266.435913
267.000000 127.556435 5.300655 -7543.802977
268.000000 127.563688 4.798553 -27722.632936
269.000000 127.591287 5.548141 -0.000000
270.000000 127.591792 4.552293 -40000.000000
271.000000 127.676264 5.120231 -7722.632936
272.000000 127.692915 4.619567 -27722.632936
273.000000 127.788662 4.947100 -7722.632936
274.000000 127.791140 4.681081 -15848.427144
275.000000 127.800116 5.201504 -0.000000
276.000000 127.819244 4.434821 -28125.794208
277.000000 127.823104 4.179431 -40000.000000
278.000000 127.914992 4.762354 -8125.794208
279.000000 127.929507 4.234480 -28058.072532
280.000000 128.025151 3.786092 -40000.000000
281.000000 128.027733 4.295993 -16183.866739
282.000000 128.031592 4.040604 -28058.072532
283.000000 128.033744 4.835236 -0.000000
284.000000 128.036221 4.569216 -8125.794208
285.000000 128.134231 3.841287 -27796.388642
286.000000 128.153335 4.363811 -8125.794208
287.000000 128.228230 3.393379 -40000.000000
288.000000 128.234194 3.641825 -27796.388642
289.000000 128.240635 3.896336 -15854.461174
290.000000 128.263598 4.163470 -8058.072532
291.000000 128.272087 4.436693 -0.000000
292.000000 128.337310 3.448574 -27796.388642
293.000000 128.366238 3.964153 -7796.388642
294.000000 128.429381 3.013327 -40000.000000
295.000000 128.439245 3.254257 -27662.827695
296.000000 128.445209 3.502703 -15459.216337
297.000000 128.474987 3.765239 -7796.388642
298.000000 128.497950 4.032373 -0.000000
299.000000 128.537280 3.067457 -27662.827695
300.000000 128.571633 2.627275 -40000.000000
301.000000 128.576922 3.570922 -7662.827695
302.000000 128.639867 2.867716 -27777.022761
303.000000 128.649420 2.226465 -40000.000000
304.000000 128.649731 3.108646 -15439.850456
305.000000 128.662149 1.407248 -40000.000000
306.000000 128.677675 1.821187 -40000.000000
307.000000 128.679905 3.374543 -7662.827695
308.000000 128.692311 2.651429 -27305.166923
309.000000 128.709682 3.637079 -0.000000
310.000000 128.736529 2.452177 -27305.166923
311.000000 128.770099 2.250619 -27305.166923
312.000000 128.777224 1.198835 -27493.639454
313.000000 128.782492 3.174802 -7777.022761
314.000000 128.787435 1.409052 -27493.639454
315.000000 128.797331 1.614801 -27189.331794
316.000000 128.802171 2.034035 -27630.772981
317.000000 128.802646 1.818522 -27189.331794
318.000000 128.804763 2.692617 -15082.189684
319.000000 128.889280 2.259747 -14935.939905
320.000000 128.889432 2.959990 -7777.022761
321.000000 128.912405 1.406388 -14682.971248
322.000000 128.919605 3.225888 -0.000000
323.000000 128.921827 1.827649 -14820.104776
324.000000 128.955887 2.723029 -7777.022761
325.000000 129.008332 2.506742 -7305.166923
326.000000 129.036189 2.271023 -7305.166923
327.000000 129.054929 1.192755 -7493.639454
328.000000 129.064825 1.398503 -7189.331794
329.000000 129.068262 2.054439 -7630.772981
330.000000 129.077737 1.825383 -7630.772981
331.000000 129.078212 1.609870 -7189.331794
332.000000 129.093000 2.774115 -0.000000
333.000000 129.187313 2.301434 -0.000000
334.000000 129.220735 1.396237 -0.000000
335.000000 129.224646 1.836659 -0.000000
336.000000 123.918345 14.328703 -40000.000000
337.000000 123.973935 14.482603 -32927.337945
338.000000 124.013679 14.124755 -40000.000000
339.000000 124.026905 14.383023 -33106.612622
340.000000 124.074572 14.281049 -33106.612622
341.000000 124.121107 13.925435 -40000.000000
342.000000 124.122239 14.179075 -33106.612622
343.000000 124.130163 14.434949 -26033.950567
344.000000 124.169907 14.077100 -33106.612622
345.000000 124.180450 14.586454 -18782.013835
346.000000 124.229668 13.979754 -33106.612622
347.000000 124.230800 14.233394 -26213.225244
348.000000 124.233420 14.486874 -18961.288512
349.000000 124.240629 13.730743 -40000.000000
350.000000 124.286390 14.387294 -19140.563189
351.000000 124.289428 13.882408 -33106.612622
352.000000 124.336678 14.538800 -11888.626457
353.000000 124.338228 14.034074 -26213.225244
354.000000 124.339360 14.287714 -19319.837867
355.000000 124.349189 13.785062 -33106.612622
356.000000 124.354741 13.536086 -40000.000000
357.000000 124.387027 14.185740 -19319.837867
358.000000 124.397822 14.700040 -8782.013835
359.000000 124.400849 13.686448 -32997.012094
360.000000 124.442617 14.339640 -12247.175812
361.000000 124.446788 14.088394 -19319.837867
362.000000 124.448404 13.590960 -33192.900044
363.000000 124.449648 13.838113 -26103.624716
364.000000 124.450792 14.600460 -8961.288512
365.000000 124.463442 13.341464 -40000.000000
366.000000 124.498447 13.989779 -19210.237338
367.000000 124.502754 13.493649 -33192.900044
368.000000 124.503762 14.500880 -9140.563189
369.000000 124.547247 14.141445 -12316.849961
370.000000 124.548862 13.644011 -26189.912138
371.000000 124.550106 13.891165 -19100.636810
372.000000 124.556732 14.401300 -9319.837867
373.000000 124.557105 13.396338 -33192.900044
374.000000 124.564906 14.662121 -6033.950567
375.000000 124.582654 13.156279 -40000.000000
376.000000 124.601766 13.792550 -18991.036282
377.000000 124.611455 13.299028 -33192.900044
378.000000 124.614573 14.301811 -9319.837867
379.000000 124.626050 14.823361 -2927.337945
380.000000 124.649321 13.697063 -19186.924232
381.000000 124.650565 13.944216 -12097.648904
382.000000 124.650768 13.451213 -26385.800087
383.000000 124.663240 14.195662 -9319.837867
384.000000 124.675717 14.463051 -6213.225244
385.000000 124.676317 13.211153 -33192.900044
386.000000 124.679020 14.723781 -3106.612622
387.000000 124.696876 13.601575 -19382.812181
388.000000 124.712376 12.980530 -40000.000000
389.000000 124.714899 14.097047 -9210.237338
390.000000 124.736861 14.624291 -3106.612622
391.000000 124.741178 13.123279 -33192.900044
392.000000 124.744431 13.506088 -19578.700131
393.000000 124.749779 13.750114 -12183.936326
394.000000 124.766558 13.998433 -9100.636810
395.000000 124.769980 13.266028 -26385.800087
396.000000 124.782225 14.257413 -6213.225244
397.000000 124.794702 14.524802 -3106.612622
398.000000 124.798005 14.785532 -0.000000
399.000000 124.798782 13.408777 -19578.700131
400.000000 124.806039 13.035405 -33192.900044
401.000000 124.818217 13.899818 -8991.036282
402.000000 124.832030 12.803633 -40000.000000
403.000000 124.844890 13.559139 -12575.712225
404.000000 124.852544 14.425313 -3106.612622
405.000000 124.857706 12.941945 -33325.898952
406.000000 124.860444 13.801944 -8991.036282
407.000000 124.863643 13.320903 -19578.700131
408.000000 124.882551 14.052650 -6103.624716
409.000000 124.886508 13.084693 -26518.798996
410.000000 124.901211 14.319164 -3106.612622
411.000000 124.905754 12.845784 -33673.909098
412.000000 124.907999 13.706457 -9186.924232
413.000000 124.913688 14.586553 -0.000000
414.000000 124.915310 13.227442 -19711.699039
415.000000 124.941614 12.625586 -40000.000000
416.000000 124.944112 13.370191 -12904.599083
417.000000 124.949877 14.213016 -3106.612622
418.000000 124.955554 13.610969 -9382.812181
419.000000 124.960546 12.756761 -33673.909098
420.000000 124.966977 13.133982 -19844.697948
421.000000 124.976437 13.856161 -5994.024188
422.000000 124.986223 12.895073 -26999.808051
423.000000 124.998544 14.106867 -3106.612622
424.000000 125.003109 13.515482 -9578.700131
425.000000 125.015338 12.667738 -33673.909098
426.000000 125.018645 13.040522 -19977.696857
427.000000 125.020196 14.380915 -0.000000
428.000000 125.047446 13.183271 -13170.596900
429.000000 125.047839 12.445209 -40000.000000
430.000000 125.050203 14.008252 -2997.012094
431.000000 125.054776 13.422022 -9711.699039
432.000000 125.066218 13.662800 -6189.912138
433.000000 125.066692 12.944362 -20325.707003
434.000000 125.070130 12.578714 -33673.909098
435.000000 125.089062 12.709889 -27347.818197
436.000000 125.092430 13.910378 -2997.012094
437.000000 125.106444 13.328561 -9844.697948
438.000000 125.114739 12.848201 -20673.717149
439.000000 125.117530 14.168618 -0.000000
440.000000 125.121563 12.487360 -33673.909098
441.000000 125.134656 13.812504 -2997.012094
442.000000 125.147161 12.993650 -13651.605955
443.000000 125.150705 12.262501 -40000.000000
444.000000 125.158111 13.235101 -9977.696857
445.000000 125.162786 12.752041 -21021.727295
446.000000 125.165441 13.473852 -6518.798996
447.000000 125.172996 12.396006 -33673.909098
448.000000 125.176882 13.714630 -2997.012094
449.000000 125.195287 12.529512 -27347.818197
450.000000 125.197483 13.134905 -9977.696857
451.000000 125.208423 13.964595 -0.000000
452.000000 125.217578 12.663018 -21021.727295
453.000000 125.224428 12.304653 -33673.909098
454.000000 125.224438 13.619143 -3192.900044
455.000000 125.233134 13.038945 -9977.696857
456.000000 125.243255 12.801330 -14347.626247
457.000000 125.244427 12.081470 -40000.000000
458.000000 125.256480 13.280196 -6651.797904
459.000000 125.269011 12.571664 -21021.727295
460.000000 125.276105 13.525682 -3325.898952
461.000000 125.281181 12.942785 -10325.707003
462.000000 125.284123 12.212516 -33582.340738
463.000000 125.292876 13.768847 -0.000000
464.000000 125.306414 12.346021 -27256.249836
465.000000 125.315477 13.425487 -3325.898952
466.000000 125.326413 12.122839 -33582.340738
467.000000 125.328706 12.479527 -20930.158934
468.000000 125.329007 11.902116 -40000.000000
469.000000 125.329228 12.846625 -10673.717149
470.000000 125.331503 13.084040 -6651.797904
471.000000 125.350997 12.613033 -14604.068033
472.000000 125.354849 13.325291 -3325.898952
473.000000 125.368703 12.033162 -33582.340738
474.000000 125.374474 13.570777 -0.000000
475.000000 125.377275 12.750465 -11021.727295
476.000000 125.388400 12.387390 -20838.590574
477.000000 125.394221 13.225095 -3325.898952
478.000000 125.396254 11.713218 -40000.000000
479.000000 125.408399 12.164207 -27164.681475
480.000000 125.410992 11.943485 -33582.340738
481.000000 125.415201 12.891920 -6999.808051
482.000000 125.429872 13.129135 -3325.898952
483.000000 125.436970 12.658328 -10930.158934
484.000000 125.446169 11.514775 -40000.000000
485.000000 125.448095 12.295253 -20747.022213
486.000000 125.453218 13.370386 -0.000000
487.000000 125.464186 11.842412 -33494.961491
488.000000 125.465523 13.033175 -3325.898952
489.000000 125.470386 12.428759 -14420.931311
490.000000 125.482584 11.731282 -33554.539942
491.000000 125.490385 12.205576 -20747.022213
492.000000 125.493732 11.305768 -40000.000000
493.000000 125.496664 12.566191 -10838.590574
494.000000 125.501174 12.937215 -3325.898952
495.000000 125.503882 11.973458 -27077.302229
496.000000 125.507542 11.632060 -33554.539942
497.000000 125.522943 12.703623 -7256.249836
498.000000 125.528241 13.174230 -0.000000
499.000000 125.532499 11.532839 -33554.539942
500.000000 125.538944 11.086196 -40000.000000
501.000000 125.543578 12.104503 -20659.642967
502.000000 125.549221 12.841055 -3673.909098
503.000000 125.556359 12.474054 -10747.022213
504.000000 125.557457 11.433618 -33554.539942
505.000000 125.566044 11.329582 -33435.001603
506.000000 125.575474 11.761255 -27049.501433
507.000000 125.583274 12.235549 -14241.983704
508.000000 125.588650 11.219796 -33435.001603
509.000000 125.596771 12.003431 -20572.263721
510.000000 125.599543 12.982310 -0.000000
511.000000 125.608915 12.748918 -3582.340738
512.000000 125.611256 11.110010 -33435.001603
513.000000 125.618317 10.876620 -40000.000000
514.000000 125.618830 11.550903 -27109.079884
515.000000 125.621122 12.385572 -10747.022213
516.000000 125.633861 11.000224 -33435.001603
517.000000 125.647400 12.523004 -7164.681475
518.000000 125.649965 11.902358 -20484.884474
519.000000 125.652374 11.347646 -26989.541545
520.000000 125.668363 11.791228 -20544.462925
521.000000 125.673678 12.660436 -3582.340738
522.000000 125.674315 12.284499 -10659.642967
523.000000 125.683567 11.133824 -26870.003207
524.000000 125.686762 11.680098 -20604.041375
525.000000 125.689661 12.033404 -14067.225212
526.000000 125.690628 10.900434 -33435.001603
527.000000 125.699957 12.797867 -0.000000
528.000000 125.705160 11.568968 -20663.619826
529.000000 125.727509 12.183426 -10572.263721
530.000000 125.730118 11.469746 -20663.619826
531.000000 125.731850 10.677039 -40000.000000
532.000000 125.738441 12.571953 -3582.340738
533.000000 125.738705 11.365710 -20544.081487
534.000000 125.747291 11.261674 -20424.543148
535.000000 125.747395 10.800644 -33435.001603
536.000000 125.755878 11.157638 -20305.004810
537.000000 125.761253 11.821201 -14039.424416
538.000000 125.762939 10.924248 -26870.003207
539.000000 125.765357 12.333449 -7077.302229
540.000000 125.778484 11.047852 -20305.004810
541.000000 125.780702 12.082353 -10484.884474
542.000000 125.798050 11.598941 -14158.581317
543.000000 125.803204 12.483471 -3582.340738
544.000000 125.804161 10.700853 -33435.001603
545.000000 125.825035 11.383774 -14098.621429
546.000000 125.829483 12.620903 -0.000000
547.000000 125.832918 10.479833 -40000.000000
548.000000 125.835251 10.948062 -20305.004810
549.000000 125.842209 11.175702 -13859.544752
550.000000 125.847214 11.964896 -10484.884474
551.000000 125.847518 10.604723 -33835.339318
552.000000 125.856398 12.382398 -3494.961491
553.000000 125.861042 11.833766 -10484.884474
554.000000 125.863063 10.728327 -27270.340921
555.000000 125.878608 10.851931 -20705.342524
556.000000 125.879441 11.722636 -10544.462925
557.000000 125.885062 12.114918 -6989.922983
558.000000 125.891820 10.507306 -33835.339318
559.000000 125.894153 10.975535 -14140.344128
560.000000 125.897839 11.611505 -10604.041375
561.000000 125.915167 11.400750 -10663.619826
562.000000 125.916238 11.500375 -10663.619826
563.000000 125.921522 10.285000 -40000.000000
564.000000 125.921965 10.755800 -21105.680239
565.000000 125.922910 12.264941 -3494.961491
566.000000 125.923753 11.296714 -10544.081487
567.000000 125.932340 11.192678 -10424.543148
568.000000 125.936122 10.409890 -33835.339318
569.000000 125.940927 11.088642 -10305.004810
570.000000 125.950722 10.534780 -27670.678636
571.000000 125.960758 12.414963 -0.000000
572.000000 125.965322 10.659670 -21506.017953
573.000000 125.965402 11.866331 -6989.922983
574.000000 125.980424 10.312474 -33835.339318
575.000000 125.980867 10.783274 -14941.019557
576.000000 125.984284 10.992511 -10705.342524
577.000000 125.989422 12.147483 -3494.961491
578.000000 125.997629 11.624070 -7049.501433
579.000000 126.004306 10.088563 -40000.000000
580.000000 126.009624 10.562253 -21506.017953
581.000000 126.014956 11.413315 -7109.079884
582.000000 126.022472 11.209654 -6989.541545
583.000000 126.027565 10.211897 -34018.207791
584.000000 126.027641 10.896381 -11105.680239
585.000000 126.042165 10.336787 -27853.547109
586.000000 126.055934 12.030026 -3494.961491
587.000000 126.056765 10.461677 -21688.886427
588.000000 126.066048 10.112876 -34018.207791
589.000000 126.069762 11.898895 -3494.961491
590.000000 126.070998 10.800250 -11506.017953
591.000000 126.071365 10.586567 -15524.225745
592.000000 126.074416 11.009487 -7270.340921
593.000000 126.081272 9.890521 -40000.000000
594.000000 126.083590 11.767765 -3494.961491
595.000000 126.093782 12.180048 -0.000000
596.000000 126.096454 10.716512 -11506.017953
597.000000 126.097418 11.636635 -3494.961491
598.000000 126.103906 10.361100 -21871.754900
599.000000 126.104531 10.013855 -34018.207791
600.000000 126.112603 11.226630 -3554.539942
601.000000 126.113674 11.326255 -3554.539942
602.000000 126.114746 11.425880 -3554.539942
603.000000 126.115817 11.525505 -3554.539942
604.000000 126.121190 11.122594 -3435.001603
605.000000 126.127789 10.137189 -28036.415582
606.000000 126.143013 9.914834 -34018.207791
607.000000 126.143228 10.829619 -7670.678636
608.000000 126.143595 10.615936 -11688.886427
609.000000 126.151047 10.260524 -22054.623373
610.000000 126.157364 9.691125 -40000.000000
611.000000 126.164547 11.026464 -3835.339318
612.000000 126.165648 10.385413 -15889.962691
613.000000 126.174122 11.931460 -0.000000
614.000000 126.181384 9.812019 -33853.244789
615.000000 126.189530 10.161503 -22054.623373
616.000000 126.190003 10.942726 -3835.339318
617.000000 126.190736 10.515359 -11871.754900
618.000000 126.201778 11.669200 -0.000000
619.000000 126.204643 9.935353 -27871.452580
620.000000 126.212393 11.239195 -0.000000
621.000000 126.214535 11.438445 -0.000000
622.000000 126.215458 10.858989 -3835.339318
623.000000 126.215825 10.645305 -7853.547109
624.000000 126.218994 9.711643 -33853.244789
625.000000 126.227901 10.058687 -21889.660372
626.000000 126.232583 9.490374 -40000.000000
627.000000 126.236777 11.055833 -0.000000
628.000000 126.237878 10.414783 -12054.623373
629.000000 126.240914 10.775251 -3835.339318
630.000000 126.251160 10.182021 -15907.868163
631.000000 126.256603 9.611268 -33853.244789
632.000000 126.266272 9.955872 -21724.697370
633.000000 126.280623 9.732162 -27706.489579
634.000000 126.284938 10.313274 -12054.623373
635.000000 126.287688 10.888358 -0.000000
636.000000 126.288055 10.674674 -4018.207791
637.000000 126.294213 9.510892 -33853.244789
638.000000 126.299860 9.286072 -40000.000000
639.000000 126.304643 9.853056 -21559.734368
640.000000 126.310027 10.443220 -8036.415582
641.000000 126.323309 10.210458 -11889.660372
642.000000 126.326643 9.405299 -33555.709373
643.000000 126.327902 9.976390 -15577.942159
644.000000 126.335116 10.573166 -4018.207791
645.000000 126.342253 9.752681 -21559.734368
646.000000 126.350663 9.526193 -27408.954162
647.000000 126.356310 9.301372 -33555.709373
648.000000 126.359194 9.078219 -40000.000000
649.000000 126.360205 10.703112 -0.000000
650.000000 126.361680 10.107643 -11724.697370
651.000000 126.374683 9.647087 -21262.198951
652.000000 126.382177 10.471657 -4018.207791
653.000000 126.385977 9.197446 -33555.709373
654.000000 126.395459 10.238896 -7871.452580
655.000000 126.398703 9.767981 -15115.443741
656.000000 126.400051 10.004827 -11559.734368
657.000000 126.401880 8.865427 -40000.000000
658.000000 126.407113 9.541494 -20964.663534
659.000000 126.412759 9.316673 -27111.418745
660.000000 126.415644 9.093519 -33555.709373
661.000000 126.427919 8.647698 -40000.000000
662.000000 126.429237 10.370148 -4018.207791
663.000000 126.439542 9.435900 -20667.128118
664.000000 126.440634 9.895774 -11559.734368
665.000000 126.445025 8.984812 -33157.473107
666.000000 126.454326 10.500094 -0.000000
667.000000 126.463562 9.556795 -14520.372907
668.000000 126.466519 8.431160 -40000.000000
669.000000 126.467608 10.267333 -3853.244789
670.000000 126.468286 8.879590 -32938.788819
671.000000 126.469209 9.331974 -20667.128118
672.000000 126.471808 9.104039 -26713.182480
673.000000 126.473064 9.790180 -11262.198951
674.000000 126.474413 10.027026 -7706.489579
675.000000 126.481306 8.770725 -32938.788819
676.000000 126.494325 8.661860 -32938.788819
677.000000 126.498591 9.223266 -20268.891852
678.000000 126.505494 9.684587 -10964.663534
679.000000 126.507344 8.552996 -32938.788819
680.000000 126.508191 10.158279 -3853.244789
681.000000 126.517680 8.215813 -40000.000000
682.000000 126.524451 8.890110 -26096.261926
683.000000 126.525374 9.342493 -13824.601225
684.000000 126.527973 9.114559 -19870.655587
685.000000 126.532925 8.445322 -32938.788819
686.000000 126.537924 9.578993 -10667.128118
687.000000 126.541970 10.289532 -0.000000
688.000000 126.547426 9.812379 -7408.954162
689.000000 126.548774 10.049225 -3853.244789
690.000000 126.557354 9.005851 -19472.419322
691.000000 126.558505 8.337649 -32938.788819
692.000000 126.560731 8.676023 -25877.577638
693.000000 126.569244 9.470454 -10667.128118
694.000000 126.571767 8.005366 -40000.000000
695.000000 126.580615 8.900629 -19253.735034
696.000000 126.584086 8.229976 -32938.788819
697.000000 126.584137 9.125078 -13028.128695
698.000000 126.589357 9.940171 -3853.244789
699.000000 126.598626 9.361746 -10268.891852
700.000000 126.599331 8.459485 -25877.577638
701.000000 126.603876 8.795407 -19035.050746
702.000000 126.609815 8.126183 -33470.670926
703.000000 126.611176 9.598246 -7111.418745
704.000000 126.621787 9.834578 -3555.709373
705.000000 126.623136 10.071424 -0.000000
706.000000 126.627137 8.690186 -18816.366457
707.000000 126.628007 9.253039 -9870.655587
708.000000 126.628779 7.799820 -40000.000000
709.000000 126.636780 8.911149 -12411.208141
710.000000 126.638321 8.023410 -33470.670926
711.000000 126.640156 8.581321 -18816.366457
712.000000 126.650641 8.248019 -26409.459746
713.000000 126.653107 9.726038 -3555.709373
714.000000 126.657389 9.144331 -9472.419322
715.000000 126.662642 7.591563 -40000.000000
716.000000 126.665737 8.473648 -18816.366457
717.000000 126.666828 7.920636 -33470.670926
718.000000 126.671878 9.380999 -6713.182480
719.000000 126.673355 7.380597 -40000.000000
720.000000 126.683302 8.700705 -11973.839565
721.000000 126.684428 9.617499 -3555.709373
722.000000 126.687358 7.164203 -40000.000000
723.000000 126.690165 9.037546 -9472.419322
724.000000 126.691466 8.369855 -19348.248565
725.000000 126.695039 9.853831 -0.000000
726.000000 126.695334 7.817863 -33470.670926
727.000000 126.704649 6.942380 -40000.000000
728.000000 126.704876 8.041453 -26941.341853
729.000000 126.713426 8.932324 -9253.735034
730.000000 126.715748 9.508960 -3555.709373
731.000000 126.717196 8.266062 -19880.130672
732.000000 126.719615 7.707750 -34033.598676
733.000000 126.724849 7.595581 -33734.330313
734.000000 126.727825 6.721147 -40000.000000
735.000000 126.730206 7.490098 -33734.330313
736.000000 126.732292 8.491691 -12287.037384
737.000000 126.734036 9.165507 -6314.946215
738.000000 126.735562 7.384615 -33734.330313
739.000000 126.736687 8.827103 -9035.050746
740.000000 126.740919 7.279132 -33734.330313
741.000000 126.742925 8.162270 -20412.012779
742.000000 126.745130 9.400252 -3157.473107
743.000000 126.749565 7.168221 -33734.330313
744.000000 126.756886 6.500504 -40000.000000
745.000000 126.757664 7.828566 -27504.269602
746.000000 126.757679 9.636752 -0.000000
747.000000 126.758211 7.057309 -33734.330313
748.000000 126.759948 8.721881 -8816.366457
749.000000 126.766857 6.946398 -33734.330313
750.000000 126.771431 8.059496 -20412.012779
751.000000 126.776658 6.838019 -33650.598914
752.000000 126.777906 9.293467 -3157.473107
753.000000 126.783750 8.284106 -13350.801598
754.000000 126.786423 6.277167 -40000.000000
755.000000 126.787179 7.606285 -27767.928989
756.000000 126.790073 8.953500 -6096.261926
757.000000 126.790745 6.731473 -33693.207994
758.000000 126.794250 8.619112 -8816.366457
759.000000 126.795713 7.949383 -20974.940529
760.000000 126.797770 7.388633 -27468.660626
761.000000 126.805276 6.621152 -33693.207994
762.000000 126.810682 9.186682 -3157.473107
763.000000 126.811772 7.172239 -27468.660626
764.000000 126.816437 6.051136 -40000.000000
765.000000 126.816595 8.509132 -8816.366457
766.000000 126.819806 6.510830 -33693.207994
767.000000 126.819994 7.839270 -21537.868278
768.000000 126.821776 9.421428 -0.000000
769.000000 126.830219 6.952948 -27384.929227
770.000000 126.833761 8.070200 -14445.611455
771.000000 126.834336 6.400509 -33693.207994
772.000000 126.842324 8.405339 -9348.248565
773.000000 126.843458 9.079897 -3157.473107
774.000000 126.844276 7.729157 -22100.796028
775.000000 126.847636 8.745509 -5877.577638
776.000000 126.849509 7.616988 -21801.527665
777.000000 126.849511 6.295613 -33952.101409
778.000000 126.854108 6.738024 -27343.806908
779.000000 126.854743 7.504820 -21502.259302
780.000000 126.859977 7.392651 -21202.990939
781.000000 126.864518 6.182597 -33952.101409
782.000000 126.865333 7.287168 -21202.990939
783.000000 126.866719 8.974675 -2938.788819
784.000000 126.868054 8.301547 -9880.130672
785.000000 126.873979 7.176256 -21202.990939
786.000000 126.879525 6.069581 -33952.101409
787.000000 126.879633 5.834271 -40000.000000
788.000000 126.882324 7.849973 -15571.466954
789.000000 126.882726 6.521156 -27386.415988
790.000000 126.883781 7.067878 -21119.259540
791.000000 126.887329 9.207858 -0.000000
792.000000 126.893582 6.959499 -21035.528140
793.000000 126.893783 8.197754 -10412.012779
794.000000 126.894531 5.956565 -33952.101409
795.000000 126.901021 8.871906 -2938.788819
796.000000 126.903383 6.851121 -20951.796741
797.000000 126.904283 8.532760 -5877.577638
798.000000 126.911840 7.627692 -15835.126341
799.000000 126.912431 6.305938 -27645.309403
800.000000 126.917471 6.744575 -20994.405821
801.000000 126.918065 8.087641 -10974.940529
802.000000 126.922307 7.403355 -15236.589615
803.000000 126.931558 6.638028 -21037.014902
804.000000 126.935323 8.769137 -2938.788819
805.000000 126.937342 7.182807 -14853.589853
806.000000 126.942346 7.977528 -11537.868278
807.000000 126.942612 6.088026 -27904.202819
808.000000 126.942721 5.852716 -33952.101409
809.000000 126.945645 6.531482 -21079.623982
810.000000 126.952357 8.318988 -6409.459746
811.000000 126.954407 8.998303 -0.000000
812.000000 126.956945 6.966050 -14686.127054
813.000000 126.960176 6.421161 -21079.623982
814.000000 126.966628 7.867414 -12100.796028
815.000000 126.969625 8.666368 -2938.788819
816.000000 126.975350 6.316264 -21338.517397
817.000000 126.976011 5.626573 -40000.000000
818.000000 126.980416 7.748335 -12100.796028
819.000000 126.980833 6.751125 -14645.004735
820.000000 126.988555 7.633059 -12100.796028
821.000000 126.990525 6.211368 -21597.410813
822.000000 126.990910 5.748867 -33952.101409
823.000000 126.991970 8.556388 -2938.788819
824.000000 126.993789 7.520891 -11801.527665
825.000000 126.999023 7.408722 -11502.259302
826.000000 127.002368 8.105082 -7504.269602
827.000000 127.004256 7.296553 -11202.990939
828.000000 127.005700 6.106471 -21856.304228
829.000000 127.005808 5.871161 -27904.202819
830.000000 127.009008 6.538033 -14730.222896
831.000000 127.014058 7.188175 -11119.259540
832.000000 127.014315 8.446408 -2938.788819
833.000000 127.020707 5.993455 -21856.304228
834.000000 127.023011 8.792765 -0.000000
835.000000 127.023859 7.079796 -11035.528140
836.000000 127.033660 6.971418 -10951.796741
837.000000 127.036660 8.336428 -2938.788819
838.000000 127.038270 6.326590 -15031.725391
839.000000 127.039099 5.645019 -33952.101409
840.000000 127.040438 7.875889 -8067.197352
841.000000 127.045185 6.865839 -10951.796741
842.000000 127.059272 6.759292 -10994.405821
843.000000 127.062365 7.641534 -8067.197352
844.000000 127.062390 8.232636 -3470.670926
845.000000 127.068620 6.116797 -15549.512222
846.000000 127.068896 5.889607 -21856.304228
847.000000 127.070673 5.419571 -40000.000000
848.000000 127.073360 6.652746 -11037.014902
849.000000 127.075738 7.414090 -7767.928989
850.000000 127.078064 5.545548 -34145.273679
851.000000 127.079658 8.580016 -0.000000
852.000000 127.086671 8.122523 -4033.598676
853.000000 127.087447 6.546200 -11079.623982
854.000000 127.090773 7.193542 -7384.929227
855.000000 127.092963 5.667842 -28097.375088
856.000000 127.100350 6.443303 -11079.623982
857.000000 127.100459 8.003443 -4033.598676
858.000000 127.107862 5.790136 -22049.476497
859.000000 127.112099 6.979585 -7301.197827
860.000000 127.112707 6.346152 -11079.623982
861.000000 127.114247 7.884363 -4033.598676
862.000000 127.122760 5.912430 -16001.577907
863.000000 127.124348 8.360056 -0.000000
864.000000 127.124438 5.448712 -33771.901489
865.000000 127.127882 6.241256 -11338.517397
866.000000 127.128036 7.765283 -4033.598676
867.000000 127.136175 7.650008 -4033.598676
868.000000 127.137711 6.767459 -7343.806908
869.000000 127.143057 6.136359 -11597.410813
870.000000 127.144314 7.534732 -4033.598676
871.000000 127.146827 5.690666 -22242.648767
872.000000 127.152454 7.419457 -4033.598676
873.000000 127.157688 7.307288 -3734.330313
874.000000 127.158232 6.031463 -11856.304228
875.000000 127.160481 8.130997 -0.000000
876.000000 127.163620 5.213264 -40000.000000
877.000000 127.164701 6.558016 -7386.415988
878.000000 127.167489 7.198910 -3650.598914
879.000000 127.170911 5.345559 -33771.901489
880.000000 127.178302 5.471536 -27917.175167
881.000000 127.179014 7.093331 -3650.598914
882.000000 127.185792 5.591195 -22435.821036
883.000000 127.188057 7.892837 -0.000000
884.000000 127.189962 6.357969 -7386.415988
885.000000 127.190538 6.987751 -3650.598914
886.000000 127.197197 5.931992 -12049.476497
887.000000 127.200691 5.713489 -16387.922445
888.000000 127.202063 6.882172 -3650.598914
889.000000 127.209985 7.658482 -0.000000
890.000000 127.216150 6.775626 -3693.207994
891.000000 127.217384 5.242405 -33771.901489
892.000000 127.217494 6.155921 -7645.309403
893.000000 127.226264 7.427931 -0.000000
894.000000 127.229053 6.672729 -3693.207994
895.000000 127.232166 5.494359 -22062.448846
896.000000 127.236163 5.832522 -12242.648767
897.000000 127.241956 6.569833 -3693.207994
898.000000 127.245928 7.207077 -0.000000
899.000000 127.254858 6.466937 -3693.207994
900.000000 127.263857 5.139252 -33771.901489
901.000000 127.267216 6.369785 -3693.207994
902.000000 127.268977 6.995918 -0.000000
903.000000 127.271149 5.271546 -27543.802977
904.000000 127.271634 5.951554 -8097.375088
905.000000 127.273211 5.015403 -40000.000000
906.000000 127.275128 5.733051 -12435.821036
907.000000 127.278540 5.397523 -21689.076656
908.000000 127.279573 6.272634 -3693.207994
909.000000 127.286030 5.517183 -16207.722525
910.000000 127.291931 6.175483 -3693.207994
911.000000 127.293405 6.787442 -0.000000
912.000000 127.303456 5.640926 -12435.821036
913.000000 127.307106 6.070586 -3952.101409
914.000000 127.319210 6.581650 -0.000000
915.000000 127.324914 5.300687 -21315.704466
916.000000 127.326976 5.044544 -33771.901489
917.000000 127.338928 5.759958 -8290.547357
918.000000 127.344470 6.381602 -0.000000
919.000000 127.346071 5.971116 -4145.273679
920.000000 127.349830 5.544090 -12062.448846
921.000000 127.369185 6.187300 -0.000000
922.000000 127.371387 5.197534 -21315.704466
923.000000 127.374399 5.878990 -4145.273679
924.000000 127.378778 5.323511 -15460.978145
925.000000 127.380740 5.073685 -27543.802977
926.000000 127.390094 4.949836 -33771.901489
927.000000 127.396204 5.447254 -11689.076656
928.000000 127.399447 4.825986 -40000.000000
929.000000 127.402728 5.786865 -4145.273679
930.000000 127.409871 5.998023 -0.000000
931.000000 127.413630 5.570997 -7917.175167
932.000000 127.431056 5.694740 -4145.273679
933.000000 127.434505 5.102826 -21315.704466
934.000000 127.442578 5.350418 -11315.704466
935.000000 127.453212 4.855127 -33771.901489
936.000000 127.466527 5.813772 -0.000000
937.000000 127.477429 5.597904 -3771.901489
938.000000 127.485066 5.136463 -15177.020934
939.000000 127.490793 5.263665 -11315.704466
940.000000 127.494420 5.012614 -21405.119445
941.000000 127.503773 4.888765 -27633.217957
942.000000 127.508219 5.387408 -7543.802977
943.000000 127.513127 4.764915 -33861.316468
944.000000 127.525645 5.511151 -3771.901489
945.000000 127.527179 4.641786 -40000.000000
946.000000 127.543071 5.634894 -0.000000
947.000000 127.550708 5.173453 -11405.119445
948.000000 127.554334 4.922402 -21494.534425
949.000000 127.573861 5.424398 -3771.901489
950.000000 127.577740 4.675423 -33861.316468
951.000000 127.604896 4.956039 -15355.850893
952.000000 127.610622 5.083241 -11494.534425
953.000000 127.614249 4.832190 -21583.949404
954.000000 127.616349 5.210443 -7633.217957
955.000000 127.622076 5.337645 -3771.901489
956.000000 127.628301 4.709060 -27722.632936
957.000000 127.639502 5.461388 -0.000000
958.000000 127.642354 4.585930 -33861.316468
959.000000 127.656406 4.462800 -40000.000000
960.000000 127.670537 4.993029 -11583.949404
961.000000 127.678862 4.742697 -21583.949404
962.000000 127.681991 5.247433 -3861.316468
963.000000 127.706967 4.496437 -33861.316468
964.000000 127.726736 4.906463 -11583.949404
965.000000 127.727975 4.773454 -15646.846508
966.000000 127.732463 5.033665 -7722.632936
967.000000 127.738190 5.160867 -3861.316468
968.000000 127.742027 4.650324 -21785.530040
969.000000 127.743917 5.288069 -0.000000
970.000000 127.756080 4.527194 -27924.213572
971.000000 127.770132 4.404064 -34062.897104
972.000000 127.772061 4.276370 -40000.000000
973.000000 127.789901 4.814090 -11785.530040
974.000000 127.794389 5.074302 -3861.316468
975.000000 127.805192 4.557951 -21987.110676
976.000000 127.825263 4.303894 -34029.036266
977.000000 127.850588 4.987737 -3861.316468
978.000000 127.851827 4.854727 -7924.213572
979.000000 127.853066 4.721717 -11987.110676
980.000000 127.854305 4.588708 -16050.007780
981.000000 127.856315 5.114939 -0.000000
982.000000 127.868357 4.465578 -22188.691312
983.000000 127.874146 4.082493 -40000.000000
984.000000 127.874376 4.334651 -28091.933370
985.000000 127.876306 4.206956 -34029.036266
986.000000 127.913753 4.895364 -4062.897104
987.000000 127.916231 4.629344 -12188.691312
988.000000 127.923488 4.365407 -22154.830474
989.000000 127.927348 4.110018 -34029.036266
990.000000 127.972601 4.396164 -16217.727577
991.000000 127.973129 4.931805 -0.000000
992.000000 127.974368 4.798795 -4062.897104
993.000000 127.975170 3.885824 -40000.000000
994.000000 127.975607 4.665785 -8125.794208
995.000000 127.976845 4.532775 -12188.691312
996.000000 127.978390 4.013079 -34029.036266
997.000000 127.978620 4.265237 -22120.969636
998.000000 127.980550 4.137542 -28058.072532
999.000000 128.029710 3.913421 -33898.194321
1000.000000 128.033752 4.165066 -22087.108797
1001.000000 128.034982 4.702226 -4062.897104
1002.000000 128.035402 4.430073 -12188.691312
1003.000000 128.075133 3.686361 -40000.000000
1004.000000 128.079691 3.813690 -33898.194321
1005.000000 128.082864 4.195823 -16150.005901
1006.000000 128.082911 3.940946 -27927.230587
1007.000000 128.084794 4.068128 -22087.108797
1008.000000 128.090534 4.329902 -12154.830474
1009.000000 128.094358 4.738667 -0.000000
1010.000000 128.094778 4.466514 -8125.794208
1011.000000 128.095597 4.605657 -4062.897104
1012.000000 128.129673 3.713959 -33898.194321
1013.000000 128.136113 3.968470 -21956.266853
1014.000000 128.145665 4.229732 -12120.969636
1015.000000 128.154154 4.502954 -4062.897104
1016.000000 128.176672 3.490004 -40000.000000
1017.000000 128.179654 3.614227 -33898.194321
1018.000000 128.184213 3.741556 -27796.388642
1019.000000 128.187433 3.868812 -21825.424908
1020.000000 128.189315 3.995994 -15985.303119
1021.000000 128.200797 4.129561 -12087.108797
1022.000000 128.208467 4.263640 -8091.933370
1023.000000 128.212711 4.400252 -4062.897104
1024.000000 128.213530 4.539395 -0.000000
1025.000000 128.231212 3.517602 -33898.194321
1026.000000 128.238753 3.769154 -21694.582963
1027.000000 128.252117 4.029903 -11956.266853
1028.000000 128.271268 4.297549 -4062.897104
1029.000000 128.279788 3.296753 -40000.000000
1030.000000 128.282770 3.420976 -33898.194321
1031.000000 128.285752 3.545199 -27796.388642
1032.000000 128.288734 3.669422 -21694.582963
1033.000000 128.291955 3.796678 -15723.619229
1034.000000 128.303436 3.930245 -11825.424908
1035.000000 128.314918 4.063812 -7927.230587
1036.000000 128.326400 4.197378 -4029.036266
1037.000000 128.330644 4.333990 -0.000000
1038.000000 128.334328 3.324351 -33898.194321
1039.000000 128.340292 3.572797 -21694.582963
1040.000000 128.354756 3.830587 -11694.582963
1041.000000 128.377719 4.097720 -3898.194321
1042.000000 128.380364 3.106727 -40000.000000
1043.000000 128.385296 3.227192 -33831.413848
1044.000000 128.388278 3.351415 -27729.608169
1045.000000 128.391260 3.475638 -21627.802490
1046.000000 128.394242 3.599861 -15525.996811
1047.000000 128.409131 3.731129 -11694.582963
1048.000000 128.420612 3.864696 -7796.388642
1049.000000 128.432094 3.998263 -3898.194321
1050.000000 128.434313 3.133792 -33831.413848
1051.000000 128.442227 3.378480 -21561.022016
1052.000000 128.443575 4.131830 -0.000000
1053.000000 128.460098 3.633971 -11627.802490
1054.000000 128.478398 2.919927 -40000.000000
1055.000000 128.483330 3.040392 -33831.413848
1056.000000 128.486468 3.898806 -3898.194321
1057.000000 128.488263 3.160857 -27662.827695
1058.000000 128.493195 3.281322 -21494.241543
1059.000000 128.496177 3.405545 -15392.435864
1060.000000 128.511065 3.536813 -11561.022016
1061.000000 128.525954 3.668081 -7729.608169
1062.000000 128.532348 2.946992 -33831.413848
1063.000000 128.540843 3.799348 -3898.194321
1064.000000 128.542212 3.187922 -21494.241543
1065.000000 128.549524 2.726901 -40000.000000
1066.000000 128.552325 3.932915 -0.000000
1067.000000 128.562033 3.439654 -11494.241543
1068.000000 128.583641 2.847122 -33888.511380
1069.000000 128.588573 2.967587 -27719.925228
1070.000000 128.591811 3.702190 -3831.413848
1071.000000 128.593506 3.088051 -21551.339075
1072.000000 128.593742 2.527649 -40000.000000
1073.000000 128.598438 3.208516 -15382.752923
1074.000000 128.609864 2.738978 -33652.583462
1075.000000 128.613524 3.341465 -11494.241543
1076.000000 128.628413 3.472733 -7662.827695
1077.000000 128.631972 2.639352 -33652.583462
1078.000000 128.632635 2.327244 -40000.000000
1079.000000 128.643302 3.604000 -3831.413848
1080.000000 128.644799 2.988181 -21608.436608
1081.000000 128.654081 2.539726 -33652.583462
1082.000000 128.657043 1.302140 -40000.000000
1083.000000 128.658191 3.735268 -0.000000
1084.000000 128.664818 3.241594 -11551.339075
1085.000000 128.666089 2.759572 -27541.094842
1086.000000 128.666205 2.125687 -40000.000000
1087.000000 128.667255 1.512357 -40000.000000
1088.000000 128.675018 1.719326 -40000.000000
1089.000000 128.676189 2.440100 -33652.583462
1090.000000 128.680333 1.923047 -40000.000000
1091.000000 128.692974 2.339321 -33652.583462
1092.000000 128.694793 3.505811 -3831.413848
1093.000000 128.696093 2.888310 -21665.534141
1094.000000 128.701025 3.008775 -15496.947989
1095.000000 128.709759 2.238542 -33652.583462
1096.000000 128.714420 2.551803 -27305.166923
1097.000000 128.714580 1.197933 -33746.819727
1098.000000 128.716112 3.141724 -11608.436608
1099.000000 128.719686 1.303042 -33746.819727
1100.000000 128.722315 2.780167 -21429.606222
1101.000000 128.724792 1.408150 -33746.819727
1102.000000 128.726544 2.137764 -33652.583462
1103.000000 128.729898 1.513259 -33746.819727
1104.000000 128.731198 3.274672 -7719.925228
1105.000000 128.734846 1.616133 -33594.665897
1106.000000 128.737503 1.717994 -33594.665897
1107.000000 128.740160 1.819854 -33594.665897
1108.000000 128.742581 2.029472 -33815.386491
1109.000000 128.742818 1.921715 -33594.665897
1110.000000 128.746285 3.407621 -3831.413848
1111.000000 128.748537 2.672023 -21193.678304
1112.000000 128.753314 2.351398 -27305.166923
1113.000000 128.761174 3.538889 -0.000000
1114.000000 128.767405 3.041853 -11665.534141
1115.000000 128.774759 2.563880 -20957.750385
1116.000000 128.778541 2.800761 -15318.117603
1117.000000 128.782329 1.303944 -27493.639454
1118.000000 128.786135 2.142327 -27467.969952
1119.000000 128.792383 1.511926 -27341.485624
1120.000000 128.796868 2.464253 -20957.750385
1121.000000 128.797578 3.307751 -3888.511380
1122.000000 128.799988 1.716661 -27189.331794
1123.000000 128.802408 1.926279 -27410.052388
1124.000000 128.813653 2.363475 -20957.750385
1125.000000 128.820875 2.934447 -11665.534141
1126.000000 128.829689 2.255183 -21120.553414
1127.000000 128.830985 2.584474 -14846.261766
1128.000000 128.835962 3.067396 -7777.022761
1129.000000 128.839867 1.199737 -21240.459181
1130.000000 128.844973 1.304846 -21240.459181
1131.000000 128.845725 2.146891 -21283.356443
1132.000000 128.849920 1.407720 -21088.305351
1133.000000 128.851048 3.200345 -3888.511380
1134.000000 128.854103 2.815967 -11665.534141
1135.000000 128.854868 1.510594 -20936.151521
1136.000000 128.859816 1.613468 -20783.997692
1137.000000 128.861762 2.038599 -21446.159472
1138.000000 128.861999 1.930842 -21225.438879
1139.000000 128.862236 1.823086 -21004.718285
1140.000000 128.862473 1.715329 -20783.997692
1141.000000 128.866135 3.333293 -0.000000
1142.000000 128.873243 2.368038 -14773.136876
1143.000000 128.880325 2.707823 -11429.606222
1144.000000 128.904518 3.092939 -3888.511380
1145.000000 128.905316 2.151455 -15098.742934
1146.000000 128.906547 2.599680 -11193.678304
1147.000000 128.907458 1.303513 -14835.125078
1148.000000 128.917353 1.509262 -14530.817419
1149.000000 128.921590 1.935406 -15040.825369
1150.000000 128.922064 1.719893 -14599.384182
1151.000000 128.922659 2.841510 -7777.022761
1152.000000 128.932769 2.491536 -10957.750385
1153.000000 128.946698 2.373677 -10957.750385
1154.000000 128.957988 2.985533 -3888.511380
1155.000000 128.962734 2.265385 -11120.553414
1156.000000 128.973075 3.118482 -0.000000
1157.000000 128.978719 1.196697 -11240.459181
1158.000000 128.978771 2.157093 -11283.356443
1159.000000 128.982109 2.614886 -7541.094842
1160.000000 128.983667 1.299571 -11088.305351
1161.000000 128.988615 1.402445 -10936.151521
1162.000000 128.991216 2.867053 -3888.511380
1163.000000 128.993563 1.505320 -10783.997692
1164.000000 128.994807 2.048801 -11446.159472
1165.000000 128.999545 1.934273 -11446.159472
1166.000000 128.999782 1.826516 -11225.438879
1167.000000 129.000019 1.718760 -11004.718285
1168.000000 129.000256 1.611003 -10783.997692
1169.000000 129.022260 2.388882 -7305.166923
1170.000000 129.024444 2.748572 -3888.511380
1171.000000 129.052225 2.162731 -7467.969952
1172.000000 129.057672 2.630091 -3888.511380
1173.000000 129.059772 2.892595 -0.000000
1174.000000 129.059877 1.295629 -7341.485624
1175.000000 129.071518 1.504186 -7189.331794
1176.000000 129.072999 1.939911 -7630.772981
1177.000000 129.077974 1.717626 -7410.052388
1178.000000 129.083894 2.521948 -3652.583462
1179.000000 129.097823 2.404088 -3652.583462
1180.000000 129.111751 2.286229 -3652.583462
1181.000000 129.125680 2.168369 -3652.583462
1182.000000 129.126228 2.655634 -0.000000
1183.000000 129.131139 1.188813 -3746.819727
1184.000000 129.136086 1.291687 -3594.665897
1185.000000 129.141716 2.060077 -3815.386491
1186.000000 129.142780 1.397370 -3594.665897
1187.000000 129.146454 1.945549 -3815.386491
1188.000000 129.149473 1.503053 -3594.665897
1189.000000 129.151192 1.831021 -3815.386491
1190.000000 129.155930 1.716493 -3815.386491
1191.000000 129.156167 1.608737 -3594.665897
1192.000000 129.173385 2.419294 -0.000000
1193.000000 129.201242 2.183575 -0.000000
1194.000000 129.214042 1.290554 -0.000000
1195.000000 129.219909 1.951187 -0.000000
1196.000000 129.227429 1.501920 -0.000000
1197.000000 129.229384 1.722131 -0.000000
