1 36 823 836
2 85 393 387
3 26 920 922
4 15 1029 1038
5 70 528 523
6 83 402 396
7 55 657 648
8 86 369 375
9 47 724 718
10 82 408 419
11 39 815 801
12 92 316 320
13 76 431 435
14 84 359 372
15 63 583 578
16 58 626 634
17 71 494 503
18 66 566 561
19 86 360 369
20 41 807 793
21 54 665 660
22 31 895 893
23 16 1023 1032
24 27 933 932
25 11 1076 1086
26 13 1040 1042
27 22 977 975
28 21 983 981
29 49 734 729
30 43 776 763
31 30 901 900
32 25 943 934
33 87 341 354
34 91 319 326
35 83 378 391
36 90 327 333
37 82 419 414
38 77 472 468
39 73 510 506
40 69 544 535
41 75 451 465
42 74 486 490
43 65 573 567
44 61 609 605
45 58 625 621
46 84 381 376
47 71 489 494
48 78 452 437
49 78 448 452
50 82 389 394
51 88 328 338
52 83 374 378
53 78 429 432
54 79 410 415
55 67 527 532
56 76 435 444
57 68 511 520
58 72 473 482
59 63 577 583
60 66 562 566
61 76 444 450
62 72 482 488
63 68 520 526
64 67 546 540
65 67 541 546
66 64 559 565
67 60 600 604
68 55 642 647
69 54 674 665
70 43 779 776
71 49 719 716
72 42 778 769
73 52 668 677
74 56 630 639
75 61 618 609
76 53 691 682
77 53 682 678
78 57 653 644
79 50 703 698
80 46 740 736
81 35 854 853
82 35 847 854
83 20 986 995
84 22 959 969
85 15 1028 1029
86 23 963 971
87 35 853 841
88 32 879 887
89 28 919 927
90 24 957 965
91 20 995 1002
92 8 1097 1106
93 7 1103 1114
94 8 1106 1112
95 4 1133 1142
96 8 1094 1097
97 16 1032 1039
98 14 1053 1052
99 11 1066 1067
100 11 1072 1066
101 7 1114 1124
102 10 1073 1074
103 7 1124 1123
104 6 1111 1122
105 27 924 933
106 27 914 915
107 26 939 937
108 21 981 972
109 6 1122 1132
110 6 1132 1130
111 44 764 760
112 38 828 816
113 52 677 681
114 48 715 721
115 42 791 778
116 39 818 815
117 38 831 828
118 34 864 861
119 34 857 864
120 45 766 757
121 50 712 703
122 43 763 756
123 49 729 719
124 42 769 773
125 41 793 789
126 38 822 831
127 38 810 822
128 10 1085 1093
129 26 922 931
130 30 884 894
131 10 1074 1085
132 14 1034 1046
133 40 805 800
134 81 418 412
135 30 894 901
136 18 1015 1014
137 66 552 547
138 78 437 429
139 52 662 668
140 85 387 377
141 48 706 715
142 81 434 418
143 35 832 834
144 91 324 317
145 80 407 413
146 88 346 342
147 59 610 603
148 61 622 618
149 74 490 485
150 62 587 584
151 89 352 349
152 37 819 825
153 55 647 656
154 27 921 914
155 19 1009 1007
156 23 960 952
157 10 1092 1082
158 18 1008 1017
159 18 1005 996
160 17 1011 1003
161 45 757 752
162 39 792 796
163 26 928 920
164 22 958 959
165 91 326 324
166 90 333 322
167 87 362 358
168 89 349 337
169 77 459 449
170 73 497 491
171 69 535 529
172 66 547 553
173 79 438 433
174 73 506 497
175 66 553 562
176 62 591 597
177 59 608 617
178 79 417 410
179 75 465 470
180 74 466 471
181 77 468 459
182 87 354 362
183 92 320 318
184 88 338 346
185 83 391 402
186 84 372 381
187 71 503 508
188 79 433 426
189 71 508 502
190 75 470 464
191 62 596 587
192 65 582 573
193 75 464 455
194 71 502 493
195 67 540 531
196 63 568 564
197 66 561 552
198 63 578 568
199 59 619 610
200 59 617 623
201 51 680 685
202 38 816 806
203 50 702 711
204 43 756 770
205 55 661 657
206 59 623 619
207 58 621 626
208 50 698 702
209 54 664 673
210 54 660 664
211 51 685 694
212 47 723 732
213 31 882 874
214 34 861 852
215 23 971 970
216 25 945 943
217 19 1001 1009
218 22 975 966
219 32 865 868
220 31 893 882
221 27 932 921
222 23 970 960
223 19 1007 998
224 11 1084 1083
225 11 1086 1084
226 7 1121 1110
227 7 1123 1121
228 12 1068 1075
229 15 1045 1035
230 10 1082 1073
231 15 1038 1047
232 12 1060 1068
233 6 1130 1119
234 14 1046 1053
235 2 1155 1147
236 10 1093 1092
237 26 937 928
238 31 885 895
239 22 966 958
240 18 996 997
241 5 1139 1127
242 1 1157 1152
243 39 801 792
244 34 843 845
245 51 695 686
246 47 733 724
247 38 806 810
248 34 852 843
249 33 863 855
250 30 890 883
251 33 872 863
252 42 773 777
253 47 718 723
254 44 745 755
255 46 736 739
256 47 732 742
257 42 777 786
258 37 842 830
259 42 795 791
260 9 1101 1089
261 29 908 906
262 33 875 872
263 13 1061 1059
264 18 1017 1015
265 224 814 826
266 116 406 397
267 250 903 913
268 279 1024 1031
269 152 542 533
270 120 424 411
271 185 658 652
272 108 384 379
273 200 709 714
274 119 430 423
275 227 820 811
276 93 323 321
277 121 416 425
278 102 356 364
279 166 599 589
280 174 627 631
281 139 495 499
282 162 579 571
283 103 357 363
284 225 812 803
285 184 651 655
286 248 912 902
287 277 1016 1025
288 258 951 941
289 294 1090 1088
290 281 1018 1030
291 270 994 985
292 272 1000 991
293 206 747 738
294 217 782 772
295 250 918 909
296 261 950 942
297 97 335 344
298 94 331 329
299 107 373 382
300 98 343 336
301 125 443 428
302 137 487 478
303 147 525 516
304 155 543 538
305 126 447 456
306 140 500 496
307 160 557 563
308 169 595 601
309 173 612 615
310 115 404 390
311 136 475 484
312 132 457 446
313 130 462 458
314 109 366 380
315 95 325 332
316 105 350 365
317 120 405 420
318 115 386 401
319 146 513 522
320 123 436 441
321 143 512 517
322 133 474 479
323 163 593 588
324 160 576 572
325 128 460 454
326 138 498 492
327 148 536 530
328 156 558 549
329 154 556 551
330 158 574 569
331 170 614 611
332 177 628 637
333 189 675 670
334 219 802 790
335 198 707 710
336 214 761 765
337 185 667 671
338 175 629 633
339 174 616 613
340 193 692 688
341 188 669 672
342 183 654 650
343 194 689 693
344 204 727 731
345 238 873 862
346 233 860 856
347 267 979 987
348 261 953 961
349 278 1010 1019
350 264 974 973
351 237 859 850
352 242 892 889
353 253 930 929
354 263 968 967
355 273 1006 1004
356 297 1091 1099
357 298 1095 1105
358 302 1118 1115
359 307 1129 1137
360 295 1078 1087
361 283 1044 1041
362 290 1071 1063
363 288 1048 1057
364 292 1062 1064
365 304 1128 1126
366 290 1055 1065
367 309 1146 1135
368 300 1104 1113
369 254 936 935
370 248 896 905
371 260 956 947
372 271 988 980
373 306 1136 1134
374 311 1151 1141
375 215 788 774
376 230 833 824
377 190 690 687
378 200 728 725
379 221 797 787
380 229 840 827
381 232 851 839
382 240 880 871
383 236 869 867
384 213 767 762
385 199 713 708
386 210 749 753
387 203 730 726
388 209 746 759
389 218 781 785
390 228 838 835
391 221 804 813
392 296 1098 1096
393 251 916 923
394 241 881 886
395 291 1069 1077
396 280 1027 1036
397 226 832 829
398 119 408 403
399 245 897 904
400 280 1034 1033
401 154 541 537
402 124 427 421
403 182 643 649
404 113 398 388
405 195 695 705
406 127 453 440
407 226 805 808
408 97 341 330
409 118 417 422
410 105 374 368
411 170 600 594
412 176 640 635
413 142 509 504
414 163 577 575
415 106 371 367
416 222 795 798
417 179 636 646
418 253 919 911
419 278 1028 1026
420 263 957 949
421 300 1111 1100
422 275 1011 1020
423 274 1001 993
424 275 1008 999
425 208 748 744
426 215 764 768
427 254 924 917
428 260 939 940
429 99 351 347
430 101 353 340
431 109 389 385
432 103 360 348
433 130 448 439
434 140 486 481
435 150 524 519
436 152 528 534
437 129 466 461
438 145 515 505
439 155 544 554
440 165 582 592
441 168 596 606
442 118 407 399
443 134 476 480
444 129 438 442
445 135 477 467
446 104 361 370
447 96 339 334
448 100 345 355
449 114 400 409
450 110 383 392
451 144 514 518
452 126 451 445
453 146 527 521
454 136 489 483
455 168 608 598
456 165 591 581
457 133 473 463
458 143 511 501
459 153 550 539
460 158 559 555
461 159 570 560
462 164 590 580
463 175 630 620
464 173 625 632
465 187 661 666
466 223 809 799
467 193 691 701
468 207 737 751
469 187 680 676
470 177 642 638
471 171 602 607
472 191 679 683
473 183 653 663
474 181 641 645
475 189 674 684
476 199 712 722
477 242 879 870
478 239 877 866
479 268 990 989
480 262 964 962
481 274 1005 1012
482 269 992 982
483 235 844 848
484 247 910 899
485 257 948 938
486 267 986 976
487 277 1023 1013
488 298 1103 1102
489 299 1109 1107
490 307 1133 1125
491 308 1143 1140
492 292 1072 1080
493 287 1060 1051
494 294 1076 1070
495 284 1043 1050
496 287 1045 1054
497 310 1148 1138
498 285 1049 1056
499 314 1153 1144
500 301 1117 1116
501 259 954 944
502 244 890 898
503 264 963 955
504 270 977 978
505 312 1154 1145
506 315 1156 1149
507 220 794 784
508 229 818 821
509 195 706 696
510 205 745 735
511 219 779 783
512 233 847 837
513 236 857 849
514 244 885 878
515 241 884 876
516 211 754 758
517 197 699 704
518 205 733 743
519 201 717 720
520 204 740 750
521 213 766 775
522 234 858 846
523 222 819 817
524 303 1120 1108
525 252 926 925
526 243 891 888
527 293 1081 1079
528 281 1040 1037
529 224 826 823
530 116 397 393
531 250 913 920
532 279 1031 1029
533 152 533 528
534 120 411 402
535 185 652 657
536 108 379 369
537 200 714 724
538 119 423 408
539 227 811 815
540 93 321 316
541 121 425 431
542 102 364 359
543 166 589 583
544 174 631 626
545 139 499 494
546 162 571 566
547 103 363 360
548 225 803 807
549 184 655 665
550 248 902 895
551 277 1025 1023
552 258 941 933
553 294 1088 1076
554 281 1030 1040
555 270 985 977
556 272 991 983
557 206 738 734
558 217 772 776
559 250 909 901
560 261 942 943
561 97 344 341
562 94 329 319
563 107 382 378
564 98 336 327
565 125 428 419
566 137 478 472
567 147 516 510
568 155 538 544
569 126 456 451
570 140 496 486
571 160 563 573
572 169 601 609
573 173 615 625
574 115 390 381
575 136 484 489
576 132 446 452
577 130 458 448
578 109 380 389
579 95 332 328
580 105 365 374
581 120 420 429
582 115 401 410
583 146 522 527
584 123 441 435
585 143 517 511
586 133 479 473
587 163 588 577
588 160 572 562
589 128 454 444
590 138 492 482
591 148 530 520
592 156 549 546
593 154 551 541
594 158 569 559
595 170 611 600
596 177 637 642
597 189 670 674
598 219 790 779
599 198 710 719
600 214 765 778
601 185 671 668
602 175 633 630
603 174 613 618
604 193 688 691
605 188 672 682
606 183 650 653
607 194 693 703
608 204 731 740
609 238 862 854
610 233 856 847
611 267 987 986
612 261 961 959
613 278 1019 1028
614 264 973 963
615 237 850 853
616 242 889 879
617 253 929 919
618 263 967 957
619 273 1004 995
620 297 1099 1097
621 298 1105 1103
622 302 1115 1106
623 307 1137 1133
624 295 1087 1094
625 283 1041 1032
626 290 1063 1053
627 288 1057 1066
628 292 1064 1072
629 304 1126 1114
630 290 1065 1073
631 309 1135 1124
632 300 1113 1111
633 254 935 924
634 248 905 914
635 260 947 939
636 271 980 981
637 306 1134 1122
638 311 1141 1132
639 215 774 764
640 230 824 828
641 190 687 677
642 200 725 715
643 221 787 791
644 229 827 818
645 232 839 831
646 240 871 864
647 236 867 857
648 213 762 766
649 199 708 712
650 210 753 763
651 203 726 729
652 209 759 769
653 218 785 793
654 228 835 822
655 221 813 810
656 296 1096 1085
657 251 923 922
658 241 886 884
659 291 1077 1074
660 280 1036 1034
661 226 814 805
662 119 406 418
663 245 903 894
664 280 1024 1015
665 154 542 552
666 124 424 437
667 182 658 662
668 113 384 387
669 195 709 706
670 127 430 434
671 226 820 832
672 97 323 324
673 118 416 407
674 105 356 346
675 170 599 610
676 176 627 622
677 142 495 490
678 163 579 587
679 106 357 352
680 222 812 819
681 179 651 647
682 253 912 921
683 278 1016 1009
684 263 951 960
685 300 1090 1092
686 275 1018 1008
687 274 994 1005
688 275 1000 1011
689 208 747 757
690 215 782 792
691 254 918 928
692 260 950 958
693 99 335 326
694 101 331 333
695 109 373 362
696 103 343 349
697 130 443 459
698 140 487 497
699 150 525 535
700 152 543 547
701 129 447 438
702 145 500 506
703 155 557 553
704 165 595 591
705 168 612 608
706 118 404 417
707 134 475 465
708 129 457 466
709 135 462 468
710 104 366 354
711 96 325 320
712 100 350 338
713 114 405 391
714 110 386 372
715 144 513 503
716 126 436 433
717 146 512 508
718 136 474 470
719 168 593 596
720 165 576 582
721 133 460 464
722 143 498 502
723 153 536 540
724 158 558 568
725 159 556 561
726 164 574 578
727 175 614 619
728 173 628 617
729 187 675 680
730 223 802 816
731 193 707 702
732 207 761 756
733 187 667 661
734 177 629 623
735 171 616 621
736 191 692 698
737 183 669 664
738 181 654 660
739 189 689 685
740 199 727 723
741 242 873 882
742 239 860 861
743 268 979 971
744 262 953 945
745 274 1010 1001
746 269 974 975
747 235 859 865
748 247 892 893
749 257 930 932
750 267 968 970
751 277 1006 1007
752 298 1091 1084
753 299 1095 1086
754 307 1118 1121
755 308 1129 1123
756 292 1078 1068
757 287 1044 1045
758 294 1071 1082
759 284 1048 1038
760 287 1062 1060
761 310 1128 1130
762 285 1055 1046
763 314 1146 1155
764 301 1104 1093
765 259 936 937
766 244 896 885
767 264 956 966
768 270 988 996
769 312 1136 1139
770 315 1151 1157
771 220 788 801
772 229 833 843
773 195 690 695
774 205 728 733
775 219 797 806
776 233 840 852
777 236 851 863
778 244 880 890
779 241 869 872
780 211 767 773
781 197 713 718
782 205 749 745
783 201 730 736
784 204 746 732
785 213 781 777
786 234 838 842
787 222 804 795
788 303 1098 1101
789 252 916 908
790 243 881 875
791 293 1069 1061
792 281 1027 1017
793 226 829 814
794 119 403 406
795 245 904 903
796 280 1033 1024
797 154 537 542
798 124 421 424
799 182 649 658
800 113 388 384
801 195 705 709
802 127 440 430
803 226 808 820
804 97 330 323
805 118 422 416
806 105 368 356
807 170 594 599
808 176 635 627
809 142 504 495
810 163 575 579
811 106 367 357
812 222 798 812
813 179 646 651
814 253 911 912
815 278 1026 1016
816 263 949 951
817 300 1100 1090
818 275 1020 1018
819 274 993 994
820 275 999 1000
821 208 744 747
822 215 768 782
823 254 917 918
824 260 940 950
825 99 347 335
826 101 340 331
827 109 385 373
828 103 348 343
829 130 439 443
830 140 481 487
831 150 519 525
832 152 534 543
833 129 461 447
834 145 505 500
835 155 554 557
836 165 592 595
837 168 606 612
838 118 399 404
839 134 480 475
840 129 442 457
841 135 467 462
842 104 370 366
843 96 334 325
844 100 355 350
845 114 409 405
846 110 392 386
847 144 518 513
848 126 445 436
849 146 521 512
850 136 483 474
851 168 598 593
852 165 581 576
853 133 463 460
854 143 501 498
855 153 539 536
856 158 555 558
857 159 560 556
858 164 580 574
859 175 620 614
860 173 632 628
861 187 666 675
862 223 799 802
863 193 701 707
864 207 751 761
865 187 676 667
866 177 638 629
867 171 607 616
868 191 683 692
869 183 663 669
870 181 645 654
871 189 684 689
872 199 722 727
873 242 870 873
874 239 866 860
875 268 989 979
876 262 962 953
877 274 1012 1010
878 269 982 974
879 235 848 859
880 247 899 892
881 257 938 930
882 267 976 968
883 277 1013 1006
884 298 1102 1091
885 299 1107 1095
886 307 1125 1118
887 308 1140 1129
888 292 1080 1078
889 287 1051 1044
890 294 1070 1071
891 284 1050 1048
892 287 1054 1062
893 310 1138 1128
894 285 1056 1055
895 314 1144 1146
896 301 1116 1104
897 259 944 936
898 244 898 896
899 264 955 956
900 270 978 988
901 312 1145 1136
902 315 1149 1151
903 220 784 788
904 229 821 833
905 195 696 690
906 205 735 728
907 219 783 797
908 233 837 840
909 236 849 851
910 244 878 880
911 241 876 869
912 211 758 767
913 197 704 713
914 205 743 749
915 201 720 730
916 204 750 746
917 213 775 781
918 234 846 838
919 222 817 804
920 303 1108 1098
921 252 925 916
922 243 888 881
923 293 1079 1069
924 281 1037 1027
925 35 841 832
926 82 398 408
927 29 906 897
928 14 1043 1034
929 67 532 541
930 79 415 427
931 56 639 643
932 82 394 398
933 51 699 695
934 77 449 453
935 40 794 805
936 87 339 341
937 79 426 417
938 83 383 374
939 60 590 600
940 57 644 640
941 70 514 509
942 63 570 577
943 85 377 371
944 42 786 795
945 58 641 636
946 28 910 919
947 15 1035 1028
948 24 948 957
949 6 1109 1111
950 17 1022 1011
951 19 992 1001
952 18 997 1008
953 46 739 748
954 44 755 764
955 27 915 924
956 26 931 939
957 86 361 351
958 86 351 353
959 82 400 389
960 86 353 360
961 78 432 448
962 74 477 486
963 70 515 524
964 70 524 528
965 74 476 466
966 70 509 515
967 69 548 544
968 65 586 582
969 62 602 596
970 80 395 407
971 74 485 476
972 79 427 438
973 74 471 477
974 86 375 361
975 87 345 339
976 87 358 345
977 82 414 400
978 83 396 383
979 70 523 514
980 75 455 451
981 67 531 527
982 71 493 489
983 59 603 608
984 62 584 591
985 72 469 473
986 68 507 511
987 64 545 550
988 64 550 559
989 63 564 570
990 60 585 590
991 56 624 630
992 58 636 625
993 55 656 661
994 39 796 809
995 53 697 691
996 47 742 737
997 51 686 680
998 55 648 642
999 62 597 602
1000 54 673 679
1001 57 659 653
1002 58 634 641
1003 54 679 674
1004 50 717 712
1005 32 868 879
1006 31 874 877
1007 19 998 990
1008 21 972 964
1009 18 1014 1005
1010 19 990 992
1011 36 836 844
1012 28 907 910
1013 24 946 948
1014 20 984 986
1015 16 1021 1023
1016 7 1110 1103
1017 6 1119 1109
1018 4 1131 1133
1019 3 1150 1143
1020 11 1083 1072
1021 12 1058 1060
1022 11 1067 1076
1023 14 1052 1043
1024 15 1047 1045
1025 2 1147 1148
1026 13 1059 1049
1027 3 1143 1153
1028 5 1127 1117
1029 23 952 954
1030 30 900 890
1031 23 954 963
1032 22 969 977
1033 1 1152 1154
1034 2 1148 1156
1035 40 780 794
1036 39 809 818
1037 48 700 706
1038 44 741 745
1039 43 770 779
1040 35 834 847
1041 34 845 857
1042 31 877 885
1043 30 883 884
1044 46 748 754
1045 51 694 699
1046 47 737 733
1047 50 711 717
1048 46 754 740
1049 45 771 766
1050 33 855 858
1051 37 830 819
1052 5 1117 1120
1053 25 934 926
1054 29 897 891
1055 9 1089 1081
1056 13 1049 1040
1057 823 826 836
1058 393 397 387
1059 920 913 922
1060 1029 1031 1038
1061 528 533 523
1062 402 411 396
1063 657 652 648
1064 369 379 375
1065 724 714 718
1066 408 423 419
1067 815 811 801
1068 316 321 320
1069 431 425 435
1070 359 364 372
1071 583 589 578
1072 626 631 634
1073 494 499 503
1074 566 571 561
1075 360 363 369
1076 807 803 793
1077 665 655 660
1078 895 902 893
1079 1023 1025 1032
1080 933 941 932
1081 1076 1088 1086
1082 1040 1030 1042
1083 977 985 975
1084 983 991 981
1085 734 738 729
1086 776 772 763
1087 901 909 900
1088 943 942 934
1089 341 344 354
1090 319 329 326
1091 378 382 391
1092 327 336 333
1093 419 428 414
1094 472 478 468
1095 510 516 506
1096 544 538 535
1097 451 456 465
1098 486 496 490
1099 573 563 567
1100 609 601 605
1101 625 615 621
1102 381 390 376
1103 489 484 494
1104 452 446 437
1105 448 458 452
1106 389 380 394
1107 328 332 338
1108 374 365 378
1109 429 420 432
1110 410 401 415
1111 527 522 532
1112 435 441 444
1113 511 517 520
1114 473 479 482
1115 577 588 583
1116 562 572 566
1117 444 454 450
1118 482 492 488
1119 520 530 526
1120 546 549 540
1121 541 551 546
1122 559 569 565
1123 600 611 604
1124 642 637 647
1125 674 670 665
1126 779 790 776
1127 719 710 716
1128 778 765 769
1129 668 671 677
1130 630 633 639
1131 618 613 609
1132 691 688 682
1133 682 672 678
1134 653 650 644
1135 703 693 698
1136 740 731 736
1137 854 862 853
1138 847 856 854
1139 986 987 995
1140 959 961 969
1141 1028 1019 1029
1142 963 973 971
1143 853 850 841
1144 879 889 887
1145 919 929 927
1146 957 967 965
1147 995 1004 1002
1148 1097 1099 1106
1149 1103 1105 1114
1150 1106 1115 1112
1151 1133 1137 1142
1152 1094 1087 1097
1153 1032 1041 1039
1154 1053 1063 1052
1155 1066 1057 1067
1156 1072 1064 1066
1157 1114 1126 1124
1158 1073 1065 1074
1159 1124 1135 1123
1160 1111 1113 1122
1161 924 935 933
1162 914 905 915
1163 939 947 937
1164 981 980 972
1165 1122 1134 1132
1166 1132 1141 1130
1167 764 774 760
1168 828 824 816
1169 677 687 681
1170 715 725 721
1171 791 787 778
1172 818 827 815
1173 831 839 828
1174 864 871 861
1175 857 867 864
1176 766 762 757
1177 712 708 703
1178 763 753 756
1179 729 726 719
1180 769 759 773
1181 793 785 789
1182 822 835 831
1183 810 813 822
1184 1085 1096 1093
1185 922 923 931
1186 884 886 894
1187 1074 1077 1085
1188 1034 1036 1046
1189 805 814 800
1190 418 406 412
1191 894 903 901
1192 1015 1024 1014
1193 552 542 547
1194 437 424 429
1195 662 658 668
1196 387 384 377
1197 706 709 715
1198 434 430 418
1199 832 820 834
1200 324 323 317
1201 407 416 413
1202 346 356 342
1203 610 599 603
1204 622 627 618
1205 490 495 485
1206 587 579 584
1207 352 357 349
1208 819 812 825
1209 647 651 656
1210 921 912 914
1211 1009 1016 1007
1212 960 951 952
1213 1092 1090 1082
1214 1008 1018 1017
1215 1005 994 996
1216 1011 1000 1003
1217 757 747 752
1218 792 782 796
1219 928 918 920
1220 958 950 959
1221 326 335 324
1222 333 331 322
1223 362 373 358
1224 349 343 337
1225 459 443 449
1226 497 487 491
1227 535 525 529
1228 547 543 553
1229 438 447 433
1230 506 500 497
1231 553 557 562
1232 591 595 597
1233 608 612 617
1234 417 404 410
1235 465 475 470
1236 466 457 471
1237 468 462 459
1238 354 366 362
1239 320 325 318
1240 338 350 346
1241 391 405 402
1242 372 386 381
1243 503 513 508
1244 433 436 426
1245 508 512 502
1246 470 474 464
1247 596 593 587
1248 582 576 573
1249 464 460 455
1250 502 498 493
1251 540 536 531
1252 568 558 564
1253 561 556 552
1254 578 574 568
1255 619 614 610
1256 617 628 623
1257 680 675 685
1258 816 802 806
1259 702 707 711
1260 756 761 770
1261 661 667 657
1262 623 629 619
1263 621 616 626
1264 698 692 702
1265 664 669 673
1266 660 654 664
1267 685 689 694
1268 723 727 732
1269 882 873 874
1270 861 860 852
1271 971 979 970
1272 945 953 943
1273 1001 1010 1009
1274 975 974 966
1275 865 859 868
1276 893 892 882
1277 932 930 921
1278 970 968 960
1279 1007 1006 998
1280 1084 1091 1083
1281 1086 1095 1084
1282 1121 1118 1110
1283 1123 1129 1121
1284 1068 1078 1075
1285 1045 1044 1035
1286 1082 1071 1073
1287 1038 1048 1047
1288 1060 1062 1068
1289 1130 1128 1119
1290 1046 1055 1053
1291 1155 1146 1147
1292 1093 1104 1092
1293 937 936 928
1294 885 896 895
1295 966 956 958
1296 996 988 997
1297 1139 1136 1127
1298 1157 1151 1152
1299 801 788 792
1300 843 833 845
1301 695 690 686
1302 733 728 724
1303 806 797 810
1304 852 840 843
1305 863 851 855
1306 890 880 883
1307 872 869 863
1308 773 767 777
1309 718 713 723
1310 745 749 755
1311 736 730 739
1312 732 746 742
1313 777 781 786
1314 842 838 830
1315 795 804 791
1316 1101 1098 1089
1317 908 916 906
1318 875 881 872
1319 1061 1069 1059
1320 1017 1027 1015
1321 814 829 826
1322 406 403 397
1323 903 904 913
1324 1024 1033 1031
1325 542 537 533
1326 424 421 411
1327 658 649 652
1328 384 388 379
1329 709 705 714
1330 430 440 423
1331 820 808 811
1332 323 330 321
1333 416 422 425
1334 356 368 364
1335 599 594 589
1336 627 635 631
1337 495 504 499
1338 579 575 571
1339 357 367 363
1340 812 798 803
1341 651 646 655
1342 912 911 902
1343 1016 1026 1025
1344 951 949 941
1345 1090 1100 1088
1346 1018 1020 1030
1347 994 993 985
1348 1000 999 991
1349 747 744 738
1350 782 768 772
1351 918 917 909
1352 950 940 942
1353 335 347 344
1354 331 340 329
1355 373 385 382
1356 343 348 336
1357 443 439 428
1358 487 481 478
1359 525 519 516
1360 543 534 538
1361 447 461 456
1362 500 505 496
1363 557 554 563
1364 595 592 601
1365 612 606 615
1366 404 399 390
1367 475 480 484
1368 457 442 446
1369 462 467 458
1370 366 370 380
1371 325 334 332
1372 350 355 365
1373 405 409 420
1374 386 392 401
1375 513 518 522
1376 436 445 441
1377 512 521 517
1378 474 483 479
1379 593 598 588
1380 576 581 572
1381 460 463 454
1382 498 501 492
1383 536 539 530
1384 558 555 549
1385 556 560 551
1386 574 580 569
1387 614 620 611
1388 628 632 637
1389 675 666 670
1390 802 799 790
1391 707 701 710
1392 761 751 765
1393 667 676 671
1394 629 638 633
1395 616 607 613
1396 692 683 688
1397 669 663 672
1398 654 645 650
1399 689 684 693
1400 727 722 731
1401 873 870 862
1402 860 866 856
1403 979 989 987
1404 953 962 961
1405 1010 1012 1019
1406 974 982 973
1407 859 848 850
1408 892 899 889
1409 930 938 929
1410 968 976 967
1411 1006 1013 1004
1412 1091 1102 1099
1413 1095 1107 1105
1414 1118 1125 1115
1415 1129 1140 1137
1416 1078 1080 1087
1417 1044 1051 1041
1418 1071 1070 1063
1419 1048 1050 1057
1420 1062 1054 1064
1421 1128 1138 1126
1422 1055 1056 1065
1423 1146 1144 1135
1424 1104 1116 1113
1425 936 944 935
1426 896 898 905
1427 956 955 947
1428 988 978 980
1429 1136 1145 1134
1430 1151 1149 1141
1431 788 784 774
1432 833 821 824
1433 690 696 687
1434 728 735 725
1435 797 783 787
1436 840 837 827
1437 851 849 839
1438 880 878 871
1439 869 876 867
1440 767 758 762
1441 713 704 708
1442 749 743 753
1443 730 720 726
1444 746 750 759
1445 781 775 785
1446 838 846 835
1447 804 817 813
1448 1098 1108 1096
1449 916 925 923
1450 881 888 886
1451 1069 1079 1077
1452 1027 1037 1036
1453 832 841 829
1454 408 398 403
1455 897 906 904
1456 1034 1043 1033
1457 541 532 537
1458 427 415 421
1459 643 639 649
1460 398 394 388
1461 695 699 705
1462 453 449 440
1463 805 794 808
1464 341 339 330
1465 417 426 422
1466 374 383 368
1467 600 590 594
1468 640 644 635
1469 509 514 504
1470 577 570 575
1471 371 377 367
1472 795 786 798
1473 636 641 646
1474 919 910 911
1475 1028 1035 1026
1476 957 948 949
1477 1111 1109 1100
1478 1011 1022 1020
1479 1001 992 993
1480 1008 997 999
1481 748 739 744
1482 764 755 768
1483 924 915 917
1484 939 931 940
1485 351 361 347
1486 353 351 340
1487 389 400 385
1488 360 353 348
1489 448 432 439
1490 486 477 481
1491 524 515 519
1492 528 524 534
1493 466 476 461
1494 515 509 505
1495 544 548 554
1496 582 586 592
1497 596 602 606
1498 407 395 399
1499 476 485 480
1500 438 427 442
1501 477 471 467
1502 361 375 370
1503 339 345 334
1504 345 358 355
1505 400 414 409
1506 383 396 392
1507 514 523 518
1508 451 455 445
1509 527 531 521
1510 489 493 483
1511 608 603 598
1512 591 584 581
1513 473 469 463
1514 511 507 501
1515 550 545 539
1516 559 550 555
1517 570 564 560
1518 590 585 580
1519 630 624 620
1520 625 636 632
1521 661 656 666
1522 809 796 799
1523 691 697 701
1524 737 742 751
1525 680 686 676
1526 642 648 638
1527 602 597 607
1528 679 673 683
1529 653 659 663
1530 641 634 645
1531 674 679 684
1532 712 717 722
1533 879 868 870
1534 877 874 866
1535 990 998 989
1536 964 972 962
1537 1005 1014 1012
1538 992 990 982
1539 844 836 848
1540 910 907 899
1541 948 946 938
1542 986 984 976
1543 1023 1021 1013
1544 1103 1110 1102
1545 1109 1119 1107
1546 1133 1131 1125
1547 1143 1150 1140
1548 1072 1083 1080
1549 1060 1058 1051
1550 1076 1067 1070
1551 1043 1052 1050
1552 1045 1047 1054
1553 1148 1147 1138
1554 1049 1059 1056
1555 1153 1143 1144
1556 1117 1127 1116
1557 954 952 944
1558 890 900 898
1559 963 954 955
1560 977 969 978
1561 1154 1152 1145
1562 1156 1148 1149
1563 794 780 784
1564 818 809 821
1565 706 700 696
1566 745 741 735
1567 779 770 783
1568 847 834 837
1569 857 845 849
1570 885 877 878
1571 884 883 876
1572 754 748 758
1573 699 694 704
1574 733 737 743
1575 717 711 720
1576 740 754 750
1577 766 771 775
1578 858 855 846
1579 819 830 817
1580 1120 1117 1108
1581 926 934 925
1582 891 897 888
1583 1081 1089 1079
1584 1040 1049 1037
1585 826 231 836
1586 397 113 387
1587 913 251 922
1588 1031 284 1038
1589 533 149 523
1590 411 117 396
1591 652 180 648
1592 379 111 375
1593 714 197 718
1594 423 125 419
1595 811 220 801
1596 321 96 320
1597 425 123 435
1598 364 110 372
1599 589 164 578
1600 631 178 634
1601 499 144 503
1602 571 159 561
1603 363 108 369
1604 803 218 793
1605 655 181 660
1606 902 247 893
1607 1025 283 1032
1608 941 257 932
1609 1088 299 1086
1610 1030 282 1042
1611 985 269 975
1612 991 271 981
1613 738 203 729
1614 772 210 763
1615 909 249 900
1616 942 255 934
1617 344 104 354
1618 329 99 326
1619 382 114 391
1620 336 101 333
1621 428 122 414
1622 478 135 468
1623 516 145 506
1624 538 150 535
1625 456 134 465
1626 496 142 490
1627 563 157 567
1628 601 167 605
1629 615 171 621
1630 390 112 376
1631 484 139 494
1632 446 124 437
1633 458 132 452
1634 380 111 394
1635 332 100 338
1636 365 107 378
1637 420 122 432
1638 401 117 415
1639 522 149 532
1640 441 128 444
1641 517 148 520
1642 479 138 482
1643 588 166 583
1644 572 162 566
1645 454 131 450
1646 492 141 488
1647 530 151 526
1648 549 153 540
1649 551 156 546
1650 569 161 565
1651 611 172 604
1652 637 179 647
1653 670 184 665
1654 790 217 776
1655 710 196 716
1656 765 209 769
1657 671 190 677
1658 633 180 639
1659 613 169 609
1660 688 188 682
1661 672 186 678
1662 650 178 644
1663 693 191 698
1664 731 201 736
1665 862 237 853
1666 856 238 854
1667 987 273 995
1668 961 265 969
1669 1019 279 1029
1670 973 268 971
1671 850 231 841
1672 889 246 887
1673 929 256 927
1674 967 266 965
1675 1004 276 1002
1676 1099 302 1106
1677 1105 304 1114
1678 1115 305 1112
1679 1137 313 1142
1680 1087 297 1097
1681 1041 286 1039
1682 1063 289 1052
1683 1057 289 1067
1684 1064 288 1066
1685 1126 309 1124
1686 1065 291 1074
1687 1135 308 1123
1688 1113 306 1122
1689 935 258 933
1690 905 249 915
1691 947 259 937
1692 980 265 972
1693 1134 311 1132
1694 1141 310 1130
1695 774 212 760
1696 824 223 816
1697 687 192 681
1698 725 202 721
1699 787 214 778
1700 827 227 815
1701 839 230 828
1702 871 239 861
1703 867 240 864
1704 762 208 757
1705 708 194 703
1706 753 207 756
1707 726 198 719
1708 759 211 773
1709 785 216 789
1710 835 232 831
1711 813 228 822
1712 1096 301 1093
1713 923 255 931
1714 886 245 894
1715 1077 296 1085
1716 1036 285 1046
1717 814 224 800
1718 406 116 412
1719 903 250 901
1720 1024 279 1014
1721 542 152 547
1722 424 120 429
1723 658 185 668
1724 384 108 377
1725 709 200 715
1726 430 119 418
1727 820 227 834
1728 323 93 317
1729 416 121 413
1730 356 102 342
1731 599 166 603
1732 627 174 618
1733 495 139 485
1734 579 162 584
1735 357 103 349
1736 812 225 825
1737 651 184 656
1738 912 248 914
1739 1016 277 1007
1740 951 258 952
1741 1090 294 1082
1742 1018 281 1017
1743 994 270 996
1744 1000 272 1003
1745 747 206 752
1746 782 217 796
1747 918 250 920
1748 950 261 959
1749 335 97 324
1750 331 94 322
1751 373 107 358
1752 343 98 337
1753 443 125 449
1754 487 137 491
1755 525 147 529
1756 543 155 553
1757 447 126 433
1758 500 140 497
1759 557 160 562
1760 595 169 597
1761 612 173 617
1762 404 115 410
1763 475 136 470
1764 457 132 471
1765 462 130 459
1766 366 109 362
1767 325 95 318
1768 350 105 346
1769 405 120 402
1770 386 115 381
1771 513 146 508
1772 436 123 426
1773 512 143 502
1774 474 133 464
1775 593 163 587
1776 576 160 573
1777 460 128 455
1778 498 138 493
1779 536 148 531
1780 558 156 564
1781 556 154 552
1782 574 158 568
1783 614 170 610
1784 628 177 623
1785 675 189 685
1786 802 219 806
1787 707 198 711
1788 761 214 770
1789 667 185 657
1790 629 175 619
1791 616 174 626
1792 692 193 702
1793 669 188 673
1794 654 183 664
1795 689 194 694
1796 727 204 732
1797 873 238 874
1798 860 233 852
1799 979 267 970
1800 953 261 943
1801 1010 278 1009
1802 974 264 966
1803 859 237 868
1804 892 242 882
1805 930 253 921
1806 968 263 960
1807 1006 273 998
1808 1091 297 1083
1809 1095 298 1084
1810 1118 302 1110
1811 1129 307 1121
1812 1078 295 1075
1813 1044 283 1035
1814 1071 290 1073
1815 1048 288 1047
1816 1062 292 1068
1817 1128 304 1119
1818 1055 290 1053
1819 1146 309 1147
1820 1104 300 1092
1821 936 254 928
1822 896 248 895
1823 956 260 958
1824 988 271 997
1825 1136 306 1127
1826 1151 311 1152
1827 788 215 792
1828 833 230 845
1829 690 190 686
1830 728 200 724
1831 797 221 810
1832 840 229 843
1833 851 232 855
1834 880 240 883
1835 869 236 863
1836 767 213 777
1837 713 199 723
1838 749 210 755
1839 730 203 739
1840 746 209 742
1841 781 218 786
1842 838 228 830
1843 804 221 791
1844 1098 296 1089
1845 916 251 906
1846 881 241 872
1847 1069 291 1059
1848 1027 280 1015
1849 829 231 826
1850 403 113 397
1851 904 251 913
1852 1033 284 1031
1853 537 149 533
1854 421 117 411
1855 649 180 652
1856 388 111 379
1857 705 197 714
1858 440 125 423
1859 808 220 811
1860 330 96 321
1861 422 123 425
1862 368 110 364
1863 594 164 589
1864 635 178 631
1865 504 144 499
1866 575 159 571
1867 367 108 363
1868 798 218 803
1869 646 181 655
1870 911 247 902
1871 1026 283 1025
1872 949 257 941
1873 1100 299 1088
1874 1020 282 1030
1875 993 269 985
1876 999 271 991
1877 744 203 738
1878 768 210 772
1879 917 249 909
1880 940 255 942
1881 347 104 344
1882 340 99 329
1883 385 114 382
1884 348 101 336
1885 439 122 428
1886 481 135 478
1887 519 145 516
1888 534 150 538
1889 461 134 456
1890 505 142 496
1891 554 157 563
1892 592 167 601
1893 606 171 615
1894 399 112 390
1895 480 139 484
1896 442 124 446
1897 467 132 458
1898 370 111 380
1899 334 100 332
1900 355 107 365
1901 409 122 420
1902 392 117 401
1903 518 149 522
1904 445 128 441
1905 521 148 517
1906 483 138 479
1907 598 166 588
1908 581 162 572
1909 463 131 454
1910 501 141 492
1911 539 151 530
1912 555 153 549
1913 560 156 551
1914 580 161 569
1915 620 172 611
1916 632 179 637
1917 666 184 670
1918 799 217 790
1919 701 196 710
1920 751 209 765
1921 676 190 671
1922 638 180 633
1923 607 169 613
1924 683 188 688
1925 663 186 672
1926 645 178 650
1927 684 191 693
1928 722 201 731
1929 870 237 862
1930 866 238 856
1931 989 273 987
1932 962 265 961
1933 1012 279 1019
1934 982 268 973
1935 848 231 850
1936 899 246 889
1937 938 256 929
1938 976 266 967
1939 1013 276 1004
1940 1102 302 1099
1941 1107 304 1105
1942 1125 305 1115
1943 1140 313 1137
1944 1080 297 1087
1945 1051 286 1041
1946 1070 289 1063
1947 1050 289 1057
1948 1054 288 1064
1949 1138 309 1126
1950 1056 291 1065
1951 1144 308 1135
1952 1116 306 1113
1953 944 258 935
1954 898 249 905
1955 955 259 947
1956 978 265 980
1957 1145 311 1134
1958 1149 310 1141
1959 784 212 774
1960 821 223 824
1961 696 192 687
1962 735 202 725
1963 783 214 787
1964 837 227 827
1965 849 230 839
1966 878 239 871
1967 876 240 867
1968 758 208 762
1969 704 194 708
1970 743 207 753
1971 720 198 726
1972 750 211 759
1973 775 216 785
1974 846 232 835
1975 817 228 813
1976 1108 301 1096
1977 925 255 923
1978 888 245 886
1979 1079 296 1077
1980 1037 285 1036
1981 841 231 829
1982 398 113 403
1983 906 251 904
1984 1043 284 1033
1985 532 149 537
1986 415 117 421
1987 639 180 649
1988 394 111 388
1989 699 197 705
1990 449 125 440
1991 794 220 808
1992 339 96 330
1993 426 123 422
1994 383 110 368
1995 590 164 594
1996 644 178 635
1997 514 144 504
1998 570 159 575
1999 377 108 367
2000 786 218 798
2001 641 181 646
2002 910 247 911
2003 1035 283 1026
2004 948 257 949
2005 1109 299 1100
2006 1022 282 1020
2007 992 269 993
2008 997 271 999
2009 739 203 744
2010 755 210 768
2011 915 249 917
2012 931 255 940
2013 361 104 347
2014 351 99 340
2015 400 114 385
2016 353 101 348
2017 432 122 439
2018 477 135 481
2019 515 145 519
2020 524 150 534
2021 476 134 461
2022 509 142 505
2023 548 157 554
2024 586 167 592
2025 602 171 606
2026 395 112 399
2027 485 139 480
2028 427 124 442
2029 471 132 467
2030 375 111 370
2031 345 100 334
2032 358 107 355
2033 414 122 409
2034 396 117 392
2035 523 149 518
2036 455 128 445
2037 531 148 521
2038 493 138 483
2039 603 166 598
2040 584 162 581
2041 469 131 463
2042 507 141 501
2043 545 151 539
2044 550 153 555
2045 564 156 560
2046 585 161 580
2047 624 172 620
2048 636 179 632
2049 656 184 666
2050 796 217 799
2051 697 196 701
2052 742 209 751
2053 686 190 676
2054 648 180 638
2055 597 169 607
2056 673 188 683
2057 659 186 663
2058 634 178 645
2059 679 191 684
2060 717 201 722
2061 868 237 870
2062 874 238 866
2063 998 273 989
2064 972 265 962
2065 1014 279 1012
2066 990 268 982
2067 836 231 848
2068 907 246 899
2069 946 256 938
2070 984 266 976
2071 1021 276 1013
2072 1110 302 1102
2073 1119 304 1107
2074 1131 305 1125
2075 1150 313 1140
2076 1083 297 1080
2077 1058 286 1051
2078 1067 289 1070
2079 1052 289 1050
2080 1047 288 1054
2081 1147 309 1138
2082 1059 291 1056
2083 1143 308 1144
2084 1127 306 1116
2085 952 258 944
2086 900 249 898
2087 954 259 955
2088 969 265 978
2089 1152 311 1145
2090 1148 310 1149
2091 780 212 784
2092 809 223 821
2093 700 192 696
2094 741 202 735
2095 770 214 783
2096 834 227 837
2097 845 230 849
2098 877 239 878
2099 883 240 876
2100 748 208 758
2101 694 194 704
2102 737 207 743
2103 711 198 720
2104 754 211 750
2105 771 216 775
2106 855 232 846
2107 830 228 817
2108 1117 301 1108
2109 934 255 925
2110 897 245 888
2111 1089 296 1079
2112 1049 285 1037
