1.000000 130.800494 -8.569210 -1.000000
2.000000 130.713442 -8.146506 -8457.048495
3.000000 130.673822 -7.717750 -16321.779278
4.000000 130.498516 -7.318350 -25000.000000
5.000000 130.364309 -8.677686 -1.000000
6.000000 130.273478 -8.253299 -8574.773401
7.000000 130.176975 -7.828206 -16613.249029
8.000000 130.075975 -7.404040 -25000.000000
9.000000 129.916761 -8.787524 -1.000000
10.000000 129.826884 -8.356236 -8586.711333
11.000000 129.734390 -7.924250 -16722.056517
12.000000 129.643280 -7.491790 -25000.000000
13.000000 129.461112 -8.872144 -1.000000
14.000000 129.377117 -8.437151 -8747.053572
15.000000 129.291199 -8.001032 -16901.264614
16.000000 129.212053 -7.563150 -25000.000000
17.000000 129.007600 -8.956368 -1.000000
18.000000 128.933969 -8.514848 -8799.479664
19.000000 128.858778 -8.072080 -17003.313031
20.000000 128.786881 -7.627963 -25000.000000
21.000000 128.555225 -9.023325 -1.000000
22.000000 128.491728 -8.579837 -8776.150754
23.000000 128.417162 -8.136534 -17003.450602
24.000000 128.352780 -7.690910 -25000.000000
25.000000 128.108517 -9.067719 -1.000000
26.000000 128.042886 -8.625667 -8822.221585
27.000000 127.962821 -8.183936 -16960.178689
28.000000 127.902005 -7.738805 -25000.000000
29.000000 127.680322 -9.110272 -1.000000
30.000000 127.596603 -8.671777 -9015.850938
31.000000 127.505951 -8.231853 -16980.656194
32.000000 127.429252 -7.789035 -25000.000000
33.000000 127.294838 -9.178397 -1.000000
34.000000 127.167220 -8.750611 -9412.782807
35.000000 127.042167 -8.318703 -17139.845436
36.000000 126.921773 -7.885301 -25000.000000
37.000000 126.922449 -9.335303 -1.000000
38.000000 126.757593 -8.911391 -9029.419139
39.000000 126.605572 -8.480297 -17051.546567
40.000000 126.444583 -8.051840 -25000.000000
41.000000 126.523787 -9.503278 -1.000000
42.000000 126.347123 -9.081952 -8996.121304
43.000000 126.180375 -8.654895 -17255.146210
44.000000 126.005561 -8.229720 -25000.000000
45.000000 126.123208 -9.672062 -1.000000
46.000000 125.939857 -9.252618 -8972.513057
47.000000 125.755752 -8.831756 -17233.598319
48.000000 125.575150 -8.408149 -25000.000000
49.000000 125.721937 -9.847186 -1.000000
50.000000 125.529820 -9.428591 -9035.179165
51.000000 125.336939 -9.008563 -17351.364955
52.000000 125.150434 -8.584251 -25000.000000
53.000000 125.319435 -10.032386 -1.000000
54.000000 125.120466 -9.610654 -9115.008689
55.000000 124.920771 -9.187461 -17502.976230
56.000000 124.724989 -8.760655 -25000.000000
57.000000 124.914317 -10.218790 -1.000000
58.000000 124.713130 -9.798721 -9115.843375
59.000000 124.511897 -9.376948 -17554.958939
60.000000 124.307796 -8.954514 -25000.000000
61.000000 124.513038 -10.403428 -1.000000
62.000000 124.303011 -9.990578 -9107.756605
63.000000 124.101132 -9.571978 -17461.944028
64.000000 123.898220 -9.152102 -25000.000000
65.000000 124.116300 -10.601104 -1.000000
66.000000 123.906735 -10.186166 -9196.350377
67.000000 123.693972 -9.770363 -17340.088413
68.000000 123.486470 -9.350740 -25000.000000
69.000000 123.715266 -10.801621 -1.000000
70.000000 123.506120 -10.383947 -9145.257870
71.000000 123.292334 -9.966585 -17464.269455
72.000000 123.078203 -9.547697 -25000.000000
73.000000 123.314324 -11.002092 -1.000000
74.000000 123.093986 -10.587617 -9212.951299
75.000000 122.886724 -10.164876 -17584.890313
76.000000 122.672455 -9.743438 -25000.000000
77.000000 122.906166 -11.215749 -1.000000
78.000000 122.684273 -10.796528 -9298.235512
79.000000 122.483112 -10.365479 -17743.906222
80.000000 122.269816 -9.937680 -25000.000000
81.000000 122.483112 -11.437349 -1.000000
82.000000 122.272572 -11.006325 -9301.071395
83.000000 122.085401 -10.563337 -17889.450541
84.000000 121.878109 -10.126648 -25000.000000
85.000000 122.029922 -11.626686 -1.000000
86.000000 121.843024 -11.193211 -9299.052677
87.000000 121.680928 -10.748665 -17881.631238
88.000000 121.502554 -10.307824 -25000.000000
89.000000 121.612373 -11.793706 -1.000000
90.000000 121.348934 -11.399319 -9056.066374
91.000000 121.261654 -10.942235 -17407.630175
92.000000 121.153736 -10.476101 -25000.000000
93.000000 121.207695 -10.709168 -21203.815087
94.000000 121.305294 -11.170777 -13231.848275
95.000000 121.328145 -10.391963 -25000.000000
96.000000 121.417332 -10.612383 -21440.815619
97.000000 121.471291 -10.845450 -17644.630707
98.000000 121.480654 -11.596512 -4528.533187
99.000000 121.552339 -11.067723 -13353.341426
100.000000 121.591741 -10.528245 -21440.815619
101.000000 121.595979 -11.296265 -9177.559526
102.000000 121.690331 -10.217236 -25000.000000
103.000000 121.727698 -11.493458 -4650.026339
104.000000 121.761976 -10.970938 -13590.341958
105.000000 121.793977 -10.435580 -21444.725271
106.000000 121.821147 -11.710196 -1.000000
107.000000 121.883165 -10.656001 -17885.540890
108.000000 121.936473 -11.409949 -4650.026339
109.000000 121.976750 -10.877495 -13591.351316
110.000000 121.981755 -10.344992 -21444.725271
111.000000 122.057798 -11.099768 -9300.062036
112.000000 122.073963 -10.032164 -25000.000000
113.000000 122.151247 -11.316506 -4651.035697
114.000000 122.178987 -10.784831 -13595.260968
115.000000 122.180611 -10.246063 -21371.953111
116.000000 122.256517 -11.532017 -1.000000
117.000000 122.284257 -10.464408 -17816.678382
118.000000 122.376464 -10.151579 -21371.953111
119.000000 122.377842 -11.221837 -4651.035697
120.000000 122.384837 -10.679932 -13593.843027
121.000000 122.471135 -9.840559 -25000.000000
122.000000 122.478423 -10.901426 -9299.653453
123.000000 122.577784 -10.054458 -21371.953111
124.000000 122.583693 -10.581003 -13521.070867
125.000000 122.589369 -11.111037 -4651.035697
126.000000 122.684918 -10.265177 -17664.398268
127.000000 122.694639 -11.326549 -1.000000
128.000000 122.779590 -9.954157 -21292.445157
129.000000 122.788549 -10.476548 -13478.428761
130.000000 122.795220 -11.006138 -4649.617756
131.000000 122.875329 -9.645567 -25000.000000
132.000000 122.889130 -10.692072 -9255.593406
133.000000 122.982463 -9.856286 -21292.445157
134.000000 122.990355 -10.376246 -13398.920806
135.000000 123.000076 -10.901683 -4606.975649
136.000000 123.089529 -10.065730 -17524.579884
137.000000 123.110245 -11.108920 -1.000000
138.000000 123.185269 -9.757141 -21232.134728
139.000000 123.193160 -10.277101 -13338.610377
140.000000 123.204155 -10.794855 -4606.975649
141.000000 123.282336 -9.449218 -25000.000000
142.000000 123.300053 -10.485782 -9179.104585
143.000000 123.389402 -9.658662 -21232.134728
144.000000 123.399227 -10.175266 -13304.763663
145.000000 123.410222 -10.693020 -4573.128935
146.000000 123.493153 -9.868474 -17402.178934
147.000000 123.514795 -10.901857 -1.000000
148.000000 123.590221 -9.560551 -21170.044207
149.000000 123.600046 -10.077155 -13242.673142
150.000000 123.610693 -10.592784 -4573.128935
151.000000 123.692345 -9.251421 -25000.000000
152.000000 123.706428 -10.285057 -9170.804124
153.000000 123.796096 -9.461232 -21170.044207
154.000000 123.800354 -9.978265 -13268.219395
155.000000 123.811000 -10.493894 -4598.675189
156.000000 123.897552 -9.671171 -17401.016220
157.000000 123.915783 -10.701363 -1.000000
158.000000 123.999676 -9.362040 -21230.972014
159.000000 124.003933 -9.879072 -13329.147203
160.000000 124.011518 -10.393635 -4598.675189
161.000000 124.103008 -9.053308 -25000.000000
162.000000 124.104873 -10.088372 -9152.053491
163.000000 124.202072 -9.781278 -13284.850317
164.000000 124.204464 -9.263246 -21230.972014
165.000000 124.209656 -10.295841 -4554.378303
166.000000 124.306515 -9.474463 -17508.451483
167.000000 124.314669 -10.502266 -1.000000
168.000000 124.407454 -9.683763 -13331.357772
169.000000 124.408025 -10.197003 -4554.378303
170.000000 124.409847 -9.165731 -21277.479469
171.000000 124.508071 -9.894650 -9111.799990
172.000000 124.516393 -8.857584 -25000.000000
173.000000 124.612514 -9.587835 -13335.401157
174.000000 124.613084 -10.101074 -4558.421687
175.000000 124.618443 -9.068802 -21277.479469
176.000000 124.713678 -10.311109 -1.000000
177.000000 124.716334 -9.282205 -17528.967584
178.000000 124.813724 -10.008755 -4558.421687
179.000000 124.816950 -9.493091 -13309.409802
180.000000 124.822880 -8.974058 -21251.488115
181.000000 124.916798 -9.704688 -9115.426032
182.000000 124.937711 -8.672453 -25000.000000
183.000000 125.017392 -9.914722 -4558.004345
184.000000 125.020619 -9.399058 -13308.992460
185.000000 125.035602 -8.885856 -21251.488115
186.000000 125.116876 -10.125588 -1.000000
187.000000 125.128855 -9.098012 -17427.170592
188.000000 125.219951 -9.821520 -4558.004345
189.000000 125.228703 -9.309609 -13233.186822
190.000000 125.243686 -8.796407 -21175.682477
191.000000 125.325143 -9.519623 -9075.093927
192.000000 125.362792 -8.496200 -25000.000000
193.000000 125.424628 -9.730489 -4518.089583
194.000000 125.433380 -9.218577 -13193.272060
195.000000 125.456044 -8.708356 -21175.682477
196.000000 125.520686 -9.939786 -1.000000
197.000000 125.546345 -8.920160 -17292.481637
198.000000 125.625879 -9.637888 -4518.089583
199.000000 125.642786 -9.130173 -13134.388742
200.000000 125.665451 -8.619952 -21116.799159
201.000000 125.734839 -9.340605 -9003.846111
202.000000 125.790355 -8.318935 -25000.000000
203.000000 125.830897 -9.549902 -4486.756529
204.000000 125.847804 -9.042187 -13103.055688
205.000000 125.880656 -8.530738 -21116.799159
206.000000 125.922572 -9.759624 -1.000000
207.000000 125.968063 -8.743325 -17244.372264
208.000000 126.031533 -9.462340 -4486.756529
209.000000 126.051437 -8.956854 -13114.859811
210.000000 126.092968 -8.442307 -21127.573105
211.000000 126.143490 -9.167285 -8984.317180
212.000000 126.225072 -8.140780 -25000.000000
213.000000 126.235166 -9.377007 -4498.560652
214.000000 126.263749 -8.868423 -13125.633757
215.000000 126.305566 -8.355009 -21025.773283
216.000000 126.323498 -9.587670 -1.000000
217.000000 126.392973 -8.567596 -17153.346388
218.000000 126.435455 -9.292615 -4498.560652
219.000000 126.468984 -8.783143 -13142.282675
220.000000 126.525078 -8.266069 -21025.773283
221.000000 126.552358 -8.996671 -9012.770221
222.000000 126.634786 -9.208627 -4498.560652
223.000000 126.681582 -8.695844 -13040.482853
224.000000 126.683178 -7.968570 -25000.000000
225.000000 126.723118 -9.419290 -1.000000
226.000000 126.743375 -8.185272 -21069.922718
227.000000 126.823870 -8.399500 -17095.696002
228.000000 126.840021 -9.123347 -4515.209570
229.000000 126.886396 -8.615454 -13232.164687
230.000000 126.962406 -8.831001 -9221.100973
231.000000 126.981970 -8.102002 -21069.922718
232.000000 127.026216 -9.044894 -4515.209570
233.000000 127.104694 -8.534657 -13276.314122
234.000000 127.108644 -9.256850 -1.000000
235.000000 127.175512 -7.837168 -25000.000000
236.000000 127.231029 -8.964504 -4706.891404
237.000000 127.235709 -8.053869 -21069.922718
238.000000 127.274059 -8.275278 -17060.250815
239.000000 127.336586 -8.491232 -13196.719501
240.000000 127.381911 -8.711194 -9214.316873
241.000000 127.445721 -8.925087 -4508.425469
242.000000 127.467601 -8.010444 -20990.328097
243.000000 127.487580 -9.144335 -1.000000
244.000000 127.551277 -8.451815 -12998.253566
245.000000 127.638462 -8.891024 -4508.425469
246.000000 127.665629 -7.763920 -25000.000000
247.000000 127.703978 -7.985329 -20990.328097
248.000000 127.734386 -8.207894 -16970.417442
249.000000 127.779712 -8.427856 -12988.014813
250.000000 127.819744 -8.648722 -8919.036261
251.000000 127.861604 -8.867970 -4411.610792
252.000000 127.894419 -9.088995 -1.000000
253.000000 127.932413 -7.961370 -20980.089344
254.000000 128.002854 -8.404801 -12891.200137
255.000000 128.075702 -8.846693 -4411.610792
256.000000 128.127393 -7.714857 -25000.000000
257.000000 128.157801 -7.937423 -20980.089344
258.000000 128.189991 -8.160235 -16981.814645
259.000000 128.230024 -8.381101 -12912.836093
260.000000 128.267307 -8.602752 -8799.186169
261.000000 128.300123 -8.823778 -4388.575377
262.000000 128.331871 -9.045522 -1.000000
263.000000 128.384971 -7.913722 -21001.725301
264.000000 128.454445 -8.358186 -12889.800678
265.000000 128.523476 -8.801581 -4388.575377
266.000000 128.569831 -7.659436 -25000.000000
267.000000 128.602022 -7.882249 -21001.725301
268.000000 128.637970 -8.104307 -17003.381816
269.000000 128.675253 -8.325959 -12889.731892
270.000000 128.712849 -8.547343 -8787.815209
271.000000 128.744597 -8.769087 -4400.239832
272.000000 128.781412 -8.989847 -1.000000
273.000000 128.822830 -7.850022 -21001.656515
274.000000 128.896374 -8.293464 -12901.396348
275.000000 128.970785 -8.735608 -4400.239832
276.000000 128.999467 -7.595557 -25000.000000
277.000000 129.035416 -7.817615 -21001.656515
278.000000 129.074989 -8.036556 -16952.288823
279.000000 129.112584 -8.257940 -12850.372139
280.000000 129.155543 -8.475999 -8773.266618
281.000000 129.197541 -8.693496 -4400.239832
282.000000 129.234356 -8.914256 -1.000000
283.000000 129.251626 -7.782091 -20950.632307
284.000000 129.334158 -8.219092 -12824.159093
285.000000 129.419115 -8.654648 -4374.026786
286.000000 129.427666 -7.527470 -25000.000000
287.000000 129.467239 -7.746411 -20950.632307
288.000000 129.512794 -7.962641 -16811.660565
289.000000 129.555754 -8.180701 -12734.555044
290.000000 129.602001 -8.396693 -8666.882453
291.000000 129.643998 -8.614190 -4293.855667
292.000000 129.688835 -7.708020 -20861.028258
293.000000 129.688936 -8.829834 -1.000000
294.000000 129.780637 -8.140243 -12654.383925
295.000000 129.859627 -7.447915 -25000.000000
296.000000 129.871822 -8.571880 -4293.855667
297.000000 129.905183 -7.664145 -20861.028258
298.000000 129.955683 -7.876228 -16667.652773
299.000000 130.003934 -8.088775 -12648.414959
300.000000 130.050181 -8.304767 -8580.742367
301.000000 130.095596 -8.516961 -4293.855667
302.000000 130.126475 -7.616123 -20806.624515
303.000000 130.140535 -8.732605 -1.000000
304.000000 130.225226 -8.040752 -12594.011215
305.000000 130.287246 -7.361195 -25000.000000
306.000000 130.318893 -8.465492 -4287.886701
307.000000 130.337746 -7.573278 -20806.624515
308.000000 130.425399 -7.772978 -16467.514153
309.000000 130.445208 -7.987356 -12535.148762
310.000000 130.493460 -8.199903 -8515.910948
311.000000 130.536986 -8.411254 -4287.886701
312.000000 130.582402 -8.623448 -1.000000
313.000000 130.586169 -7.518050 -20660.889639
314.000000 130.693632 -7.932128 -12389.413886
315.000000 130.756968 -8.357858 -4229.024248
316.000000 121.180716 -10.592635 -23101.907544
317.000000 121.234674 -10.825701 -19305.722631
318.000000 121.240941 -10.434032 -25000.000000
319.000000 121.283474 -11.056506 -15319.739225
320.000000 121.285534 -10.544242 -23220.407810
321.000000 121.312514 -10.660775 -21322.315353
322.000000 121.327114 -11.285048 -11143.957324
323.000000 121.339493 -10.777309 -19424.222897
324.000000 121.366472 -10.893842 -17526.130441
325.000000 121.372739 -10.502173 -23220.407810
326.000000 121.406996 -11.004979 -15380.485800
327.000000 121.414794 -11.497916 -6792.299781
328.000000 121.415349 -10.349893 -25000.000000
329.000000 121.428816 -11.119250 -13292.594850
330.000000 121.444312 -10.728916 -19542.723163
331.000000 121.450636 -11.233521 -11204.703900
332.000000 121.459943 -10.460104 -23220.407810
333.000000 121.472457 -11.347792 -9116.812950
334.000000 121.504537 -10.570314 -21440.815619
335.000000 121.511815 -10.956586 -15498.986066
336.000000 121.538316 -11.446389 -6853.046356
337.000000 121.546513 -11.695109 -2264.766594
338.000000 121.547147 -10.418034 -23220.407810
339.000000 121.549130 -10.680524 -19661.223429
340.000000 121.574159 -11.181994 -11265.450476
341.000000 121.576110 -10.797057 -17763.130972
342.000000 121.596443 -10.262530 -25000.000000
343.000000 121.604176 -11.544985 -4589.279763
344.000000 121.616633 -10.908194 -15617.486332
345.000000 121.636335 -10.638455 -19661.223429
346.000000 121.648265 -10.371702 -23222.362635
347.000000 121.657157 -11.019331 -13471.841692
348.000000 121.661839 -11.394862 -6913.792932
349.000000 121.670036 -11.643582 -2325.513169
350.000000 121.692859 -10.481912 -21442.770445
351.000000 121.697681 -11.130467 -11326.197052
352.000000 121.716760 -11.751951 -1.000000
353.000000 121.719501 -11.244738 -9238.306101
354.000000 121.721452 -10.859801 -15735.986598
355.000000 121.737453 -10.592123 -19663.178254
356.000000 121.742154 -10.326408 -23222.362635
357.000000 121.774423 -11.601827 -2325.513169
358.000000 121.782046 -10.702333 -17883.586064
359.000000 121.784220 -10.171942 -25000.000000
360.000000 121.785361 -11.343335 -6974.539508
361.000000 121.802500 -11.082075 -11444.697317
362.000000 121.828839 -10.813080 -15736.491277
363.000000 121.832085 -11.451704 -4650.026339
364.000000 121.836043 -10.281114 -23222.362635
365.000000 121.838571 -10.545791 -19665.133080
366.000000 121.869363 -10.924217 -13590.846637
367.000000 121.878810 -11.560072 -2325.513169
368.000000 121.887866 -10.390286 -21444.725271
369.000000 121.889748 -11.301580 -6974.539508
370.000000 121.909887 -11.035353 -11445.201997
371.000000 121.925534 -11.668441 -1.000000
372.000000 121.929932 -10.235820 -23222.362635
373.000000 121.929957 -10.766748 -15738.446103
374.000000 121.939689 -10.499459 -19667.087906
375.000000 121.950411 -11.146490 -9299.557357
376.000000 121.976036 -10.079406 -25000.000000
377.000000 121.983197 -11.518317 -2325.513169
378.000000 121.984283 -10.609669 -17887.495715
379.000000 121.997135 -11.254859 -6975.044187
380.000000 122.017274 -10.988632 -11445.706676
381.000000 122.029360 -10.186356 -23185.976556
382.000000 122.031076 -10.720416 -15740.400929
383.000000 122.033578 -10.454165 -19667.087906
384.000000 122.043860 -11.363227 -4650.531018
385.000000 122.077869 -10.831163 -13593.306142
386.000000 122.081183 -10.295528 -21408.339191
387.000000 122.090584 -11.471596 -2326.017849
388.000000 122.104522 -11.208137 -6975.548867
389.000000 122.124661 -10.941910 -11446.211356
390.000000 122.127287 -10.139114 -23185.976556
391.000000 122.132194 -10.674084 -15742.355755
392.000000 122.133006 -10.404700 -19630.701826
393.000000 122.143219 -11.579352 -1.000000
394.000000 122.165185 -11.053047 -9300.566715
395.000000 122.171889 -9.984922 -25000.000000
396.000000 122.184829 -10.513872 -17853.064461
397.000000 122.203882 -11.424262 -2326.017849
398.000000 122.211910 -11.161415 -6976.053546
399.000000 122.225213 -10.091872 -23185.976556
400.000000 122.225780 -10.895578 -11448.166181
401.000000 122.232434 -10.355235 -19594.315746
402.000000 122.235119 -10.621634 -15741.646784
403.000000 122.264545 -11.269171 -4651.035697
404.000000 122.278537 -10.198821 -21371.953111
405.000000 122.281912 -10.732382 -13594.551997
406.000000 122.317179 -11.376927 -2326.017849
407.000000 122.323140 -10.044630 -23185.976556
408.000000 122.325207 -11.114081 -6976.053546
409.000000 122.328705 -10.843129 -11447.457211
410.000000 122.331862 -10.305771 -19557.929667
411.000000 122.334547 -10.572170 -15705.260704
412.000000 122.369814 -11.484683 -1.000000
413.000000 122.370476 -9.889120 -25000.000000
414.000000 122.375498 -10.953876 -9300.362424
415.000000 122.383684 -10.414943 -17780.292302
416.000000 122.423800 -9.996069 -23185.976556
417.000000 122.429788 -10.258529 -19557.929667
418.000000 122.430477 -11.329593 -2326.017849
419.000000 122.430971 -11.058681 -6976.053546
420.000000 122.431630 -10.790679 -11446.748240
421.000000 122.433975 -10.522705 -15668.874624
422.000000 122.477124 -10.103019 -21371.953111
423.000000 122.483606 -11.166437 -4651.035697
424.000000 122.484265 -10.630468 -13557.456947
425.000000 122.524459 -9.947509 -23185.976556
426.000000 122.530448 -10.209969 -19557.929667
427.000000 122.533402 -10.473241 -15632.488545
428.000000 122.533896 -11.006232 -6975.344575
429.000000 122.534555 -10.738230 -11446.039269
430.000000 122.536241 -11.274193 -2326.017849
431.000000 122.571795 -9.791999 -25000.000000
432.000000 122.581348 -10.848977 -9298.944483
433.000000 122.584015 -10.315328 -17704.152245
434.000000 122.588875 -11.381949 -1.000000
435.000000 122.625119 -9.898948 -23185.976556
436.000000 122.631351 -10.159818 -19518.175689
437.000000 122.633983 -10.688765 -11409.653190
438.000000 122.635831 -10.421013 -15611.167491
439.000000 122.636821 -10.953782 -6974.635605
440.000000 122.642004 -11.218793 -2326.017849
441.000000 122.678687 -10.004308 -21332.199134
442.000000 122.686121 -10.528776 -13499.749814
443.000000 122.692294 -11.058588 -4650.326727
444.000000 122.726022 -9.848798 -23146.222578
445.000000 122.732254 -10.109667 -19478.421712
446.000000 122.736411 -10.636538 -11388.332136
447.000000 122.736734 -10.370863 -15571.413514
448.000000 122.739746 -10.901333 -6973.926634
449.000000 122.747768 -11.163393 -2326.017849
450.000000 122.773892 -9.694503 -25000.000000
451.000000 122.785821 -10.215026 -17624.644290
452.000000 122.786701 -10.744300 -9276.914459
453.000000 122.800403 -11.271149 -1.000000
454.000000 122.827459 -9.799862 -23146.222578
455.000000 122.833157 -10.059516 -19438.667735
456.000000 122.837637 -10.320712 -15531.659537
457.000000 122.838839 -10.584310 -11367.011083
458.000000 122.842175 -10.849105 -6952.605581
459.000000 122.850693 -11.110943 -2325.308878
460.000000 122.881026 -9.905222 -21292.445157
461.000000 122.889452 -10.426397 -13438.674783
462.000000 122.897648 -10.953911 -4628.296703
463.000000 122.928896 -9.750927 -23146.222578
464.000000 122.934594 -10.010581 -19438.667735
465.000000 122.938540 -10.270561 -15491.905559
466.000000 122.941268 -10.532083 -11345.690030
467.000000 122.944603 -10.796878 -6931.284528
468.000000 122.953121 -11.058716 -2303.987825
469.000000 122.976766 -9.596632 -25000.000000
470.000000 122.988127 -10.115303 -17554.735099
471.000000 122.991558 -10.639845 -9234.272352
472.000000 123.008206 -11.162334 -1.000000
473.000000 123.030333 -9.701991 -23146.222578
474.000000 123.035996 -9.961008 -19408.512520
475.000000 123.039942 -10.220988 -15461.750345
476.000000 123.042171 -10.481932 -11305.936052
477.000000 123.047031 -10.744650 -6909.963474
478.000000 123.055161 -11.005302 -2303.987825
479.000000 123.083866 -9.806713 -21262.289942
480.000000 123.091758 -10.326674 -13368.765592
481.000000 123.102116 -10.848269 -4606.975649
482.000000 123.131736 -9.652419 -23116.067364
483.000000 123.137399 -9.911435 -19378.357306
484.000000 123.141345 -10.171416 -15431.595131
485.000000 123.143573 -10.432359 -11275.780838
486.000000 123.149071 -10.691236 -6909.963474
487.000000 123.157200 -10.951887 -2303.987825
488.000000 123.180269 -9.498457 -25000.000000
489.000000 123.190932 -10.016157 -17494.424670
490.000000 123.197020 -10.536700 -9196.027942
491.000000 123.212285 -11.055506 -1.000000
492.000000 123.233802 -9.603179 -23116.067364
493.000000 123.238802 -9.861863 -19348.202092
494.000000 123.242747 -10.121843 -15401.439916
495.000000 123.246607 -10.381442 -11258.857481
496.000000 123.252104 -10.640318 -6893.040117
497.000000 123.259240 -10.898473 -2303.987825
498.000000 123.287335 -9.707901 -21232.134728
499.000000 123.296194 -10.226183 -13321.687020
500.000000 123.307189 -10.743937 -4590.052292
501.000000 123.335869 -9.553940 -23116.067364
502.000000 123.340868 -9.812623 -19348.202092
503.000000 123.345781 -10.070925 -15384.516559
504.000000 123.349640 -10.330524 -11241.934124
505.000000 123.355138 -10.589401 -6876.116760
506.000000 123.362273 -10.847556 -2287.064468
507.000000 123.384403 -9.399979 -25000.000000
508.000000 123.392744 -9.917529 -17433.224195
509.000000 123.403087 -10.434865 -9162.181227
510.000000 123.414560 -10.951974 -1.000000
511.000000 123.437936 -9.504701 -23116.067364
512.000000 123.441278 -9.763568 -19317.156831
513.000000 123.446190 -10.021870 -15353.471299
514.000000 123.452674 -10.279607 -11225.010766
515.000000 123.458171 -10.538484 -6859.193403
516.000000 123.462509 -10.797438 -2287.064468
517.000000 123.489812 -9.609607 -21201.089467
518.000000 123.499637 -10.126211 -13273.718402
519.000000 123.510458 -10.642902 -4573.128935
520.000000 123.538345 -9.455645 -23085.022103
521.000000 123.541687 -9.714512 -19286.111570
522.000000 123.546600 -9.972814 -15322.426038
523.000000 123.553083 -10.230551 -11193.965506
524.000000 123.558406 -10.488366 -6859.193403
525.000000 123.562744 -10.747320 -2287.064468
526.000000 123.589407 -9.301080 -25000.000000
527.000000 123.593563 -9.819418 -17371.133674
528.000000 123.606274 -10.334502 -9158.030997
529.000000 123.615030 -10.851739 -1.000000
530.000000 123.641283 -9.405986 -23085.022103
531.000000 123.642097 -9.665457 -19255.066310
532.000000 123.647009 -9.923759 -15291.380777
533.000000 123.653237 -10.181106 -11206.738633
534.000000 123.658560 -10.438921 -6871.966529
535.000000 123.662979 -10.697203 -2287.064468
536.000000 123.693159 -9.510892 -21170.044207
537.000000 123.700200 -10.027710 -13255.446268
538.000000 123.710847 -10.543339 -4585.902062
539.000000 123.744221 -9.356327 -23085.022103
540.000000 123.745034 -9.615798 -19255.066310
541.000000 123.747163 -9.874314 -15304.153904
542.000000 123.753391 -10.131661 -11219.511759
543.000000 123.758714 -10.389475 -6884.739656
544.000000 123.763133 -10.647758 -2299.837594
545.000000 123.795283 -9.201761 -25000.000000
546.000000 123.795762 -9.720767 -17370.552317
547.000000 123.806581 -10.235612 -9183.577250
548.000000 123.815524 -10.751492 -1.000000
549.000000 123.846824 -9.566202 -19285.530213
550.000000 123.847158 -9.306667 -23085.022103
551.000000 123.848953 -9.824718 -15334.617808
552.000000 123.853544 -10.082215 -11232.284886
553.000000 123.858868 -10.340030 -6897.512783
554.000000 123.863392 -10.597628 -2299.837594
555.000000 123.897886 -9.411636 -21200.508110
556.000000 123.902144 -9.928668 -13298.683299
557.000000 123.911259 -10.443764 -4598.675189
558.000000 123.948614 -9.516605 -19315.994117
559.000000 123.948948 -9.257071 -23115.486007
560.000000 123.950743 -9.775121 -15365.081712
561.000000 123.955334 -10.032619 -11262.748790
562.000000 123.959126 -10.289901 -6897.512783
563.000000 123.963650 -10.547499 -2299.837594
564.000000 123.999342 -9.621574 -17431.480124
565.000000 124.000614 -9.102705 -25000.000000
566.000000 124.005804 -10.137269 -9174.201934
567.000000 124.016042 -10.651233 -1.000000
568.000000 124.050404 -9.467009 -19346.458021
569.000000 124.051342 -9.207674 -23115.486007
570.000000 124.052533 -9.725525 -15395.545615
571.000000 124.054403 -9.983722 -11240.600347
572.000000 124.058195 -10.241004 -6875.364340
573.000000 124.063909 -10.497370 -2299.837594
574.000000 124.102070 -9.312643 -21230.972014
575.000000 124.103002 -9.830175 -13306.998760
576.000000 124.110587 -10.344738 -4576.526746
577.000000 124.151602 -9.676628 -15373.397172
578.000000 124.152798 -9.417612 -19346.458021
579.000000 124.153472 -9.934825 -11218.451904
580.000000 124.153736 -9.158277 -23115.486007
581.000000 124.157265 -10.192107 -6853.215897
582.000000 124.162978 -10.448472 -2277.689151
583.000000 124.203823 -9.523221 -17485.197756
584.000000 124.203942 -10.039475 -9129.905048
585.000000 124.205402 -9.003911 -25000.000000
586.000000 124.215485 -10.551685 -1.000000
587.000000 124.252542 -9.885928 -11196.303461
588.000000 124.254293 -9.627871 -15396.650900
589.000000 124.255489 -9.368855 -19369.711749
590.000000 124.256130 -9.108880 -23115.486007
591.000000 124.256334 -10.143210 -6831.067454
592.000000 124.262163 -10.399053 -2277.689151
593.000000 124.304763 -9.732521 -13308.104044
594.000000 124.307155 -9.214489 -21254.225742
595.000000 124.308840 -10.246422 -4554.378303
596.000000 124.355233 -9.837171 -11219.557189
597.000000 124.355518 -10.093790 -6831.067454
598.000000 124.356985 -9.579113 -15419.904628
599.000000 124.358181 -9.320097 -19392.965476
600.000000 124.358821 -9.060122 -23138.739735
601.000000 124.361347 -10.349634 -2277.689151
602.000000 124.405541 -9.942614 -9109.778298
603.000000 124.409206 -9.425706 -17531.705211
604.000000 124.412094 -8.906049 -25000.000000
605.000000 124.413854 -10.452847 -1.000000
606.000000 124.457763 -9.789206 -11221.578881
607.000000 124.458048 -10.045826 -6833.089146
608.000000 124.459676 -9.530356 -15443.158355
609.000000 124.460532 -10.300215 -2277.689151
610.000000 124.460872 -9.271340 -19416.219204
611.000000 124.463120 -9.011658 -23138.739735
612.000000 124.509984 -9.635799 -13333.379464
613.000000 124.510554 -10.149039 -4556.399995
614.000000 124.514145 -9.117266 -21277.479469
615.000000 124.560292 -9.741242 -11223.600573
616.000000 124.560577 -9.997862 -6835.110839
617.000000 124.562206 -9.482391 -15445.180048
618.000000 124.563061 -10.252251 -2279.710844
619.000000 124.565170 -9.222875 -19416.219204
620.000000 124.567418 -8.963193 -23138.739735
621.000000 124.610600 -9.846685 -9113.821682
622.000000 124.613358 -10.357268 -1.000000
623.000000 124.614116 -9.329577 -17541.963262
624.000000 124.620691 -8.809120 -25000.000000
625.000000 124.662822 -9.693278 -11225.622266
626.000000 124.663107 -9.949898 -6837.132531
627.000000 124.663381 -10.206092 -2279.710844
628.000000 124.664424 -9.435020 -15432.184371
629.000000 124.667389 -9.175503 -19403.223527
630.000000 124.671716 -8.914728 -23138.739735
631.000000 124.713404 -10.054915 -4558.421687
632.000000 124.714732 -9.540463 -13322.405480
633.000000 124.720662 -9.021430 -21264.483792
634.000000 124.763427 -9.903738 -6837.132531
635.000000 124.763701 -10.159932 -2279.710844
636.000000 124.765040 -9.645906 -11212.626589
637.000000 124.766642 -9.387648 -15419.188693
638.000000 124.769607 -9.128131 -19390.227850
639.000000 124.773934 -8.867356 -23125.744057
640.000000 124.813998 -10.264949 -1.000000
641.000000 124.814964 -9.751704 -9115.634703
642.000000 124.818552 -9.234833 -17515.971907
643.000000 124.831350 -8.716554 -25000.000000
644.000000 124.864020 -10.113773 -2279.710844
645.000000 124.865261 -9.856722 -6836.923860
646.000000 124.866874 -9.598889 -11212.417917
647.000000 124.868860 -9.340276 -15406.193016
648.000000 124.871825 -9.080760 -19377.232172
649.000000 124.880296 -8.823255 -23125.744057
650.000000 124.915558 -9.961739 -4558.213016
651.000000 124.918784 -9.446074 -13309.201131
652.000000 124.929241 -8.929957 -21251.488115
653.000000 124.965855 -10.066756 -2279.502172
654.000000 124.967095 -9.809705 -6836.715188
655.000000 124.968708 -9.551873 -11212.209246
656.000000 124.970695 -9.293259 -15405.984345
657.000000 124.978186 -9.036659 -19377.232172
658.000000 124.986657 -8.779154 -23125.744057
659.000000 125.015597 -10.172189 -1.000000
660.000000 125.018632 -9.657671 -9115.217361
661.000000 125.024813 -9.142737 -17465.073411
662.000000 125.044072 -8.628352 -25000.000000
663.000000 125.067134 -10.020155 -2279.502172
664.000000 125.068929 -9.762688 -6836.506517
665.000000 125.070543 -9.504856 -11212.000575
666.000000 125.074737 -9.248535 -15368.081526
667.000000 125.082228 -8.991934 -19339.329354
668.000000 125.093018 -8.735053 -23125.744057
669.000000 125.118671 -9.868121 -4558.004345
670.000000 125.124661 -9.354333 -13271.089641
671.000000 125.139644 -8.841132 -21213.585296
672.000000 125.168413 -9.973554 -2279.502172
673.000000 125.170209 -9.716087 -6836.506517
674.000000 125.174585 -9.460132 -11174.097756
675.000000 125.178779 -9.203811 -15330.178707
676.000000 125.186271 -8.947210 -19301.426535
677.000000 125.197060 -8.690329 -23087.841239
678.000000 125.218156 -10.078987 -1.000000
679.000000 125.222805 -9.565138 -9095.051308
680.000000 125.232897 -9.053288 -17389.267774
681.000000 125.256613 -8.540225 -25000.000000
682.000000 125.269693 -9.926953 -2279.502172
683.000000 125.272547 -9.670571 -6816.549136
684.000000 125.276923 -9.414616 -11154.140375
685.000000 125.282821 -9.159086 -15292.275888
686.000000 125.290313 -8.902485 -19263.523716
687.000000 125.303239 -8.646304 -23087.841239
688.000000 125.322289 -9.776004 -4538.046964
689.000000 125.331041 -9.264093 -13213.229441
690.000000 125.349865 -8.752382 -21175.682477
691.000000 125.372031 -9.881437 -2259.544791
692.000000 125.374886 -9.625056 -6796.591755
693.000000 125.379262 -9.369100 -11134.182994
694.000000 125.385159 -9.113570 -15272.318507
695.000000 125.396492 -8.858460 -19263.523716
696.000000 125.409418 -8.602278 -23087.841239
697.000000 125.420060 -9.986086 -1.000000
698.000000 125.427482 -9.474107 -9055.136546
699.000000 125.441642 -8.964362 -17321.923296
700.000000 125.468971 -8.452175 -25000.000000
701.000000 125.472657 -9.835137 -2259.544791
702.000000 125.477224 -9.579540 -6776.634374
703.000000 125.481600 -9.323584 -11114.225613
704.000000 125.489862 -9.069368 -15242.876848
705.000000 125.501195 -8.814258 -19234.082057
706.000000 125.515597 -8.558253 -23087.841239
707.000000 125.525253 -9.684189 -4518.089583
708.000000 125.538083 -9.174375 -13163.830401
709.000000 125.560747 -8.664154 -21146.240818
710.000000 125.573282 -9.788837 -2259.544791
711.000000 125.577850 -9.533240 -6776.634374
712.000000 125.586303 -9.279382 -11084.783954
713.000000 125.594566 -9.025167 -15213.435189
714.000000 125.605898 -8.770056 -19204.640398
715.000000 125.620300 -8.514051 -23058.399580
716.000000 125.621311 -9.893486 -1.000000
717.000000 125.632330 -9.384598 -9019.512638
718.000000 125.651048 -8.875958 -17263.039978
719.000000 125.673908 -9.742537 -2259.544791
720.000000 125.680359 -9.489247 -6760.967847
721.000000 125.682752 -8.363542 -25000.000000
722.000000 125.688812 -9.235389 -11069.117427
723.000000 125.699269 -8.980965 -15183.993530
724.000000 125.710601 -8.725854 -19175.198739
725.000000 125.727903 -8.469444 -23058.399580
726.000000 125.728388 -9.593895 -4502.423056
727.000000 125.745295 -9.086180 -13118.722215
728.000000 125.773053 -8.575345 -21116.799159
729.000000 125.776417 -9.698544 -2243.878264
730.000000 125.782868 -9.445253 -6745.301320
731.000000 125.791322 -9.191396 -11053.450900
732.000000 125.801778 -8.936971 -15168.327004
733.000000 125.818204 -8.681247 -19175.198739
734.000000 125.822255 -9.803405 -1.000000
735.000000 125.835506 -8.424836 -23058.399580
736.000000 125.837348 -9.296612 -8988.179584
737.000000 125.861907 -8.787540 -17238.985292
738.000000 125.876735 -9.654763 -2243.878264
739.000000 125.885377 -9.401260 -6729.634793
740.000000 125.893831 -9.147403 -11037.784373
741.000000 125.897958 -8.274327 -25000.000000
742.000000 125.903595 -8.894305 -15174.229065
743.000000 125.924360 -8.637032 -19180.585712
744.000000 125.931215 -9.506121 -4486.756529
745.000000 125.943109 -8.380229 -23058.399580
746.000000 125.949621 -8.999520 -13108.957750
747.000000 125.977053 -9.610982 -2243.878264
748.000000 125.985695 -9.357479 -6729.634793
749.000000 125.986812 -8.486523 -21122.186132
750.000000 125.995647 -9.104736 -11043.686434
751.000000 126.009750 -8.850090 -15179.616038
752.000000 126.022890 -9.715843 -1.000000
753.000000 126.030515 -8.592816 -19185.972685
754.000000 126.041674 -9.209952 -8978.415119
755.000000 126.049264 -8.336014 -23063.786552
756.000000 126.074219 -8.699110 -17249.759237
757.000000 126.077370 -9.567201 -2243.878264
758.000000 126.087511 -9.314813 -6735.536855
759.000000 126.097464 -9.062070 -11049.588496
760.000000 126.115317 -8.185250 -25000.000000
761.000000 126.115906 -8.805874 -15185.003011
762.000000 126.133349 -9.419673 -4492.658590
763.000000 126.136671 -8.548601 -19191.359657
764.000000 126.155564 -8.292364 -23012.886642
765.000000 126.157593 -8.912639 -13120.246784
766.000000 126.179187 -9.524534 -2249.780326
767.000000 126.189328 -9.272146 -6741.438916
768.000000 126.199267 -8.398658 -21076.673194
769.000000 126.199280 -9.019403 -11055.490557
770.000000 126.222062 -8.761659 -15190.389983
771.000000 126.223353 -9.629866 -1.000000
772.000000 126.242971 -8.504952 -19140.459747
773.000000 126.245307 -9.124619 -8990.219242
774.000000 126.265319 -8.247894 -23012.886642
775.000000 126.279332 -9.482338 -2249.780326
776.000000 126.286674 -8.611245 -17204.246299
777.000000 126.291144 -9.229479 -6747.340978
778.000000 126.305436 -8.975188 -11060.877530
779.000000 126.324679 -8.719019 -15198.714442
780.000000 126.334828 -8.096310 -25000.000000
781.000000 126.335310 -9.334811 -4498.560652
782.000000 126.349270 -8.461302 -19089.559836
783.000000 126.366366 -8.825783 -13133.958216
784.000000 126.375075 -8.203425 -23012.886642
785.000000 126.379476 -9.440142 -2249.780326
786.000000 126.391289 -9.187284 -6747.340978
787.000000 126.408053 -8.932547 -11069.201989
788.000000 126.415322 -8.310539 -21025.773283
789.000000 126.423642 -9.545474 -1.000000
790.000000 126.430979 -8.675369 -15147.814532
791.000000 126.449741 -9.039312 -9004.445762
792.000000 126.455569 -8.417653 -19038.659925
793.000000 126.479621 -9.397947 -2249.780326
794.000000 126.484831 -8.158955 -23012.886642
795.000000 126.490955 -9.145290 -6747.340978
796.000000 126.499273 -8.523947 -17102.446478
797.000000 126.510671 -8.889907 -11077.526448
798.000000 126.535121 -9.250621 -4498.560652
799.000000 126.537278 -8.631720 -15096.914621
800.000000 126.563881 -8.010205 -25000.000000
801.000000 126.565325 -8.373183 -19038.659925
802.000000 126.575283 -8.739493 -13091.382764
803.000000 126.579287 -9.355953 -2249.780326
804.000000 126.593572 -9.102649 -6755.665437
805.000000 126.593979 -8.118556 -23034.961359
806.000000 126.613288 -8.847267 -11085.850907
807.000000 126.623453 -9.461284 -1.000000
808.000000 126.634227 -8.225670 -21047.848001
809.000000 126.643577 -8.588071 -15046.014710
810.000000 126.654975 -8.954031 -9021.094680
811.000000 126.674474 -8.332784 -19060.734643
812.000000 126.678952 -9.313959 -2249.780326
813.000000 126.696189 -9.060009 -6763.989896
814.000000 126.713277 -8.076921 -23034.961359
815.000000 126.714721 -8.439899 -17073.621284
816.000000 126.719588 -8.803617 -11034.950996
817.000000 126.737403 -9.165987 -4506.885111
818.000000 126.745984 -8.547876 -15141.855627
819.000000 126.778617 -9.271965 -2249.780326
820.000000 126.783623 -8.292386 -19082.809360
821.000000 126.783989 -8.655649 -13136.323770
822.000000 126.798807 -9.017369 -6772.314354
823.000000 126.802476 -7.926935 -25000.000000
824.000000 126.821994 -8.763422 -11130.791913
825.000000 126.822783 -9.377297 -1.000000
826.000000 126.832574 -8.035286 -23034.961359
827.000000 126.855133 -8.507477 -15163.930344
828.000000 126.860000 -8.871196 -9125.260056
829.000000 126.862673 -8.143637 -21069.922718
830.000000 126.881235 -9.229325 -2258.104785
831.000000 126.891904 -8.978142 -6772.314354
832.000000 126.892771 -8.251987 -19104.884077
833.000000 126.924401 -8.723228 -11226.632830
834.000000 126.933019 -8.359102 -17117.770719
835.000000 126.933118 -9.084120 -4515.209570
836.000000 126.951872 -7.993651 -23034.961359
837.000000 126.964282 -8.467079 -15186.005062
838.000000 126.974332 -9.190098 -2258.104785
839.000000 126.994311 -8.937947 -6868.155271
840.000000 126.995545 -8.575056 -13254.239404
841.000000 127.012069 -8.210352 -19104.884077
842.000000 127.015546 -9.296076 -1.000000
843.000000 127.026808 -8.683033 -11322.473747
844.000000 127.048643 -7.861234 -25000.000000
845.000000 127.064813 -8.790806 -9316.941890
846.000000 127.067430 -9.150872 -2258.104785
847.000000 127.073431 -8.426680 -15208.079779
848.000000 127.078741 -7.969585 -23034.961359
849.000000 127.096718 -8.897753 -6963.996188
850.000000 127.108840 -8.077935 -21069.922718
851.000000 127.128622 -9.004699 -4611.050487
852.000000 127.135957 -8.642634 -11344.548465
853.000000 127.138938 -8.186286 -19104.884077
854.000000 127.158113 -8.296990 -17100.048126
855.000000 127.160527 -9.111645 -2258.104785
856.000000 127.189376 -8.404967 -15168.282469
857.000000 127.199125 -8.857558 -7059.837105
858.000000 127.201741 -9.217623 -1.000000
859.000000 127.205611 -7.945518 -23034.961359
860.000000 127.220640 -8.512945 -13236.516811
861.000000 127.251903 -8.620922 -11304.751154
862.000000 127.254884 -8.164573 -19065.086767
863.000000 127.262934 -9.071451 -2353.945702
864.000000 127.274566 -8.730903 -9313.549840
865.000000 127.302382 -7.813101 -25000.000000
866.000000 127.305322 -8.383255 -15128.485158
867.000000 127.306470 -8.837849 -6960.604138
868.000000 127.332481 -7.921452 -23034.961359
869.000000 127.338375 -8.944796 -4607.658436
870.000000 127.351655 -8.032156 -21030.125408
871.000000 127.359248 -8.601213 -11205.518187
872.000000 127.370280 -9.051742 -2254.712734
873.000000 127.370830 -8.142861 -19025.289456
874.000000 127.390005 -8.253565 -17020.453505
875.000000 127.391209 -9.161366 -1.000000
876.000000 127.413816 -8.818140 -6861.371171
877.000000 127.421268 -8.361542 -15088.687848
878.000000 127.443931 -8.471523 -13097.486533
879.000000 127.448426 -7.899739 -22995.164049
880.000000 127.466594 -8.581504 -11106.285219
881.000000 127.466650 -9.034711 -2254.712734
882.000000 127.486776 -8.121148 -18985.492146
883.000000 127.489257 -8.691485 -9115.083905
884.000000 127.521162 -8.798432 -6762.138203
885.000000 127.528614 -8.341834 -14989.454880
886.000000 127.542091 -8.908056 -4508.425469
887.000000 127.547440 -7.776477 -25000.000000
888.000000 127.563021 -9.017680 -2254.712734
889.000000 127.566615 -7.887182 -22995.164049
890.000000 127.573940 -8.561796 -11007.052252
891.000000 127.583951 -9.127303 -1.000000
892.000000 127.585790 -7.997886 -20990.328097
893.000000 127.604965 -8.108591 -18985.492146
894.000000 127.617532 -8.781401 -6762.138203
895.000000 127.620169 -8.219873 -16975.536818
896.000000 127.642831 -8.329854 -14984.335504
897.000000 127.659392 -9.000648 -2254.712734
898.000000 127.665494 -8.439835 -12993.134190
899.000000 127.684803 -7.874624 -22995.164049
900.000000 127.688157 -8.549816 -11001.932876
901.000000 127.708174 -8.660249 -8967.443600
902.000000 127.719182 -8.096611 -18980.372769
903.000000 127.729103 -8.769873 -6713.730865
904.000000 127.750033 -8.879497 -4460.018131
905.000000 127.757049 -8.317875 -14979.216127
906.000000 127.770963 -8.989121 -2206.305396
907.000000 127.783817 -7.751362 -25000.000000
908.000000 127.787370 -9.099634 -1.000000
909.000000 127.799728 -8.538289 -10953.525537
910.000000 127.802992 -7.862067 -22995.164049
911.000000 127.818196 -7.973349 -20985.208721
912.000000 127.833400 -8.084632 -18975.253393
913.000000 127.840674 -8.758346 -6665.323527
914.000000 127.848604 -8.195915 -16965.298065
915.000000 127.871267 -8.305896 -14974.096751
916.000000 127.878012 -8.978483 -2206.305396
917.000000 127.891283 -8.416329 -12939.607475
918.000000 127.911299 -8.526762 -10905.118199
919.000000 127.917209 -7.850087 -22990.044672
920.000000 127.931315 -8.637195 -8870.628923
921.000000 127.947617 -8.072653 -18970.134017
922.000000 127.952245 -8.746818 -6616.916189
923.000000 127.968653 -8.857331 -4411.610792
924.000000 127.982838 -8.294369 -14925.689413
925.000000 127.985061 -8.967844 -2206.305396
926.000000 128.001468 -9.078357 -1.000000
927.000000 128.014699 -7.726831 -25000.000000
928.000000 128.022870 -8.515234 -10856.710861
929.000000 128.029903 -7.838114 -22990.044672
930.000000 128.045107 -7.949396 -20980.089344
931.000000 128.059294 -8.736180 -6616.916189
932.000000 128.060311 -8.060679 -18970.134017
933.000000 128.076406 -8.172085 -16970.996667
934.000000 128.092109 -8.957206 -2206.305396
935.000000 128.096423 -8.282518 -14936.507391
936.000000 128.116439 -8.392951 -12902.018115
937.000000 128.136455 -8.503384 -10867.528839
938.000000 128.142597 -7.826140 -22990.044672
939.000000 128.155097 -8.614210 -8810.703877
940.000000 128.171504 -8.724723 -6605.398481
941.000000 128.173896 -8.048829 -18980.951995
942.000000 128.187912 -8.835235 -4400.093085
943.000000 128.204320 -8.945748 -2194.787688
944.000000 128.210008 -8.270668 -14947.325369
945.000000 128.220194 -9.056620 -1.000000
946.000000 128.240086 -7.702883 -25000.000000
947.000000 128.248666 -8.491926 -10856.011131
948.000000 128.255290 -7.814166 -22990.044672
949.000000 128.271386 -7.925572 -20990.907323
950.000000 128.283715 -8.713265 -6593.880773
951.000000 128.287481 -8.036979 -18991.769973
952.000000 128.303576 -8.148385 -16992.632623
953.000000 128.315997 -8.934650 -2194.787688
954.000000 128.323593 -8.258818 -14958.143347
955.000000 128.342234 -8.369643 -12901.318385
956.000000 128.360876 -8.480469 -10844.493423
957.000000 128.368875 -7.802316 -23000.862650
958.000000 128.379518 -8.591295 -8787.668461
959.000000 128.395925 -8.701808 -6582.363065
960.000000 128.401066 -8.025128 -19002.587951
961.000000 128.411800 -8.812680 -4388.575377
962.000000 128.427674 -8.923552 -2194.787688
963.000000 128.435803 -8.247360 -14946.625640
964.000000 128.443548 -9.034424 -1.000000
965.000000 128.461305 -7.675173 -25000.000000
966.000000 128.473087 -8.469011 -10832.975716
967.000000 128.477401 -7.786579 -23000.862650
968.000000 128.493496 -7.897985 -21001.725301
969.000000 128.507602 -8.690709 -6582.363065
970.000000 128.509592 -8.009391 -19002.587951
971.000000 128.527566 -8.120421 -17003.416209
972.000000 128.539351 -8.912453 -2194.787688
973.000000 128.546207 -8.231247 -14946.591247
974.000000 128.564849 -8.342072 -12889.766285
975.000000 128.583491 -8.452898 -10832.941323
976.000000 128.585926 -7.770842 -23000.862650
977.000000 128.602289 -8.563590 -8781.982981
978.000000 128.618163 -8.674462 -6588.195293
979.000000 128.619996 -7.993278 -19002.553559
980.000000 128.634037 -8.785334 -4394.407605
981.000000 128.649911 -8.896206 -2200.619916
982.000000 128.656612 -8.215133 -14946.556854
983.000000 128.668319 -9.006586 -1.000000
984.000000 128.678356 -7.643700 -25000.000000
985.000000 128.694051 -8.436651 -10838.773551
986.000000 128.694451 -7.755106 -23000.862650
987.000000 128.712426 -7.866135 -21001.690908
988.000000 128.728723 -8.658215 -6594.027521
989.000000 128.730400 -7.977165 -19002.519166
990.000000 128.748374 -8.088194 -17003.347424
991.000000 128.763005 -8.879467 -2200.619916
992.000000 128.767016 -8.199020 -14946.522462
993.000000 128.785814 -8.309711 -12895.564120
994.000000 128.804611 -8.420403 -10844.605778
995.000000 128.804856 -7.738992 -23000.828258
996.000000 128.823409 -8.531095 -8793.647437
997.000000 128.839283 -8.641967 -6599.859748
998.000000 128.840804 -7.961051 -19002.484773
999.000000 128.857691 -8.752347 -4400.239832
1000.000000 128.876098 -8.862727 -2200.619916
1001.000000 128.877576 -8.182772 -14952.354689
1002.000000 128.893174 -7.611760 -25000.000000
1003.000000 128.894506 -8.973107 -1.000000
1004.000000 128.911149 -7.722789 -23000.828258
1005.000000 128.915172 -8.404156 -10850.438006
1006.000000 128.929123 -7.833819 -21001.656515
1007.000000 128.947097 -7.944848 -19002.484773
1008.000000 128.952377 -8.625228 -6599.859748
1009.000000 128.966883 -8.054318 -16977.800927
1010.000000 128.985681 -8.165010 -14926.842585
1011.000000 128.989192 -8.845988 -2200.619916
1012.000000 129.004479 -8.275702 -12875.884244
1013.000000 129.017442 -7.706586 -23000.828258
1014.000000 129.023277 -8.386394 -10824.925902
1015.000000 129.044756 -8.495424 -8786.373141
1016.000000 129.055202 -7.927086 -18976.972669
1017.000000 129.065755 -8.604172 -6599.859748
1018.000000 129.084163 -8.714552 -4400.239832
1019.000000 129.093786 -8.147248 -14901.330481
1020.000000 129.102570 -8.824932 -2200.619916
1021.000000 129.105760 -7.579353 -25000.000000
1022.000000 129.120978 -8.935312 -1.000000
1023.000000 129.123735 -7.690383 -23000.828258
1024.000000 129.134064 -8.366970 -10811.819379
1025.000000 129.143521 -7.799853 -20976.144411
1026.000000 129.163307 -7.909324 -18951.460565
1027.000000 129.176542 -8.584748 -6586.753225
1028.000000 129.183094 -8.018794 -16926.776719
1029.000000 129.201892 -8.129486 -14875.818377
1030.000000 129.215948 -8.803876 -2200.619916
1031.000000 129.223371 -8.238516 -12837.265616
1032.000000 129.231840 -7.672621 -22975.316154
1033.000000 129.244851 -8.347545 -10798.712855
1034.000000 129.266330 -8.456575 -8760.160095
1035.000000 129.271412 -7.891562 -18925.948461
1036.000000 129.287329 -8.565323 -6573.646702
1037.000000 129.308328 -8.674072 -4387.133309
1038.000000 129.312679 -8.110062 -14862.711854
1039.000000 129.319860 -7.545310 -25000.000000
1040.000000 129.329326 -8.782820 -2200.619916
1041.000000 129.339646 -7.654780 -22975.316154
1042.000000 129.347734 -8.893200 -1.000000
1043.000000 129.355638 -8.328121 -10785.606332
1044.000000 129.359433 -7.764251 -20950.632307
1045.000000 129.379219 -7.873721 -18925.948461
1046.000000 129.398116 -8.545899 -6560.540179
1047.000000 129.401997 -7.981837 -16856.462590
1048.000000 129.423476 -8.090866 -14817.909829
1049.000000 129.440113 -8.763396 -2187.513393
1050.000000 129.444956 -8.199896 -12779.357068
1051.000000 129.447453 -7.636940 -22975.316154
1052.000000 129.466436 -8.308926 -10740.804308
1053.000000 129.489559 -8.416922 -8706.968012
1054.000000 129.490017 -7.854526 -18881.146436
1055.000000 129.510558 -8.525670 -6520.454619
1056.000000 129.531556 -8.634419 -4333.941226
1057.000000 129.534274 -8.071671 -14773.107805
1058.000000 129.535473 -7.509630 -25000.000000
1059.000000 129.552555 -8.743167 -2147.427833
1060.000000 129.555259 -7.619100 -22975.316154
1061.000000 129.575024 -8.850989 -1.000000
1062.000000 129.578037 -7.727215 -20905.830283
1063.000000 129.578877 -8.288697 -10700.718748
1064.000000 129.600815 -7.835331 -18836.344412
1065.000000 129.622999 -8.505442 -6480.369060
1066.000000 129.623592 -7.943446 -16766.858541
1067.000000 129.645072 -8.052475 -14728.305780
1068.000000 129.666057 -7.599905 -22930.514129
1069.000000 129.666467 -8.722012 -2147.427833
1070.000000 129.668195 -8.160472 -12694.469485
1071.000000 129.691319 -8.268468 -10660.633189
1072.000000 129.711612 -7.816135 -18791.542387
1073.000000 129.714442 -8.376465 -8626.796893
1074.000000 129.735441 -8.485213 -6440.283500
1075.000000 129.751453 -7.469852 -25000.000000
1076.000000 129.757514 -8.032247 -14688.220221
1077.000000 129.757910 -8.593035 -4293.855667
1078.000000 129.774231 -7.577967 -22930.514129
1079.000000 129.780379 -8.700857 -2147.427833
1080.000000 129.797009 -7.686083 -20861.028258
1081.000000 129.802849 -8.808679 -1.000000
1082.000000 129.803760 -8.248240 -10620.547629
1083.000000 129.819786 -7.794198 -18791.542387
1084.000000 129.845036 -7.900239 -16694.854645
1085.000000 129.849353 -8.464058 -6440.283500
1086.000000 129.869162 -8.006512 -14685.235738
1087.000000 129.882405 -7.556030 -22930.514129
1088.000000 129.892285 -8.114509 -12651.399442
1089.000000 129.894292 -8.679702 -2147.427833
1090.000000 129.915409 -8.222505 -10617.563146
1091.000000 129.930433 -7.770187 -18764.340516
1092.000000 129.938532 -8.330502 -8583.726850
1093.000000 129.961240 -8.436598 -6440.283500
1094.000000 129.967801 -7.425977 -25000.000000
1095.000000 129.979808 -7.982501 -14658.033866
1096.000000 129.983709 -8.544420 -4293.855667
1097.000000 129.990579 -7.534093 -22930.514129
1098.000000 130.006179 -8.652242 -2147.427833
1099.000000 130.015829 -7.640134 -20833.826386
1100.000000 130.027057 -8.196771 -10614.578663
1101.000000 130.028648 -8.760064 -1.000000
1102.000000 130.041079 -7.746176 -18737.138644
1103.000000 130.066329 -7.852217 -16640.450901
1104.000000 130.072889 -8.410864 -6437.299017
1105.000000 130.090454 -7.958490 -14630.831994
1106.000000 130.101225 -7.510082 -22903.312257
1107.000000 130.114580 -8.064763 -12621.213087
1108.000000 130.118066 -8.624783 -2147.427833
1109.000000 130.138706 -8.171037 -10611.594180
1110.000000 130.151725 -7.722165 -18709.936772
1111.000000 130.161829 -8.279033 -8577.757884
1112.000000 130.181611 -7.382618 -25000.000000
1113.000000 130.184537 -8.385130 -6434.314534
1114.000000 130.201101 -7.934479 -14603.630122
1115.000000 130.206860 -7.488659 -22903.312257
1116.000000 130.207245 -8.491227 -4290.871184
1117.000000 130.229953 -8.597323 -2147.427833
1118.000000 130.232110 -7.594701 -20806.624515
1119.000000 130.249352 -8.147026 -10584.392308
1120.000000 130.252422 -8.705145 -1.000000
1121.000000 130.257360 -7.700742 -18709.936772
1122.000000 130.296185 -8.359396 -6431.330051
1123.000000 130.301187 -7.800592 -16540.381591
1124.000000 130.311092 -7.907781 -14574.198896
1125.000000 130.312496 -7.467236 -22903.312257
1126.000000 130.335217 -8.014054 -12564.579989
1127.000000 130.341601 -8.571589 -2144.443350
1128.000000 130.359343 -8.120327 -10554.961082
1129.000000 130.381572 -7.673128 -18637.069334
1130.000000 130.383469 -8.226601 -8545.342175
1131.000000 130.392881 -7.339772 -25000.000000
1132.000000 130.405232 -8.332277 -6431.330051
1133.000000 130.418131 -7.445814 -22903.312257
1134.000000 130.427940 -8.438373 -4287.886701
1135.000000 130.435303 -7.880167 -14501.331458
1136.000000 130.450647 -8.544470 -2144.443350
1137.000000 130.461958 -7.545664 -20733.757077
1138.000000 130.469334 -8.093629 -10525.529855
1139.000000 130.473355 -8.650567 -1.000000
1140.000000 130.505784 -7.645514 -18564.201896
1141.000000 130.515223 -8.305578 -6401.898824
1142.000000 130.542343 -7.418200 -22830.444819
1143.000000 130.549611 -7.745364 -16394.646715
1144.000000 130.559515 -7.852553 -14428.464020
1145.000000 130.559694 -8.517351 -2144.443350
1146.000000 130.569420 -7.959742 -12462.281324
1147.000000 130.579325 -8.066931 -10496.098629
1148.000000 130.603451 -8.173204 -8486.479722
1149.000000 130.625214 -8.278880 -6372.467598
1150.000000 130.629996 -7.617900 -18491.334458
1151.000000 130.646977 -8.384556 -4258.455474
1152.000000 130.668740 -8.490232 -2144.443350
1153.000000 130.683727 -7.824939 -14355.596582
1154.000000 130.691448 -8.596329 -1.000000
1155.000000 130.703537 -8.039317 -10423.231191
1156.000000 130.735205 -8.252182 -6343.036371
1157.000000 130.778731 -8.463534 -2115.012124
