1 15 172 176
2 22 214 217
3 23 236 232
4 26 238 231
5 5 105 109
6 5 103 102
7 11 147 151
8 10 134 135
9 4 92 93
10 10 135 132
11 2 79 76
12 2 78 79
13 10 128 127
14 8 118 114
15 10 132 128
16 20 203 201
17 11 151 152
18 13 161 166
19 15 176 179
20 17 193 195
21 17 190 193
22 17 188 190
23 19 208 210
24 25 245 243
25 14 162 163
26 24 226 219
27 21 220 227
28 25 243 244
29 6 106 104
30 3 91 96
31 12 148 146
32 12 146 141
33 6 104 99
34 11 145 144
35 3 89 88
36 4 90 85
37 7 119 123
38 7 117 119
39 9 131 133
40 22 211 209
41 14 160 156
42 14 163 160
43 16 175 173
44 20 201 198
45 18 189 187
46 15 179 181
47 22 215 211
48 23 235 242
49 53 167 171
50 67 223 221
51 72 224 229
52 74 240 237
53 35 107 108
54 34 95 98
55 47 149 150
56 44 142 139
57 32 100 97
58 45 140 136
59 29 84 80
60 28 86 83
61 41 122 125
62 39 116 115
63 43 130 129
64 64 207 204
65 49 157 154
66 51 164 165
67 55 177 178
68 61 199 197
69 59 191 192
70 58 183 186
71 65 213 212
72 75 239 241
73 52 168 170
74 71 235 228
75 68 215 222
76 73 230 233
77 36 113 111
78 31 90 94
79 48 155 153
80 47 147 143
81 35 105 101
82 46 138 137
83 30 82 81
84 31 91 87
85 39 118 121
86 38 110 112
87 42 124 126
88 65 208 206
89 51 161 158
90 53 172 169
91 56 182 180
92 63 205 200
93 60 196 194
94 57 184 185
95 68 220 216
96 71 226 234
97 53 171 172
98 67 221 214
99 72 229 236
100 74 237 238
101 35 108 105
102 34 98 103
103 47 150 147
104 44 139 134
105 32 97 92
106 45 136 135
107 29 80 79
108 28 83 78
109 41 125 128
110 39 115 118
111 43 129 132
112 64 204 203
113 49 154 151
114 51 165 161
115 55 178 176
116 61 197 193
117 59 192 190
118 58 186 188
119 65 212 208
120 75 241 245
121 52 167 162
122 71 223 226
123 68 224 220
124 73 240 243
125 36 107 106
126 31 95 91
127 48 149 148
128 47 142 146
129 35 100 104
130 46 140 145
131 30 84 89
132 31 86 90
133 39 122 119
134 38 116 117
135 42 130 131
136 65 207 211
137 51 157 160
138 53 164 163
139 56 177 175
140 63 199 201
141 60 191 189
142 57 183 179
143 68 213 215
144 71 239 235
145 52 170 167
146 71 228 223
147 68 222 224
148 73 233 240
149 36 111 107
150 31 94 95
151 48 153 149
152 47 143 142
153 35 101 100
154 46 137 140
155 30 81 84
156 31 87 86
157 39 121 122
158 38 112 116
159 42 126 130
160 65 206 207
161 51 158 157
162 53 169 164
163 56 180 177
164 63 200 199
165 60 194 191
166 57 185 183
167 68 216 213
168 71 234 239
169 16 173 168
170 23 232 235
171 22 217 215
172 24 225 230
173 8 114 113
174 4 93 90
175 14 156 155
176 11 144 147
177 5 102 105
178 9 133 138
179 1 77 82
180 3 88 91
181 8 120 118
182 5 109 110
183 7 123 124
184 19 205 208
185 13 159 161
186 15 174 172
187 18 184 182
188 19 202 205
189 20 198 196
190 18 187 184
191 21 218 220
192 24 230 226
193 172 171 176
194 214 221 217
195 236 229 232
196 238 237 231
197 105 108 109
198 103 98 102
199 147 150 151
200 134 139 135
201 92 97 93
202 135 136 132
203 79 80 76
204 78 83 79
205 128 125 127
206 118 115 114
207 132 129 128
208 203 204 201
209 151 154 152
210 161 165 166
211 176 178 179
212 193 197 195
213 190 192 193
214 188 186 190
215 208 212 210
216 245 241 243
217 162 167 163
218 226 223 219
219 220 224 227
220 243 240 244
221 106 107 104
222 91 95 96
223 148 149 146
224 146 142 141
225 104 100 99
226 145 140 144
227 89 84 88
228 90 86 85
229 119 122 123
230 117 116 119
231 131 130 133
232 211 207 209
233 160 157 156
234 163 164 160
235 175 177 173
236 201 199 198
237 189 191 187
238 179 183 181
239 215 213 211
240 235 239 242
241 167 170 171
242 223 228 221
243 224 222 229
244 240 233 237
245 107 111 108
246 95 94 98
247 149 153 150
248 142 143 139
249 100 101 97
250 140 137 136
251 84 81 80
252 86 87 83
253 122 121 125
254 116 112 115
255 130 126 129
256 207 206 204
257 157 158 154
258 164 169 165
259 177 180 178
260 199 200 197
261 191 194 192
262 183 185 186
263 213 216 212
264 239 234 241
265 168 173 170
266 235 232 228
267 215 217 222
268 230 225 233
269 113 114 111
270 90 93 94
271 155 156 153
272 147 144 143
273 105 102 101
274 138 133 137
275 82 77 81
276 91 88 87
277 118 120 121
278 110 109 112
279 124 123 126
280 208 205 206
281 161 159 158
282 172 174 169
283 182 184 180
284 205 202 200
285 196 198 194
286 184 187 185
287 220 218 216
288 226 230 234
289 171 55 176
290 221 69 217
291 229 69 232
292 237 70 231
293 108 37 109
294 98 33 102
295 150 49 151
296 139 45 135
297 97 33 93
298 136 43 132
299 80 27 76
300 83 29 79
301 125 40 127
302 115 37 114
303 129 41 128
304 204 63 201
305 154 50 152
306 165 54 166
307 178 57 179
308 197 62 195
309 192 61 193
310 186 59 190
311 212 66 210
312 241 73 243
313 167 53 163
314 223 67 219
315 224 72 227
316 240 74 244
317 107 35 104
318 95 34 96
319 149 47 146
320 142 44 141
321 100 32 99
322 140 45 144
323 84 29 88
324 86 28 85
325 122 41 123
326 116 39 119
327 130 43 133
328 207 64 209
329 157 49 156
330 164 51 160
331 177 55 173
332 199 61 198
333 191 59 187
334 183 58 181
335 213 65 211
336 239 75 242
337 170 55 171
338 228 69 221
339 222 69 229
340 233 70 237
341 111 37 108
342 94 33 98
343 153 49 150
344 143 45 139
345 101 33 97
346 137 43 136
347 81 27 80
348 87 29 83
349 121 40 125
350 112 37 115
351 126 41 129
352 206 63 204
353 158 50 154
354 169 54 165
355 180 57 178
356 200 62 197
357 194 61 192
358 185 59 186
359 216 66 212
360 234 73 241
361 173 55 170
362 232 69 228
363 217 69 222
364 225 70 233
365 114 37 111
366 93 33 94
367 156 49 153
368 144 45 143
369 102 33 101
370 133 43 137
371 77 27 81
372 88 29 87
373 120 40 121
374 109 37 112
375 123 41 126
376 205 63 206
377 159 50 158
378 174 54 169
379 184 57 180
380 202 62 200
381 198 61 194
382 187 59 185
383 218 66 216
384 230 73 234
