1 32 232 234
2 35 214 212
3 46 136 139
4 42 162 166
5 37 198 195
6 30 246 248
7 16 346 348
8 12 369 370
9 23 297 295
10 27 269 268
11 5 422 417
12 42 159 162
13 42 157 159
14 38 187 190
15 36 201 204
16 46 139 137
17 40 171 176
18 38 185 187
19 33 228 226
20 36 204 206
21 34 218 220
22 29 256 254
23 22 298 300
24 28 260 262
25 31 242 240
26 24 286 289
27 10 383 384
28 8 397 398
29 7 403 401
30 7 408 403
31 2 439 444
32 5 417 414
33 3 431 428
34 1 442 443
35 12 370 374
36 16 341 342
37 10 384 388
38 26 275 277
39 14 356 360
40 17 330 332
41 20 312 314
42 20 314 317
43 16 342 346
44 18 326 331
45 31 240 237
46 33 223 221
47 45 143 138
48 41 172 167
49 36 199 201
50 29 254 251
51 15 351 347
52 14 360 362
53 21 306 304
54 25 278 276
55 3 428 429
56 43 158 155
57 44 149 151
58 39 186 184
59 37 200 198
60 43 152 148
61 42 166 164
62 40 176 178
63 31 237 235
64 35 212 209
65 33 226 223
66 27 265 263
67 24 289 291
68 27 268 265
69 29 251 249
70 25 283 281
71 12 374 376
72 10 388 390
73 8 398 402
74 5 414 415
75 4 433 432
76 6 411 416
77 4 425 430
78 4 430 433
79 13 366 365
80 18 331 334
81 11 380 379
82 25 281 278
83 15 352 351
84 20 317 321
85 22 303 305
86 21 311 309
87 17 338 337
88 20 321 319
89 75 238 236
90 70 219 216
91 47 141 140
92 55 170 168
93 65 197 196
94 79 252 250
95 107 350 349
96 112 363 367
97 94 302 299
98 86 274 271
99 130 424 421
100 53 160 161
101 52 153 156
102 61 188 189
103 65 202 203
104 49 147 142
105 56 169 173
106 60 180 183
107 74 233 230
108 67 210 208
109 71 224 222
110 82 261 258
111 92 293 296
112 83 266 264
113 78 247 244
114 89 285 287
115 116 377 381
116 120 391 395
117 123 399 400
118 126 410 407
119 132 437 440
120 127 412 413
121 131 426 427
122 133 434 438
123 113 368 371
124 104 335 339
125 117 382 385
126 87 280 279
127 109 354 357
128 101 322 327
129 96 307 310
130 97 313 315
131 105 340 343
132 100 324 328
133 77 243 239
134 71 218 217
135 50 150 145
136 58 179 174
137 64 192 194
138 81 257 253
139 109 356 353
140 111 361 364
141 95 303 301
142 87 275 273
143 129 419 420
144 54 165 163
145 51 152 154
146 62 193 191
147 66 207 205
148 51 149 146
149 57 177 175
150 59 181 182
151 75 232 231
152 69 215 211
153 73 229 225
154 83 260 259
155 91 292 294
156 85 272 267
157 79 246 245
158 90 290 288
159 115 375 378
160 119 389 392
161 121 393 396
162 125 405 406
163 133 442 441
164 124 404 409
165 128 418 423
166 131 431 435
167 114 373 372
168 103 333 336
169 118 387 386
170 89 286 282
171 110 359 358
172 99 320 323
173 95 306 308
174 98 318 316
175 106 345 344
176 101 330 329
177 75 236 232
178 70 216 214
179 47 140 136
180 55 168 162
181 65 196 198
182 79 250 246
183 107 349 346
184 112 367 369
185 94 299 297
186 86 271 269
187 130 421 422
188 53 161 159
189 52 156 157
190 61 189 187
191 65 203 201
192 49 142 139
193 56 173 171
194 60 183 185
195 74 230 228
196 67 208 204
197 71 222 218
198 82 258 256
199 92 296 298
200 83 264 260
201 78 244 242
202 89 287 286
203 116 381 383
204 120 395 397
205 123 400 403
206 126 407 408
207 132 440 439
208 127 413 417
209 131 427 431
210 133 438 442
211 113 371 370
212 104 339 341
213 117 385 384
214 87 279 275
215 109 357 356
216 101 327 330
217 96 310 312
218 97 315 314
219 105 343 342
220 100 328 326
221 77 238 240
222 71 219 223
223 50 141 143
224 58 170 172
225 64 197 199
226 81 252 254
227 109 350 351
228 111 363 360
229 95 302 306
230 87 274 278
231 129 424 428
232 54 160 158
233 51 153 149
234 62 188 186
235 66 202 200
236 51 147 152
237 57 169 166
238 59 180 176
239 75 233 237
240 69 210 212
241 73 224 226
242 83 261 265
243 91 293 289
244 85 266 268
245 79 247 251
246 90 285 283
247 115 377 374
248 119 391 388
249 121 399 398
250 125 410 414
251 133 437 433
252 124 412 411
253 128 426 425
254 131 434 430
255 114 368 366
256 103 335 331
257 118 382 380
258 89 280 281
259 110 354 352
260 99 322 317
261 95 307 303
262 98 313 311
263 106 340 338
264 101 324 321
265 77 239 238
266 71 217 219
267 50 145 141
268 58 174 170
269 64 194 197
270 81 253 252
271 109 353 350
272 111 364 363
273 95 301 302
274 87 273 274
275 129 420 424
276 54 163 160
277 51 154 153
278 62 191 188
279 66 205 202
280 51 146 147
281 57 175 169
282 59 182 180
283 75 231 233
284 69 211 210
285 73 225 224
286 83 259 261
287 91 294 293
288 85 267 266
289 79 245 247
290 90 288 285
291 115 378 377
292 119 392 391
293 121 396 399
294 125 406 410
295 133 441 437
296 124 409 412
297 128 423 426
298 131 435 434
299 114 372 368
300 103 336 335
301 118 386 382
302 89 282 280
303 110 358 354
304 99 323 322
305 95 308 307
306 98 316 313
307 106 344 340
308 101 329 324
309 30 241 243
310 34 215 218
311 43 148 150
312 39 177 179
313 38 190 192
314 28 255 257
315 14 355 356
316 13 365 361
317 22 300 303
318 26 272 275
319 6 416 419
320 41 167 165
321 43 155 152
322 37 195 193
323 35 209 207
324 44 144 149
325 39 181 177
326 39 184 181
327 32 229 232
328 34 213 215
329 32 227 229
330 28 257 260
331 23 295 292
332 26 270 272
333 30 243 246
334 23 292 290
335 11 379 375
336 9 393 389
337 9 394 393
338 8 402 405
339 1 445 442
340 8 405 404
341 6 419 418
342 3 436 431
343 11 375 373
344 17 337 333
345 9 389 387
346 24 284 286
347 13 361 359
348 19 325 320
349 21 309 306
350 19 320 318
351 15 347 345
352 17 333 330
353 232 236 234
354 214 216 212
355 136 140 139
356 162 168 166
357 198 196 195
358 246 250 248
359 346 349 348
360 369 367 370
361 297 299 295
362 269 271 268
363 422 421 417
364 159 161 162
365 157 156 159
366 187 189 190
367 201 203 204
368 139 142 137
369 171 173 176
370 185 183 187
371 228 230 226
372 204 208 206
373 218 222 220
374 256 258 254
375 298 296 300
376 260 264 262
377 242 244 240
378 286 287 289
379 383 381 384
380 397 395 398
381 403 400 401
382 408 407 403
383 439 440 444
384 417 413 414
385 431 427 428
386 442 438 443
387 370 371 374
388 341 339 342
389 384 385 388
390 275 279 277
391 356 357 360
392 330 327 332
393 312 310 314
394 314 315 317
395 342 343 346
396 326 328 331
397 240 238 237
398 223 219 221
399 143 141 138
400 172 170 167
401 199 197 201
402 254 252 251
403 351 350 347
404 360 363 362
405 306 302 304
406 278 274 276
407 428 424 429
408 158 160 155
409 149 153 151
410 186 188 184
411 200 202 198
412 152 147 148
413 166 169 164
414 176 180 178
415 237 233 235
416 212 210 209
417 226 224 223
418 265 261 263
419 289 293 291
420 268 266 265
421 251 247 249
422 283 285 281
423 374 377 376
424 388 391 390
425 398 399 402
426 414 410 415
427 433 437 432
428 411 412 416
429 425 426 430
430 430 434 433
431 366 368 365
432 331 335 334
433 380 382 379
434 281 280 278
435 352 354 351
436 317 322 321
437 303 307 305
438 311 313 309
439 338 340 337
440 321 324 319
441 238 239 236
442 219 217 216
443 141 145 140
444 170 174 168
445 197 194 196
446 252 253 250
447 350 353 349
448 363 364 367
449 302 301 299
450 274 273 271
451 424 420 421
452 160 163 161
453 153 154 156
454 188 191 189
455 202 205 203
456 147 146 142
457 169 175 173
458 180 182 183
459 233 231 230
460 210 211 208
461 224 225 222
462 261 259 258
463 293 294 296
464 266 267 264
465 247 245 244
466 285 288 287
467 377 378 381
468 391 392 395
469 399 396 400
470 410 406 407
471 437 441 440
472 412 409 413
473 426 423 427
474 434 435 438
475 368 372 371
476 335 336 339
477 382 386 385
478 280 282 279
479 354 358 357
480 322 323 327
481 307 308 310
482 313 316 315
483 340 344 343
484 324 329 328
485 243 241 239
486 218 215 217
487 150 148 145
488 179 177 174
489 192 190 194
490 257 255 253
491 356 355 353
492 361 365 364
493 303 300 301
494 275 272 273
495 419 416 420
496 165 167 163
497 152 155 154
498 193 195 191
499 207 209 205
500 149 144 146
501 177 181 175
502 181 184 182
503 232 229 231
504 215 213 211
505 229 227 225
506 260 257 259
507 292 295 294
508 272 270 267
509 246 243 245
510 290 292 288
511 375 379 378
512 389 393 392
513 393 394 396
514 405 402 406
515 442 445 441
516 404 405 409
517 418 419 423
518 431 436 435
519 373 375 372
520 333 337 336
521 387 389 386
522 286 284 282
523 359 361 358
524 320 325 323
525 306 309 308
526 318 320 316
527 345 347 344
528 330 333 329
529 236 76 234
530 216 69 212
531 140 49 139
532 168 57 166
533 196 63 195
534 250 80 248
535 349 108 348
536 367 113 370
537 299 93 295
538 271 85 268
539 421 127 417
540 161 55 162
541 156 53 159
542 189 63 190
543 203 67 204
544 142 48 137
545 173 59 176
546 183 61 187
547 230 73 226
548 208 68 206
549 222 72 220
550 258 81 254
551 296 93 300
552 264 84 262
553 244 77 240
554 287 91 289
555 381 117 384
556 395 121 398
557 400 122 401
558 407 123 403
559 440 135 444
560 413 125 414
561 427 129 428
562 438 134 443
563 371 115 374
564 339 105 342
565 385 119 388
566 279 88 277
567 357 111 360
568 327 102 332
569 310 97 314
570 315 99 317
571 343 107 346
572 328 103 331
573 238 75 237
574 219 70 221
575 141 47 138
576 170 55 167
577 197 65 201
578 252 79 251
579 350 107 347
580 363 112 362
581 302 94 304
582 274 86 276
583 424 130 429
584 160 53 155
585 153 52 151
586 188 61 184
587 202 65 198
588 147 49 148
589 169 56 164
590 180 60 178
591 233 74 235
592 210 67 209
593 224 71 223
594 261 82 263
595 293 92 291
596 266 83 265
597 247 78 249
598 285 89 281
599 377 116 376
600 391 120 390
601 399 123 402
602 410 126 415
603 437 132 432
604 412 127 416
605 426 131 430
606 434 133 433
607 368 113 365
608 335 104 334
609 382 117 379
610 280 87 278
611 354 109 351
612 322 101 321
613 307 96 305
614 313 97 309
615 340 105 337
616 324 100 319
617 239 76 236
618 217 69 216
619 145 49 140
620 174 57 168
621 194 63 196
622 253 80 250
623 353 108 349
624 364 113 367
625 301 93 299
626 273 85 271
627 420 127 421
628 163 55 161
629 154 53 156
630 191 63 189
631 205 67 203
632 146 48 142
633 175 59 173
634 182 61 183
635 231 73 230
636 211 68 208
637 225 72 222
638 259 81 258
639 294 93 296
640 267 84 264
641 245 77 244
642 288 91 287
643 378 117 381
644 392 121 395
645 396 122 400
646 406 123 407
647 441 135 440
648 409 125 413
649 423 129 427
650 435 134 438
651 372 115 371
652 336 105 339
653 386 119 385
654 282 88 279
655 358 111 357
656 323 102 327
657 308 97 310
658 316 99 315
659 344 107 343
660 329 103 328
661 241 76 239
662 215 69 217
663 148 49 145
664 177 57 174
665 190 63 194
666 255 80 253
667 355 108 353
668 365 113 364
669 300 93 301
670 272 85 273
671 416 127 420
672 167 55 163
673 155 53 154
674 195 63 191
675 209 67 205
676 144 48 146
677 181 59 175
678 184 61 182
679 229 73 231
680 213 68 211
681 227 72 225
682 257 81 259
683 295 93 294
684 270 84 267
685 243 77 245
686 292 91 288
687 379 117 378
688 393 121 392
689 394 122 396
690 402 123 406
691 445 135 441
692 405 125 409
693 419 129 423
694 436 134 435
695 375 115 372
696 337 105 336
697 389 119 386
698 284 88 282
699 361 111 358
700 325 102 323
701 309 97 308
702 320 99 316
703 347 107 344
704 333 103 329
